500 9 1 1 1.0  9
500 9 1 2 1.0  8
500 9 1 3 1.0  18
500 9 1 4 1.0  18
500 9 2 1 1.0  18
500 9 2 2 1.0  18
500 9 2 3 1.0  18
500 9 2 4 1.0  -1
500 9 3 1 1.0  18
500 9 3 2 1.0  8
500 9 3 3 1.0  9
500 9 3 4 1.0  18
500 9 4 1 1.0  18
500 9 4 2 1.0  18
500 9 4 3 1.0  8
500 9 4 4 1.0  18
500 9 5 1 1.0  18
500 9 5 2 1.0  -1
500 9 5 3 1.0  18
500 9 5 4 1.0  9
500 9 6 1 1.0  16
500 9 6 2 1.0  18
500 9 6 3 1.0  8
500 9 6 4 1.0  9
500 9 7 1 1.0  18
500 9 7 2 1.0  4
500 9 7 3 1.0  18
500 9 7 4 1.0  18
500 9 8 1 1.0  18
500 9 8 2 1.0  8
500 9 8 3 1.0  4
500 9 8 4 1.0  18
500 9 9 1 1.0  18
500 9 9 2 1.0  2
500 9 9 3 1.0  8
500 9 9 4 1.0  18
500 9 10 1 1.0  18
500 9 10 2 1.0  18
500 9 10 3 1.0  -1
500 9 10 4 1.0  9
500 9 11 1 1.0  18
500 9 11 2 1.0  18
500 9 11 3 1.0  -1
500 9 11 4 1.0  10
500 9 12 1 1.0  8
500 9 12 2 1.0  9
500 9 12 3 1.0  18
500 9 12 4 1.0  18
500 9 13 1 1.0  -1
500 9 13 2 1.0  18
500 9 13 3 1.0  18
500 9 13 4 1.0  8
500 9 14 1 1.0  18
500 9 14 2 1.0  3
500 9 14 3 1.0  18
500 9 14 4 1.0  18
500 9 15 1 1.0  18
500 9 15 2 1.0  -1
500 9 15 3 1.0  18
500 9 15 4 1.0  11
500 9 16 1 1.0  -1
500 9 16 2 1.0  18
500 9 16 3 1.0  18
500 9 16 4 1.0  9
500 9 17 1 1.0  18
500 9 17 2 1.0  10
500 9 17 3 1.0  18
500 9 17 4 1.0  9
500 9 18 1 1.0  18
500 9 18 2 1.0  18
500 9 18 3 1.0  -1
500 9 18 4 1.0  18
500 9 19 1 1.0  18
500 9 19 2 1.0  6
500 9 19 3 1.0  16
500 9 19 4 1.0  8
500 9 20 1 1.0  9
500 9 20 2 1.0  17
500 9 20 3 1.0  18
500 9 20 4 1.0  6
500 9 21 1 1.0  10
500 9 21 2 1.0  6
500 9 21 3 1.0  9
500 9 21 4 1.0  -1
500 9 22 1 1.0  -1
500 9 22 2 1.0  10
500 9 22 3 1.0  18
500 9 22 4 1.0  18
500 9 23 1 1.0  -1
500 9 23 2 1.0  9
500 9 23 3 1.0  18
500 9 23 4 1.0  18
500 9 24 1 1.0  18
500 9 24 2 1.0  -1
500 9 24 3 1.0  18
500 9 24 4 1.0  18
500 9 25 1 1.0  18
500 9 25 2 1.0  -1
500 9 25 3 1.0  18
500 9 25 4 1.0  18
1000 9 1 1 1.0  36
1000 9 1 2 1.0  18
1000 9 1 3 1.0  18
1000 9 1 4 1.0  18
1000 9 2 1 1.0  18
1000 9 2 2 1.0  18
1000 9 2 3 1.0  36
1000 9 2 4 1.0  3
1000 9 3 1 1.0  -1
1000 9 3 2 1.0  36
1000 9 3 3 1.0  18
1000 9 3 4 1.0  18
1000 9 4 1 1.0  36
1000 9 4 2 1.0  -1
1000 9 4 3 1.0  4
1000 9 4 4 1.0  36
1000 9 5 1 1.0  -1
1000 9 5 2 1.0  7
1000 9 5 3 1.0  36
1000 9 5 4 1.0  36
1000 9 6 1 1.0  -1
1000 9 6 2 1.0  36
1000 9 6 3 1.0  -1
1000 9 6 4 1.0  36
1000 9 7 1 1.0  -1
1000 9 7 2 1.0  36
1000 9 7 3 1.0  -1
1000 9 7 4 1.0  36
1000 9 8 1 1.0  18
1000 9 8 2 1.0  -1
1000 9 8 3 1.0  36
1000 9 8 4 1.0  18
1000 9 9 1 1.0  36
1000 9 9 2 1.0  -1
1000 9 9 3 1.0  -1
1000 9 9 4 1.0  36
1000 9 10 1 1.0  32
1000 9 10 2 1.0  36
1000 9 10 3 1.0  18
1000 9 10 4 1.0  -1
1000 9 11 1 1.0  10
1000 9 11 2 1.0  36
1000 9 11 3 1.0  36
1000 9 11 4 1.0  9
1000 9 12 1 1.0  36
1000 9 12 2 1.0  -1
1000 9 12 3 1.0  36
1000 9 12 4 1.0  -1
1000 9 13 1 1.0  -1
1000 9 13 2 1.0  7
1000 9 13 3 1.0  8
1000 9 13 4 1.0  -1
1000 9 14 1 1.0  36
1000 9 14 2 1.0  36
1000 9 14 3 1.0  18
1000 9 14 4 1.0  -1
1000 9 15 1 1.0  -1
1000 9 15 2 1.0  36
1000 9 15 3 1.0  36
1000 9 15 4 1.0  10
1000 9 16 1 1.0  -1
1000 9 16 2 1.0  36
1000 9 16 3 1.0  36
1000 9 16 4 1.0  8
1000 9 17 1 1.0  36
1000 9 17 2 1.0  36
1000 9 17 3 1.0  -1
1000 9 17 4 1.0  -1
1000 9 18 1 1.0  36
1000 9 18 2 1.0  18
1000 9 18 3 1.0  36
1000 9 18 4 1.0  10
1000 9 19 1 1.0  -1
1000 9 19 2 1.0  36
1000 9 19 3 1.0  36
1000 9 19 4 1.0  -1
1000 9 20 1 1.0  36
1000 9 20 2 1.0  18
1000 9 20 3 1.0  -1
1000 9 20 4 1.0  36
1000 9 21 1 1.0  8
1000 9 21 2 1.0  36
1000 9 21 3 1.0  -1
1000 9 21 4 1.0  36
1000 9 22 1 1.0  36
1000 9 22 2 1.0  -1
1000 9 22 3 1.0  36
1000 9 22 4 1.0  -1
1000 9 23 1 1.0  36
1000 9 23 2 1.0  18
1000 9 23 3 1.0  -1
1000 9 23 4 1.0  36
1000 9 24 1 1.0  18
1000 9 24 2 1.0  36
1000 9 24 3 1.0  9
1000 9 24 4 1.0  18
1000 9 25 1 1.0  3
1000 9 25 2 1.0  4
1000 9 25 3 1.0  36
1000 9 25 4 1.0  36
1500 9 1 1 1.0  36
1500 9 1 2 1.0  18
1500 9 1 3 1.0  18
1500 9 1 4 1.0  18
1500 9 2 1 1.0  36
1500 9 2 2 1.0  -1
1500 9 2 3 1.0  40
1500 9 2 4 1.0  14
1500 9 3 1 1.0  36
1500 9 3 2 1.0  19
1500 9 3 3 1.0  36
1500 9 3 4 1.0  18
1500 9 4 1 1.0  36
1500 9 4 2 1.0  36
1500 9 4 3 1.0  15
1500 9 4 4 1.0  -1
1500 9 5 1 1.0  36
1500 9 5 2 1.0  19
1500 9 5 3 1.0  36
1500 9 5 4 1.0  18
1500 9 6 1 1.0  36
1500 9 6 2 1.0  36
1500 9 6 3 1.0  -1
1500 9 6 4 1.0  18
1500 9 7 1 1.0  3
1500 9 7 2 1.0  18
1500 9 7 3 1.0  36
1500 9 7 4 1.0  36
1500 9 8 1 1.0  18
1500 9 8 2 1.0  36
1500 9 8 3 1.0  36
1500 9 8 4 1.0  -1
1500 9 9 1 1.0  36
1500 9 9 2 1.0  4
1500 9 9 3 1.0  18
1500 9 9 4 1.0  36
1500 9 10 1 1.0  32
1500 9 10 2 1.0  36
1500 9 10 3 1.0  18
1500 9 10 4 1.0  -1
1500 9 11 1 1.0  10
1500 9 11 2 1.0  36
1500 9 11 3 1.0  36
1500 9 11 4 1.0  9
1500 9 12 1 1.0  36
1500 9 12 2 1.0  -1
1500 9 12 3 1.0  14
1500 9 12 4 1.0  36
1500 9 13 1 1.0  8
1500 9 13 2 1.0  36
1500 9 13 3 1.0  14
1500 9 13 4 1.0  36
1500 9 14 1 1.0  36
1500 9 14 2 1.0  36
1500 9 14 3 1.0  18
1500 9 14 4 1.0  -1
1500 9 15 1 1.0  -1
1500 9 15 2 1.0  -1
1500 9 15 3 1.0  3
1500 9 15 4 1.0  -1
1500 9 16 1 1.0  36
1500 9 16 2 1.0  15
1500 9 16 3 1.0  36
1500 9 16 4 1.0  10
1500 9 17 1 1.0  18
1500 9 17 2 1.0  3
1500 9 17 3 1.0  36
1500 9 17 4 1.0  36
1500 9 18 1 1.0  36
1500 9 18 2 1.0  18
1500 9 18 3 1.0  36
1500 9 18 4 1.0  10
1500 9 19 1 1.0  36
1500 9 19 2 1.0  14
1500 9 19 3 1.0  36
1500 9 19 4 1.0  18
1500 9 20 1 1.0  36
1500 9 20 2 1.0  18
1500 9 20 3 1.0  -1
1500 9 20 4 1.0  36
1500 9 21 1 1.0  36
1500 9 21 2 1.0  -1
1500 9 21 3 1.0  36
1500 9 21 4 1.0  18
1500 9 22 1 1.0  18
1500 9 22 2 1.0  -1
1500 9 22 3 1.0  36
1500 9 22 4 1.0  36
1500 9 23 1 1.0  36
1500 9 23 2 1.0  18
1500 9 23 3 1.0  -1
1500 9 23 4 1.0  36
1500 9 24 1 1.0  9
1500 9 24 2 1.0  36
1500 9 24 3 1.0  36
1500 9 24 4 1.0  8
1500 9 25 1 1.0  19
1500 9 25 2 1.0  19
1500 9 25 3 1.0  14
1500 9 25 4 1.0  36
2000 9 1 1 1.0  36
2000 9 1 2 1.0  18
2000 9 1 3 1.0  18
2000 9 1 4 1.0  18
2000 9 2 1 1.0  36
2000 9 2 2 1.0  -1
2000 9 2 3 1.0  40
2000 9 2 4 1.0  14
2000 9 3 1 1.0  36
2000 9 3 2 1.0  19
2000 9 3 3 1.0  36
2000 9 3 4 1.0  18
2000 9 4 1 1.0  14
2000 9 4 2 1.0  36
2000 9 4 3 1.0  36
2000 9 4 4 1.0  9
2000 9 5 1 1.0  36
2000 9 5 2 1.0  19
2000 9 5 3 1.0  36
2000 9 5 4 1.0  18
2000 9 6 1 1.0  36
2000 9 6 2 1.0  36
2000 9 6 3 1.0  -1
2000 9 6 4 1.0  18
2000 9 7 1 1.0  3
2000 9 7 2 1.0  18
2000 9 7 3 1.0  36
2000 9 7 4 1.0  36
2000 9 8 1 1.0  18
2000 9 8 2 1.0  36
2000 9 8 3 1.0  36
2000 9 8 4 1.0  -1
2000 9 9 1 1.0  36
2000 9 9 2 1.0  4
2000 9 9 3 1.0  18
2000 9 9 4 1.0  36
2000 9 10 1 1.0  17
2000 9 10 2 1.0  36
2000 9 10 3 1.0  3
2000 9 10 4 1.0  36
2000 9 11 1 1.0  10
2000 9 11 2 1.0  36
2000 9 11 3 1.0  36
2000 9 11 4 1.0  9
2000 9 12 1 1.0  36
2000 9 12 2 1.0  18
2000 9 12 3 1.0  14
2000 9 12 4 1.0  36
2000 9 13 1 1.0  8
2000 9 13 2 1.0  36
2000 9 13 3 1.0  14
2000 9 13 4 1.0  36
2000 9 14 1 1.0  36
2000 9 14 2 1.0  36
2000 9 14 3 1.0  18
2000 9 14 4 1.0  -1
2000 9 15 1 1.0  18
2000 9 15 2 1.0  19
2000 9 15 3 1.0  18
2000 9 15 4 1.0  36
2000 9 16 1 1.0  36
2000 9 16 2 1.0  15
2000 9 16 3 1.0  36
2000 9 16 4 1.0  10
2000 9 17 1 1.0  18
2000 9 17 2 1.0  3
2000 9 17 3 1.0  36
2000 9 17 4 1.0  36
2000 9 18 1 1.0  36
2000 9 18 2 1.0  18
2000 9 18 3 1.0  36
2000 9 18 4 1.0  10
2000 9 19 1 1.0  36
2000 9 19 2 1.0  14
2000 9 19 3 1.0  36
2000 9 19 4 1.0  18
2000 9 20 1 1.0  36
2000 9 20 2 1.0  18
2000 9 20 3 1.0  -1
2000 9 20 4 1.0  36
2000 9 21 1 1.0  36
2000 9 21 2 1.0  -1
2000 9 21 3 1.0  36
2000 9 21 4 1.0  18
2000 9 22 1 1.0  18
2000 9 22 2 1.0  -1
2000 9 22 3 1.0  36
2000 9 22 4 1.0  36
2000 9 23 1 1.0  36
2000 9 23 2 1.0  18
2000 9 23 3 1.0  -1
2000 9 23 4 1.0  36
2000 9 24 1 1.0  -1
2000 9 24 2 1.0  36
2000 9 24 3 1.0  -1
2000 9 24 4 1.0  18
2000 9 25 1 1.0  18
2000 9 25 2 1.0  36
2000 9 25 3 1.0  36
2000 9 25 4 1.0  -1
2500 9 1 1 1.0  36
2500 9 1 2 1.0  -1
2500 9 1 3 1.0  36
2500 9 1 4 1.0  36
2500 9 2 1 1.0  36
2500 9 2 2 1.0  -1
2500 9 2 3 1.0  36
2500 9 2 4 1.0  36
2500 9 3 1 1.0  36
2500 9 3 2 1.0  36
2500 9 3 3 1.0  -1
2500 9 3 4 1.0  36
2500 9 4 1 1.0  36
2500 9 4 2 1.0  36
2500 9 4 3 1.0  36
2500 9 4 4 1.0  -1
2500 9 5 1 1.0  36
2500 9 5 2 1.0  19
2500 9 5 3 1.0  36
2500 9 5 4 1.0  18
2500 9 6 1 1.0  36
2500 9 6 2 1.0  36
2500 9 6 3 1.0  -1
2500 9 6 4 1.0  36
2500 9 7 1 1.0  36
2500 9 7 2 1.0  -1
2500 9 7 3 1.0  36
2500 9 7 4 1.0  36
2500 9 8 1 1.0  36
2500 9 8 2 1.0  36
2500 9 8 3 1.0  13
2500 9 8 4 1.0  36
2500 9 9 1 1.0  -1
2500 9 9 2 1.0  36
2500 9 9 3 1.0  36
2500 9 9 4 1.0  36
2500 9 10 1 1.0  36
2500 9 10 2 1.0  36
2500 9 10 3 1.0  -1
2500 9 10 4 1.0  36
2500 9 11 1 1.0  36
2500 9 11 2 1.0  13
2500 9 11 3 1.0  36
2500 9 11 4 1.0  32
2500 9 12 1 1.0  36
2500 9 12 2 1.0  -1
2500 9 12 3 1.0  36
2500 9 12 4 1.0  36
2500 9 13 1 1.0  36
2500 9 13 2 1.0  -1
2500 9 13 3 1.0  36
2500 9 13 4 1.0  36
2500 9 14 1 1.0  4
2500 9 14 2 1.0  36
2500 9 14 3 1.0  36
2500 9 14 4 1.0  36
2500 9 15 1 1.0  36
2500 9 15 2 1.0  36
2500 9 15 3 1.0  -1
2500 9 15 4 1.0  36
2500 9 16 1 1.0  36
2500 9 16 2 1.0  36
2500 9 16 3 1.0  36
2500 9 16 4 1.0  -1
2500 9 17 1 1.0  32
2500 9 17 2 1.0  36
2500 9 17 3 1.0  36
2500 9 17 4 1.0  36
2500 9 18 1 1.0  36
2500 9 18 2 1.0  36
2500 9 18 3 1.0  36
2500 9 18 4 1.0  36
2500 9 19 1 1.0  36
2500 9 19 2 1.0  36
2500 9 19 3 1.0  -1
2500 9 19 4 1.0  36
2500 9 20 1 1.0  36
2500 9 20 2 1.0  8
2500 9 20 3 1.0  36
2500 9 20 4 1.0  36
2500 9 21 1 1.0  36
2500 9 21 2 1.0  36
2500 9 21 3 1.0  -1
2500 9 21 4 1.0  36
2500 9 22 1 1.0  36
2500 9 22 2 1.0  36
2500 9 22 3 1.0  -1
2500 9 22 4 1.0  36
2500 9 23 1 1.0  36
2500 9 23 2 1.0  36
2500 9 23 3 1.0  36
2500 9 23 4 1.0  36
2500 9 24 1 1.0  -1
2500 9 24 2 1.0  36
2500 9 24 3 1.0  36
2500 9 24 4 1.0  36
2500 9 25 1 1.0  36
2500 9 25 2 1.0  20
2500 9 25 3 1.0  36
2500 9 25 4 1.0  20
3000 9 1 1 1.0  36
3000 9 1 2 1.0  36
3000 9 1 3 1.0  36
3000 9 1 4 1.0  2
3000 9 2 1 1.0  36
3000 9 2 2 1.0  36
3000 9 2 3 1.0  20
3000 9 2 4 1.0  36
3000 9 3 1 1.0  -1
3000 9 3 2 1.0  36
3000 9 3 3 1.0  36
3000 9 3 4 1.0  36
3000 9 4 1 1.0  36
3000 9 4 2 1.0  36
3000 9 4 3 1.0  -1
3000 9 4 4 1.0  36
3000 9 5 1 1.0  36
3000 9 5 2 1.0  3
3000 9 5 3 1.0  36
3000 9 5 4 1.0  36
3000 9 6 1 1.0  36
3000 9 6 2 1.0  36
3000 9 6 3 1.0  36
3000 9 6 4 1.0  36
3000 9 7 1 1.0  36
3000 9 7 2 1.0  36
3000 9 7 3 1.0  36
3000 9 7 4 1.0  36
3000 9 8 1 1.0  36
3000 9 8 2 1.0  36
3000 9 8 3 1.0  13
3000 9 8 4 1.0  36
3000 9 9 1 1.0  -1
3000 9 9 2 1.0  36
3000 9 9 3 1.0  36
3000 9 9 4 1.0  36
3000 9 10 1 1.0  36
3000 9 10 2 1.0  36
3000 9 10 3 1.0  36
3000 9 10 4 1.0  36
3000 9 11 1 1.0  36
3000 9 11 2 1.0  13
3000 9 11 3 1.0  36
3000 9 11 4 1.0  32
3000 9 12 1 1.0  36
3000 9 12 2 1.0  36
3000 9 12 3 1.0  36
3000 9 12 4 1.0  -1
3000 9 13 1 1.0  -1
3000 9 13 2 1.0  -1
3000 9 13 3 1.0  36
3000 9 13 4 1.0  -1
3000 9 14 1 1.0  4
3000 9 14 2 1.0  36
3000 9 14 3 1.0  36
3000 9 14 4 1.0  36
3000 9 15 1 1.0  36
3000 9 15 2 1.0  -1
3000 9 15 3 1.0  36
3000 9 15 4 1.0  36
3000 9 16 1 1.0  3
3000 9 16 2 1.0  36
3000 9 16 3 1.0  36
3000 9 16 4 1.0  36
3000 9 17 1 1.0  32
3000 9 17 2 1.0  36
3000 9 17 3 1.0  36
3000 9 17 4 1.0  36
3000 9 18 1 1.0  36
3000 9 18 2 1.0  36
3000 9 18 3 1.0  36
3000 9 18 4 1.0  36
3000 9 19 1 1.0  36
3000 9 19 2 1.0  36
3000 9 19 3 1.0  36
3000 9 19 4 1.0  -1
3000 9 20 1 1.0  36
3000 9 20 2 1.0  8
3000 9 20 3 1.0  36
3000 9 20 4 1.0  36
3000 9 21 1 1.0  36
3000 9 21 2 1.0  36
3000 9 21 3 1.0  36
3000 9 21 4 1.0  36
3000 9 22 1 1.0  -1
3000 9 22 2 1.0  36
3000 9 22 3 1.0  36
3000 9 22 4 1.0  36
3000 9 23 1 1.0  36
3000 9 23 2 1.0  36
3000 9 23 3 1.0  36
3000 9 23 4 1.0  36
3000 9 24 1 1.0  36
3000 9 24 2 1.0  -1
3000 9 24 3 1.0  36
3000 9 24 4 1.0  36
3000 9 25 1 1.0  36
3000 9 25 2 1.0  20
3000 9 25 3 1.0  36
3000 9 25 4 1.0  20
3500 9 1 1 1.0  36
3500 9 1 2 1.0  36
3500 9 1 3 1.0  13
3500 9 1 4 1.0  36
3500 9 2 1 1.0  36
3500 9 2 2 1.0  36
3500 9 2 3 1.0  20
3500 9 2 4 1.0  36
3500 9 3 1 1.0  36
3500 9 3 2 1.0  36
3500 9 3 3 1.0  36
3500 9 3 4 1.0  36
3500 9 4 1 1.0  36
3500 9 4 2 1.0  36
3500 9 4 3 1.0  36
3500 9 4 4 1.0  36
3500 9 5 1 1.0  36
3500 9 5 2 1.0  36
3500 9 5 3 1.0  36
3500 9 5 4 1.0  36
3500 9 6 1 1.0  36
3500 9 6 2 1.0  36
3500 9 6 3 1.0  36
3500 9 6 4 1.0  36
3500 9 7 1 1.0  36
3500 9 7 2 1.0  36
3500 9 7 3 1.0  36
3500 9 7 4 1.0  36
3500 9 8 1 1.0  36
3500 9 8 2 1.0  36
3500 9 8 3 1.0  13
3500 9 8 4 1.0  36
3500 9 9 1 1.0  36
3500 9 9 2 1.0  36
3500 9 9 3 1.0  36
3500 9 9 4 1.0  8
3500 9 10 1 1.0  36
3500 9 10 2 1.0  36
3500 9 10 3 1.0  36
3500 9 10 4 1.0  36
3500 9 11 1 1.0  36
3500 9 11 2 1.0  13
3500 9 11 3 1.0  36
3500 9 11 4 1.0  32
3500 9 12 1 1.0  36
3500 9 12 2 1.0  36
3500 9 12 3 1.0  36
3500 9 12 4 1.0  32
3500 9 13 1 1.0  36
3500 9 13 2 1.0  36
3500 9 13 3 1.0  36
3500 9 13 4 1.0  36
3500 9 14 1 1.0  13
3500 9 14 2 1.0  36
3500 9 14 3 1.0  36
3500 9 14 4 1.0  36
3500 9 15 1 1.0  8
3500 9 15 2 1.0  36
3500 9 15 3 1.0  36
3500 9 15 4 1.0  36
3500 9 16 1 1.0  36
3500 9 16 2 1.0  36
3500 9 16 3 1.0  20
3500 9 16 4 1.0  36
3500 9 17 1 1.0  32
3500 9 17 2 1.0  36
3500 9 17 3 1.0  36
3500 9 17 4 1.0  36
3500 9 18 1 1.0  36
3500 9 18 2 1.0  36
3500 9 18 3 1.0  36
3500 9 18 4 1.0  36
3500 9 19 1 1.0  36
3500 9 19 2 1.0  36
3500 9 19 3 1.0  36
3500 9 19 4 1.0  36
3500 9 20 1 1.0  -1
3500 9 20 2 1.0  -1
3500 9 20 3 1.0  -1
3500 9 20 4 1.0  -1
3500 9 21 1 1.0  36
3500 9 21 2 1.0  36
3500 9 21 3 1.0  36
3500 9 21 4 1.0  36
3500 9 22 1 1.0  36
3500 9 22 2 1.0  36
3500 9 22 3 1.0  36
3500 9 22 4 1.0  36
3500 9 23 1 1.0  36
3500 9 23 2 1.0  36
3500 9 23 3 1.0  36
3500 9 23 4 1.0  36
3500 9 24 1 1.0  36
3500 9 24 2 1.0  36
3500 9 24 3 1.0  36
3500 9 24 4 1.0  36
3500 9 25 1 1.0  36
3500 9 25 2 1.0  20
3500 9 25 3 1.0  36
3500 9 25 4 1.0  36
4000 9 1 1 1.0  36
4000 9 1 2 1.0  36
4000 9 1 3 1.0  36
4000 9 1 4 1.0  36
4000 9 2 1 1.0  36
4000 9 2 2 1.0  36
4000 9 2 3 1.0  20
4000 9 2 4 1.0  36
4000 9 3 1 1.0  36
4000 9 3 2 1.0  36
4000 9 3 3 1.0  36
4000 9 3 4 1.0  36
4000 9 4 1 1.0  36
4000 9 4 2 1.0  36
4000 9 4 3 1.0  36
4000 9 4 4 1.0  36
4000 9 5 1 1.0  36
4000 9 5 2 1.0  36
4000 9 5 3 1.0  36
4000 9 5 4 1.0  36
4000 9 6 1 1.0  36
4000 9 6 2 1.0  36
4000 9 6 3 1.0  36
4000 9 6 4 1.0  36
4000 9 7 1 1.0  36
4000 9 7 2 1.0  36
4000 9 7 3 1.0  36
4000 9 7 4 1.0  36
4000 9 8 1 1.0  -1
4000 9 8 2 1.0  -1
4000 9 8 3 1.0  36
4000 9 8 4 1.0  36
4000 9 9 1 1.0  36
4000 9 9 2 1.0  36
4000 9 9 3 1.0  36
4000 9 9 4 1.0  36
4000 9 10 1 1.0  36
4000 9 10 2 1.0  36
4000 9 10 3 1.0  36
4000 9 10 4 1.0  36
4000 9 11 1 1.0  36
4000 9 11 2 1.0  36
4000 9 11 3 1.0  36
4000 9 11 4 1.0  36
4000 9 12 1 1.0  36
4000 9 12 2 1.0  36
4000 9 12 3 1.0  36
4000 9 12 4 1.0  32
4000 9 13 1 1.0  36
4000 9 13 2 1.0  36
4000 9 13 3 1.0  36
4000 9 13 4 1.0  36
4000 9 14 1 1.0  13
4000 9 14 2 1.0  36
4000 9 14 3 1.0  36
4000 9 14 4 1.0  36
4000 9 15 1 1.0  18
4000 9 15 2 1.0  36
4000 9 15 3 1.0  36
4000 9 15 4 1.0  36
4000 9 16 1 1.0  36
4000 9 16 2 1.0  36
4000 9 16 3 1.0  20
4000 9 16 4 1.0  36
4000 9 17 1 1.0  32
4000 9 17 2 1.0  36
4000 9 17 3 1.0  36
4000 9 17 4 1.0  36
4000 9 18 1 1.0  36
4000 9 18 2 1.0  36
4000 9 18 3 1.0  36
4000 9 18 4 1.0  36
4000 9 19 1 1.0  36
4000 9 19 2 1.0  36
4000 9 19 3 1.0  36
4000 9 19 4 1.0  36
4000 9 20 1 1.0  36
4000 9 20 2 1.0  36
4000 9 20 3 1.0  36
4000 9 20 4 1.0  36
4000 9 21 1 1.0  36
4000 9 21 2 1.0  36
4000 9 21 3 1.0  36
4000 9 21 4 1.0  36
4000 9 22 1 1.0  36
4000 9 22 2 1.0  36
4000 9 22 3 1.0  36
4000 9 22 4 1.0  36
4000 9 23 1 1.0  36
4000 9 23 2 1.0  36
4000 9 23 3 1.0  36
4000 9 23 4 1.0  36
4000 9 24 1 1.0  36
4000 9 24 2 1.0  36
4000 9 24 3 1.0  36
4000 9 24 4 1.0  36
4000 9 25 1 1.0  36
4000 9 25 2 1.0  20
4000 9 25 3 1.0  36
4000 9 25 4 1.0  36
4500 9 1 1 1.0  36
4500 9 1 2 1.0  36
4500 9 1 3 1.0  36
4500 9 1 4 1.0  36
4500 9 2 1 1.0  -1
4500 9 2 2 1.0  -1
4500 9 2 3 1.0  36
4500 9 2 4 1.0  -1
4500 9 3 1 1.0  36
4500 9 3 2 1.0  36
4500 9 3 3 1.0  36
4500 9 3 4 1.0  36
4500 9 4 1 1.0  36
4500 9 4 2 1.0  36
4500 9 4 3 1.0  36
4500 9 4 4 1.0  36
4500 9 5 1 1.0  36
4500 9 5 2 1.0  36
4500 9 5 3 1.0  36
4500 9 5 4 1.0  36
4500 9 6 1 1.0  36
4500 9 6 2 1.0  36
4500 9 6 3 1.0  36
4500 9 6 4 1.0  36
4500 9 7 1 1.0  36
4500 9 7 2 1.0  36
4500 9 7 3 1.0  36
4500 9 7 4 1.0  36
4500 9 8 1 1.0  36
4500 9 8 2 1.0  36
4500 9 8 3 1.0  36
4500 9 8 4 1.0  36
4500 9 9 1 1.0  36
4500 9 9 2 1.0  36
4500 9 9 3 1.0  36
4500 9 9 4 1.0  36
4500 9 10 1 1.0  36
4500 9 10 2 1.0  36
4500 9 10 3 1.0  36
4500 9 10 4 1.0  36
4500 9 11 1 1.0  36
4500 9 11 2 1.0  36
4500 9 11 3 1.0  36
4500 9 11 4 1.0  36
4500 9 12 1 1.0  36
4500 9 12 2 1.0  36
4500 9 12 3 1.0  36
4500 9 12 4 1.0  32
4500 9 13 1 1.0  36
4500 9 13 2 1.0  36
4500 9 13 3 1.0  36
4500 9 13 4 1.0  36
4500 9 14 1 1.0  36
4500 9 14 2 1.0  36
4500 9 14 3 1.0  36
4500 9 14 4 1.0  36
4500 9 15 1 1.0  36
4500 9 15 2 1.0  32
4500 9 15 3 1.0  36
4500 9 15 4 1.0  36
4500 9 16 1 1.0  36
4500 9 16 2 1.0  36
4500 9 16 3 1.0  36
4500 9 16 4 1.0  36
4500 9 17 1 1.0  32
4500 9 17 2 1.0  36
4500 9 17 3 1.0  36
4500 9 17 4 1.0  36
4500 9 18 1 1.0  36
4500 9 18 2 1.0  36
4500 9 18 3 1.0  36
4500 9 18 4 1.0  36
4500 9 19 1 1.0  36
4500 9 19 2 1.0  36
4500 9 19 3 1.0  36
4500 9 19 4 1.0  36
4500 9 20 1 1.0  36
4500 9 20 2 1.0  36
4500 9 20 3 1.0  36
4500 9 20 4 1.0  36
4500 9 21 1 1.0  36
4500 9 21 2 1.0  36
4500 9 21 3 1.0  36
4500 9 21 4 1.0  36
4500 9 22 1 1.0  36
4500 9 22 2 1.0  36
4500 9 22 3 1.0  36
4500 9 22 4 1.0  36
4500 9 23 1 1.0  36
4500 9 23 2 1.0  36
4500 9 23 3 1.0  36
4500 9 23 4 1.0  36
4500 9 24 1 1.0  36
4500 9 24 2 1.0  36
4500 9 24 3 1.0  36
4500 9 24 4 1.0  36
4500 9 25 1 1.0  36
4500 9 25 2 1.0  36
4500 9 25 3 1.0  36
4500 9 25 4 1.0  36
5000 9 1 1 1.0  36
5000 9 1 2 1.0  36
5000 9 1 3 1.0  36
5000 9 1 4 1.0  36
5000 9 2 1 1.0  36
5000 9 2 2 1.0  36
5000 9 2 3 1.0  36
5000 9 2 4 1.0  36
5000 9 3 1 1.0  36
5000 9 3 2 1.0  36
5000 9 3 3 1.0  36
5000 9 3 4 1.0  36
5000 9 4 1 1.0  36
5000 9 4 2 1.0  36
5000 9 4 3 1.0  36
5000 9 4 4 1.0  36
5000 9 5 1 1.0  36
5000 9 5 2 1.0  36
5000 9 5 3 1.0  36
5000 9 5 4 1.0  36
5000 9 6 1 1.0  36
5000 9 6 2 1.0  36
5000 9 6 3 1.0  36
5000 9 6 4 1.0  36
5000 9 7 1 1.0  36
5000 9 7 2 1.0  36
5000 9 7 3 1.0  36
5000 9 7 4 1.0  36
5000 9 8 1 1.0  36
5000 9 8 2 1.0  36
5000 9 8 3 1.0  36
5000 9 8 4 1.0  36
5000 9 9 1 1.0  36
5000 9 9 2 1.0  36
5000 9 9 3 1.0  36
5000 9 9 4 1.0  36
5000 9 10 1 1.0  36
5000 9 10 2 1.0  36
5000 9 10 3 1.0  36
5000 9 10 4 1.0  36
5000 9 11 1 1.0  36
5000 9 11 2 1.0  36
5000 9 11 3 1.0  36
5000 9 11 4 1.0  36
5000 9 12 1 1.0  -1
5000 9 12 2 1.0  36
5000 9 12 3 1.0  -1
5000 9 12 4 1.0  -1
5000 9 13 1 1.0  36
5000 9 13 2 1.0  36
5000 9 13 3 1.0  36
5000 9 13 4 1.0  36
5000 9 14 1 1.0  36
5000 9 14 2 1.0  36
5000 9 14 3 1.0  36
5000 9 14 4 1.0  36
5000 9 15 1 1.0  36
5000 9 15 2 1.0  32
5000 9 15 3 1.0  36
5000 9 15 4 1.0  36
5000 9 16 1 1.0  36
5000 9 16 2 1.0  36
5000 9 16 3 1.0  36
5000 9 16 4 1.0  36
5000 9 17 1 1.0  36
5000 9 17 2 1.0  36
5000 9 17 3 1.0  36
5000 9 17 4 1.0  32
5000 9 18 1 1.0  36
5000 9 18 2 1.0  36
5000 9 18 3 1.0  36
5000 9 18 4 1.0  36
5000 9 19 1 1.0  36
5000 9 19 2 1.0  36
5000 9 19 3 1.0  36
5000 9 19 4 1.0  36
5000 9 20 1 1.0  36
5000 9 20 2 1.0  36
5000 9 20 3 1.0  36
5000 9 20 4 1.0  36
5000 9 21 1 1.0  36
5000 9 21 2 1.0  36
5000 9 21 3 1.0  36
5000 9 21 4 1.0  36
5000 9 22 1 1.0  36
5000 9 22 2 1.0  36
5000 9 22 3 1.0  36
5000 9 22 4 1.0  36
5000 9 23 1 1.0  36
5000 9 23 2 1.0  36
5000 9 23 3 1.0  36
5000 9 23 4 1.0  36
5000 9 24 1 1.0  36
5000 9 24 2 1.0  36
5000 9 24 3 1.0  36
5000 9 24 4 1.0  36
5000 9 25 1 1.0  36
5000 9 25 2 1.0  36
5000 9 25 3 1.0  36
5000 9 25 4 1.0  36
500 10 1 1 1.0  6
500 10 1 2 1.0  6
500 10 1 3 1.0  6
500 10 1 4 1.0  6
500 10 2 1 1.0  6
500 10 2 2 1.0  6
500 10 2 3 1.0  6
500 10 2 4 1.0  6
500 10 3 1 1.0  6
500 10 3 2 1.0  6
500 10 3 3 1.0  6
500 10 3 4 1.0  6
500 10 4 1 1.0  6
500 10 4 2 1.0  6
500 10 4 3 1.0  6
500 10 4 4 1.0  6
500 10 5 1 1.0  6
500 10 5 2 1.0  6
500 10 5 3 1.0  6
500 10 5 4 1.0  6
500 10 6 1 1.0  6
500 10 6 2 1.0  6
500 10 6 3 1.0  6
500 10 6 4 1.0  6
500 10 7 1 1.0  6
500 10 7 2 1.0  6
500 10 7 3 1.0  6
500 10 7 4 1.0  6
500 10 8 1 1.0  6
500 10 8 2 1.0  6
500 10 8 3 1.0  6
500 10 8 4 1.0  6
500 10 9 1 1.0  6
500 10 9 2 1.0  6
500 10 9 3 1.0  6
500 10 9 4 1.0  6
500 10 10 1 1.0  6
500 10 10 2 1.0  6
500 10 10 3 1.0  6
500 10 10 4 1.0  6
500 10 11 1 1.0  6
500 10 11 2 1.0  6
500 10 11 3 1.0  6
500 10 11 4 1.0  6
500 10 12 1 1.0  6
500 10 12 2 1.0  6
500 10 12 3 1.0  6
500 10 12 4 1.0  6
500 10 13 1 1.0  6
500 10 13 2 1.0  6
500 10 13 3 1.0  6
500 10 13 4 1.0  6
500 10 14 1 1.0  6
500 10 14 2 1.0  6
500 10 14 3 1.0  6
500 10 14 4 1.0  6
500 10 15 1 1.0  6
500 10 15 2 1.0  6
500 10 15 3 1.0  6
500 10 15 4 1.0  6
500 10 16 1 1.0  6
500 10 16 2 1.0  6
500 10 16 3 1.0  6
500 10 16 4 1.0  6
500 10 17 1 1.0  6
500 10 17 2 1.0  6
500 10 17 3 1.0  6
500 10 17 4 1.0  6
500 10 18 1 1.0  6
500 10 18 2 1.0  6
500 10 18 3 1.0  6
500 10 18 4 1.0  6
500 10 19 1 1.0  6
500 10 19 2 1.0  6
500 10 19 3 1.0  6
500 10 19 4 1.0  6
500 10 20 1 1.0  6
500 10 20 2 1.0  6
500 10 20 3 1.0  6
500 10 20 4 1.0  6
500 10 21 1 1.0  6
500 10 21 2 1.0  6
500 10 21 3 1.0  6
500 10 21 4 1.0  6
500 10 22 1 1.0  6
500 10 22 2 1.0  6
500 10 22 3 1.0  6
500 10 22 4 1.0  6
500 10 23 1 1.0  6
500 10 23 2 1.0  6
500 10 23 3 1.0  6
500 10 23 4 1.0  6
500 10 24 1 1.0  6
500 10 24 2 1.0  6
500 10 24 3 1.0  6
500 10 24 4 1.0  6
500 10 25 1 1.0  6
500 10 25 2 1.0  6
500 10 25 3 1.0  6
500 10 25 4 1.0  6
1000 10 1 1 1.0  16
1000 10 1 2 1.0  10
1000 10 1 3 1.0  -1
1000 10 1 4 1.0  12
1000 10 2 1 1.0  12
1000 10 2 2 1.0  12
1000 10 2 3 1.0  10
1000 10 2 4 1.0  9
1000 10 3 1 1.0  10
1000 10 3 2 1.0  -1
1000 10 3 3 1.0  9
1000 10 3 4 1.0  4
1000 10 4 1 1.0  10
1000 10 4 2 1.0  12
1000 10 4 3 1.0  10
1000 10 4 4 1.0  12
1000 10 5 1 1.0  12
1000 10 5 2 1.0  12
1000 10 5 3 1.0  8
1000 10 5 4 1.0  12
1000 10 6 1 1.0  12
1000 10 6 2 1.0  10
1000 10 6 3 1.0  12
1000 10 6 4 1.0  12
1000 10 7 1 1.0  12
1000 10 7 2 1.0  10
1000 10 7 3 1.0  12
1000 10 7 4 1.0  10
1000 10 8 1 1.0  12
1000 10 8 2 1.0  10
1000 10 8 3 1.0  12
1000 10 8 4 1.0  12
1000 10 9 1 1.0  6
1000 10 9 2 1.0  10
1000 10 9 3 1.0  12
1000 10 9 4 1.0  12
1000 10 10 1 1.0  12
1000 10 10 2 1.0  12
1000 10 10 3 1.0  12
1000 10 10 4 1.0  9
1000 10 11 1 1.0  -1
1000 10 11 2 1.0  12
1000 10 11 3 1.0  12
1000 10 11 4 1.0  12
1000 10 12 1 1.0  12
1000 10 12 2 1.0  10
1000 10 12 3 1.0  9
1000 10 12 4 1.0  8
1000 10 13 1 1.0  9
1000 10 13 2 1.0  21
1000 10 13 3 1.0  -1
1000 10 13 4 1.0  12
1000 10 14 1 1.0  12
1000 10 14 2 1.0  12
1000 10 14 3 1.0  8
1000 10 14 4 1.0  12
1000 10 15 1 1.0  11
1000 10 15 2 1.0  12
1000 10 15 3 1.0  12
1000 10 15 4 1.0  5
1000 10 16 1 1.0  12
1000 10 16 2 1.0  10
1000 10 16 3 1.0  12
1000 10 16 4 1.0  12
1000 10 17 1 1.0  12
1000 10 17 2 1.0  12
1000 10 17 3 1.0  12
1000 10 17 4 1.0  10
1000 10 18 1 1.0  8
1000 10 18 2 1.0  12
1000 10 18 3 1.0  12
1000 10 18 4 1.0  8
1000 10 19 1 1.0  10
1000 10 19 2 1.0  10
1000 10 19 3 1.0  10
1000 10 19 4 1.0  12
1000 10 20 1 1.0  9
1000 10 20 2 1.0  12
1000 10 20 3 1.0  8
1000 10 20 4 1.0  12
1000 10 21 1 1.0  12
1000 10 21 2 1.0  10
1000 10 21 3 1.0  11
1000 10 21 4 1.0  11
1000 10 22 1 1.0  3
1000 10 22 2 1.0  12
1000 10 22 3 1.0  10
1000 10 22 4 1.0  12
1000 10 23 1 1.0  9
1000 10 23 2 1.0  12
1000 10 23 3 1.0  8
1000 10 23 4 1.0  12
1000 10 24 1 1.0  12
1000 10 24 2 1.0  6
1000 10 24 3 1.0  10
1000 10 24 4 1.0  12
1000 10 25 1 1.0  9
1000 10 25 2 1.0  9
1000 10 25 3 1.0  12
1000 10 25 4 1.0  12
1500 10 1 1 1.0  -1
1500 10 1 2 1.0  21
1500 10 1 3 1.0  40
1500 10 1 4 1.0  -1
1500 10 2 1 1.0  -1
1500 10 2 2 1.0  12
1500 10 2 3 1.0  40
1500 10 2 4 1.0  40
1500 10 3 1 1.0  40
1500 10 3 2 1.0  15
1500 10 3 3 1.0  -1
1500 10 3 4 1.0  40
1500 10 4 1 1.0  15
1500 10 4 2 1.0  -1
1500 10 4 3 1.0  40
1500 10 4 4 1.0  40
1500 10 5 1 1.0  -1
1500 10 5 2 1.0  15
1500 10 5 3 1.0  40
1500 10 5 4 1.0  40
1500 10 6 1 1.0  12
1500 10 6 2 1.0  40
1500 10 6 3 1.0  -1
1500 10 6 4 1.0  40
1500 10 7 1 1.0  40
1500 10 7 2 1.0  12
1500 10 7 3 1.0  -1
1500 10 7 4 1.0  40
1500 10 8 1 1.0  -1
1500 10 8 2 1.0  40
1500 10 8 3 1.0  40
1500 10 8 4 1.0  40
1500 10 9 1 1.0  40
1500 10 9 2 1.0  21
1500 10 9 3 1.0  40
1500 10 9 4 1.0  -1
1500 10 10 1 1.0  40
1500 10 10 2 1.0  40
1500 10 10 3 1.0  40
1500 10 10 4 1.0  -1
1500 10 11 1 1.0  40
1500 10 11 2 1.0  9
1500 10 11 3 1.0  15
1500 10 11 4 1.0  40
1500 10 12 1 1.0  40
1500 10 12 2 1.0  40
1500 10 12 3 1.0  -1
1500 10 12 4 1.0  26
1500 10 13 1 1.0  40
1500 10 13 2 1.0  40
1500 10 13 3 1.0  12
1500 10 13 4 1.0  -1
1500 10 14 1 1.0  -1
1500 10 14 2 1.0  40
1500 10 14 3 1.0  13
1500 10 14 4 1.0  40
1500 10 15 1 1.0  40
1500 10 15 2 1.0  15
1500 10 15 3 1.0  40
1500 10 15 4 1.0  40
1500 10 16 1 1.0  40
1500 10 16 2 1.0  -1
1500 10 16 3 1.0  40
1500 10 16 4 1.0  40
1500 10 17 1 1.0  39
1500 10 17 2 1.0  -1
1500 10 17 3 1.0  40
1500 10 17 4 1.0  40
1500 10 18 1 1.0  40
1500 10 18 2 1.0  15
1500 10 18 3 1.0  39
1500 10 18 4 1.0  -1
1500 10 19 1 1.0  21
1500 10 19 2 1.0  3
1500 10 19 3 1.0  40
1500 10 19 4 1.0  40
1500 10 20 1 1.0  40
1500 10 20 2 1.0  13
1500 10 20 3 1.0  40
1500 10 20 4 1.0  40
1500 10 21 1 1.0  40
1500 10 21 2 1.0  40
1500 10 21 3 1.0  39
1500 10 21 4 1.0  -1
1500 10 22 1 1.0  40
1500 10 22 2 1.0  40
1500 10 22 3 1.0  -1
1500 10 22 4 1.0  40
1500 10 23 1 1.0  -1
1500 10 23 2 1.0  40
1500 10 23 3 1.0  40
1500 10 23 4 1.0  40
1500 10 24 1 1.0  -1
1500 10 24 2 1.0  40
1500 10 24 3 1.0  12
1500 10 24 4 1.0  40
1500 10 25 1 1.0  40
1500 10 25 2 1.0  40
1500 10 25 3 1.0  -1
1500 10 25 4 1.0  40
2000 10 1 1 1.0  40
2000 10 1 2 1.0  40
2000 10 1 3 1.0  40
2000 10 1 4 1.0  8
2000 10 2 1 1.0  40
2000 10 2 2 1.0  40
2000 10 2 3 1.0  40
2000 10 2 4 1.0  40
2000 10 3 1 1.0  40
2000 10 3 2 1.0  40
2000 10 3 3 1.0  12
2000 10 3 4 1.0  40
2000 10 4 1 1.0  40
2000 10 4 2 1.0  40
2000 10 4 3 1.0  40
2000 10 4 4 1.0  8
2000 10 5 1 1.0  40
2000 10 5 2 1.0  -1
2000 10 5 3 1.0  40
2000 10 5 4 1.0  40
2000 10 6 1 1.0  40
2000 10 6 2 1.0  40
2000 10 6 3 1.0  40
2000 10 6 4 1.0  40
2000 10 7 1 1.0  40
2000 10 7 2 1.0  -1
2000 10 7 3 1.0  40
2000 10 7 4 1.0  40
2000 10 8 1 1.0  -1
2000 10 8 2 1.0  40
2000 10 8 3 1.0  40
2000 10 8 4 1.0  40
2000 10 9 1 1.0  -1
2000 10 9 2 1.0  40
2000 10 9 3 1.0  40
2000 10 9 4 1.0  40
2000 10 10 1 1.0  40
2000 10 10 2 1.0  40
2000 10 10 3 1.0  4
2000 10 10 4 1.0  40
2000 10 11 1 1.0  40
2000 10 11 2 1.0  40
2000 10 11 3 1.0  -1
2000 10 11 4 1.0  40
2000 10 12 1 1.0  40
2000 10 12 2 1.0  40
2000 10 12 3 1.0  40
2000 10 12 4 1.0  12
2000 10 13 1 1.0  40
2000 10 13 2 1.0  40
2000 10 13 3 1.0  40
2000 10 13 4 1.0  4
2000 10 14 1 1.0  40
2000 10 14 2 1.0  40
2000 10 14 3 1.0  40
2000 10 14 4 1.0  -1
2000 10 15 1 1.0  40
2000 10 15 2 1.0  15
2000 10 15 3 1.0  40
2000 10 15 4 1.0  40
2000 10 16 1 1.0  40
2000 10 16 2 1.0  -1
2000 10 16 3 1.0  40
2000 10 16 4 1.0  40
2000 10 17 1 1.0  40
2000 10 17 2 1.0  30
2000 10 17 3 1.0  40
2000 10 17 4 1.0  40
2000 10 18 1 1.0  40
2000 10 18 2 1.0  -1
2000 10 18 3 1.0  40
2000 10 18 4 1.0  3
2000 10 19 1 1.0  40
2000 10 19 2 1.0  40
2000 10 19 3 1.0  40
2000 10 19 4 1.0  -1
2000 10 20 1 1.0  40
2000 10 20 2 1.0  13
2000 10 20 3 1.0  40
2000 10 20 4 1.0  40
2000 10 21 1 1.0  30
2000 10 21 2 1.0  40
2000 10 21 3 1.0  12
2000 10 21 4 1.0  40
2000 10 22 1 1.0  -1
2000 10 22 2 1.0  40
2000 10 22 3 1.0  40
2000 10 22 4 1.0  40
2000 10 23 1 1.0  8
2000 10 23 2 1.0  40
2000 10 23 3 1.0  40
2000 10 23 4 1.0  40
2000 10 24 1 1.0  40
2000 10 24 2 1.0  40
2000 10 24 3 1.0  15
2000 10 24 4 1.0  40
2000 10 25 1 1.0  40
2000 10 25 2 1.0  40
2000 10 25 3 1.0  -1
2000 10 25 4 1.0  40
2500 10 1 1 1.0  40
2500 10 1 2 1.0  40
2500 10 1 3 1.0  40
2500 10 1 4 1.0  8
2500 10 2 1 1.0  40
2500 10 2 2 1.0  40
2500 10 2 3 1.0  40
2500 10 2 4 1.0  40
2500 10 3 1 1.0  40
2500 10 3 2 1.0  40
2500 10 3 3 1.0  12
2500 10 3 4 1.0  40
2500 10 4 1 1.0  40
2500 10 4 2 1.0  40
2500 10 4 3 1.0  40
2500 10 4 4 1.0  8
2500 10 5 1 1.0  26
2500 10 5 2 1.0  39
2500 10 5 3 1.0  40
2500 10 5 4 1.0  40
2500 10 6 1 1.0  40
2500 10 6 2 1.0  40
2500 10 6 3 1.0  40
2500 10 6 4 1.0  40
2500 10 7 1 1.0  40
2500 10 7 2 1.0  40
2500 10 7 3 1.0  40
2500 10 7 4 1.0  40
2500 10 8 1 1.0  40
2500 10 8 2 1.0  12
2500 10 8 3 1.0  40
2500 10 8 4 1.0  40
2500 10 9 1 1.0  3
2500 10 9 2 1.0  40
2500 10 9 3 1.0  40
2500 10 9 4 1.0  40
2500 10 10 1 1.0  40
2500 10 10 2 1.0  40
2500 10 10 3 1.0  4
2500 10 10 4 1.0  40
2500 10 11 1 1.0  40
2500 10 11 2 1.0  40
2500 10 11 3 1.0  40
2500 10 11 4 1.0  3
2500 10 12 1 1.0  40
2500 10 12 2 1.0  40
2500 10 12 3 1.0  40
2500 10 12 4 1.0  12
2500 10 13 1 1.0  40
2500 10 13 2 1.0  40
2500 10 13 3 1.0  40
2500 10 13 4 1.0  4
2500 10 14 1 1.0  40
2500 10 14 2 1.0  40
2500 10 14 3 1.0  40
2500 10 14 4 1.0  40
2500 10 15 1 1.0  40
2500 10 15 2 1.0  15
2500 10 15 3 1.0  40
2500 10 15 4 1.0  40
2500 10 16 1 1.0  3
2500 10 16 2 1.0  40
2500 10 16 3 1.0  40
2500 10 16 4 1.0  40
2500 10 17 1 1.0  40
2500 10 17 2 1.0  30
2500 10 17 3 1.0  40
2500 10 17 4 1.0  40
2500 10 18 1 1.0  40
2500 10 18 2 1.0  40
2500 10 18 3 1.0  40
2500 10 18 4 1.0  40
2500 10 19 1 1.0  40
2500 10 19 2 1.0  40
2500 10 19 3 1.0  30
2500 10 19 4 1.0  30
2500 10 20 1 1.0  40
2500 10 20 2 1.0  13
2500 10 20 3 1.0  40
2500 10 20 4 1.0  40
2500 10 21 1 1.0  40
2500 10 21 2 1.0  -1
2500 10 21 3 1.0  -1
2500 10 21 4 1.0  40
2500 10 22 1 1.0  40
2500 10 22 2 1.0  39
2500 10 22 3 1.0  13
2500 10 22 4 1.0  39
2500 10 23 1 1.0  8
2500 10 23 2 1.0  40
2500 10 23 3 1.0  40
2500 10 23 4 1.0  40
2500 10 24 1 1.0  40
2500 10 24 2 1.0  40
2500 10 24 3 1.0  15
2500 10 24 4 1.0  40
2500 10 25 1 1.0  13
2500 10 25 2 1.0  40
2500 10 25 3 1.0  40
2500 10 25 4 1.0  40
3000 10 1 1 1.0  40
3000 10 1 2 1.0  13
3000 10 1 3 1.0  40
3000 10 1 4 1.0  39
3000 10 2 1 1.0  40
3000 10 2 2 1.0  40
3000 10 2 3 1.0  40
3000 10 2 4 1.0  40
3000 10 3 1 1.0  40
3000 10 3 2 1.0  40
3000 10 3 3 1.0  12
3000 10 3 4 1.0  40
3000 10 4 1 1.0  40
3000 10 4 2 1.0  12
3000 10 4 3 1.0  40
3000 10 4 4 1.0  40
3000 10 5 1 1.0  26
3000 10 5 2 1.0  39
3000 10 5 3 1.0  40
3000 10 5 4 1.0  40
3000 10 6 1 1.0  40
3000 10 6 2 1.0  40
3000 10 6 3 1.0  40
3000 10 6 4 1.0  40
3000 10 7 1 1.0  40
3000 10 7 2 1.0  40
3000 10 7 3 1.0  40
3000 10 7 4 1.0  40
3000 10 8 1 1.0  40
3000 10 8 2 1.0  12
3000 10 8 3 1.0  40
3000 10 8 4 1.0  40
3000 10 9 1 1.0  40
3000 10 9 2 1.0  40
3000 10 9 3 1.0  15
3000 10 9 4 1.0  40
3000 10 10 1 1.0  40
3000 10 10 2 1.0  40
3000 10 10 3 1.0  40
3000 10 10 4 1.0  12
3000 10 11 1 1.0  13
3000 10 11 2 1.0  40
3000 10 11 3 1.0  40
3000 10 11 4 1.0  40
3000 10 12 1 1.0  40
3000 10 12 2 1.0  40
3000 10 12 3 1.0  40
3000 10 12 4 1.0  12
3000 10 13 1 1.0  39
3000 10 13 2 1.0  40
3000 10 13 3 1.0  40
3000 10 13 4 1.0  40
3000 10 14 1 1.0  40
3000 10 14 2 1.0  40
3000 10 14 3 1.0  40
3000 10 14 4 1.0  40
3000 10 15 1 1.0  40
3000 10 15 2 1.0  15
3000 10 15 3 1.0  40
3000 10 15 4 1.0  40
3000 10 16 1 1.0  40
3000 10 16 2 1.0  40
3000 10 16 3 1.0  40
3000 10 16 4 1.0  40
3000 10 17 1 1.0  40
3000 10 17 2 1.0  30
3000 10 17 3 1.0  40
3000 10 17 4 1.0  40
3000 10 18 1 1.0  40
3000 10 18 2 1.0  40
3000 10 18 3 1.0  40
3000 10 18 4 1.0  40
3000 10 19 1 1.0  40
3000 10 19 2 1.0  40
3000 10 19 3 1.0  30
3000 10 19 4 1.0  30
3000 10 20 1 1.0  40
3000 10 20 2 1.0  13
3000 10 20 3 1.0  40
3000 10 20 4 1.0  40
3000 10 21 1 1.0  40
3000 10 21 2 1.0  40
3000 10 21 3 1.0  13
3000 10 21 4 1.0  40
3000 10 22 1 1.0  6
3000 10 22 2 1.0  -1
3000 10 22 3 1.0  40
3000 10 22 4 1.0  -1
3000 10 23 1 1.0  40
3000 10 23 2 1.0  40
3000 10 23 3 1.0  40
3000 10 23 4 1.0  40
3000 10 24 1 1.0  40
3000 10 24 2 1.0  40
3000 10 24 3 1.0  15
3000 10 24 4 1.0  40
3000 10 25 1 1.0  13
3000 10 25 2 1.0  40
3000 10 25 3 1.0  40
3000 10 25 4 1.0  40
3500 10 1 1 1.0  40
3500 10 1 2 1.0  13
3500 10 1 3 1.0  40
3500 10 1 4 1.0  39
3500 10 2 1 1.0  40
3500 10 2 2 1.0  40
3500 10 2 3 1.0  40
3500 10 2 4 1.0  40
3500 10 3 1 1.0  40
3500 10 3 2 1.0  40
3500 10 3 3 1.0  12
3500 10 3 4 1.0  40
3500 10 4 1 1.0  12
3500 10 4 2 1.0  40
3500 10 4 3 1.0  40
3500 10 4 4 1.0  40
3500 10 5 1 1.0  26
3500 10 5 2 1.0  39
3500 10 5 3 1.0  40
3500 10 5 4 1.0  40
3500 10 6 1 1.0  40
3500 10 6 2 1.0  40
3500 10 6 3 1.0  40
3500 10 6 4 1.0  40
3500 10 7 1 1.0  40
3500 10 7 2 1.0  40
3500 10 7 3 1.0  40
3500 10 7 4 1.0  40
3500 10 8 1 1.0  -1
3500 10 8 2 1.0  -1
3500 10 8 3 1.0  40
3500 10 8 4 1.0  -1
3500 10 9 1 1.0  40
3500 10 9 2 1.0  40
3500 10 9 3 1.0  15
3500 10 9 4 1.0  40
3500 10 10 1 1.0  40
3500 10 10 2 1.0  40
3500 10 10 3 1.0  40
3500 10 10 4 1.0  40
3500 10 11 1 1.0  13
3500 10 11 2 1.0  40
3500 10 11 3 1.0  40
3500 10 11 4 1.0  40
3500 10 12 1 1.0  40
3500 10 12 2 1.0  40
3500 10 12 3 1.0  40
3500 10 12 4 1.0  12
3500 10 13 1 1.0  39
3500 10 13 2 1.0  40
3500 10 13 3 1.0  40
3500 10 13 4 1.0  40
3500 10 14 1 1.0  40
3500 10 14 2 1.0  40
3500 10 14 3 1.0  40
3500 10 14 4 1.0  40
3500 10 15 1 1.0  40
3500 10 15 2 1.0  15
3500 10 15 3 1.0  40
3500 10 15 4 1.0  40
3500 10 16 1 1.0  40
3500 10 16 2 1.0  40
3500 10 16 3 1.0  40
3500 10 16 4 1.0  40
3500 10 17 1 1.0  40
3500 10 17 2 1.0  30
3500 10 17 3 1.0  40
3500 10 17 4 1.0  40
3500 10 18 1 1.0  40
3500 10 18 2 1.0  40
3500 10 18 3 1.0  40
3500 10 18 4 1.0  40
3500 10 19 1 1.0  40
3500 10 19 2 1.0  40
3500 10 19 3 1.0  30
3500 10 19 4 1.0  30
3500 10 20 1 1.0  40
3500 10 20 2 1.0  13
3500 10 20 3 1.0  40
3500 10 20 4 1.0  40
3500 10 21 1 1.0  40
3500 10 21 2 1.0  40
3500 10 21 3 1.0  13
3500 10 21 4 1.0  40
3500 10 22 1 1.0  40
3500 10 22 2 1.0  40
3500 10 22 3 1.0  40
3500 10 22 4 1.0  40
3500 10 23 1 1.0  40
3500 10 23 2 1.0  40
3500 10 23 3 1.0  40
3500 10 23 4 1.0  40
3500 10 24 1 1.0  40
3500 10 24 2 1.0  40
3500 10 24 3 1.0  15
3500 10 24 4 1.0  40
3500 10 25 1 1.0  13
3500 10 25 2 1.0  40
3500 10 25 3 1.0  40
3500 10 25 4 1.0  40
4000 10 1 1 1.0  40
4000 10 1 2 1.0  40
4000 10 1 3 1.0  39
4000 10 1 4 1.0  39
4000 10 2 1 1.0  40
4000 10 2 2 1.0  40
4000 10 2 3 1.0  40
4000 10 2 4 1.0  40
4000 10 3 1 1.0  40
4000 10 3 2 1.0  21
4000 10 3 3 1.0  40
4000 10 3 4 1.0  40
4000 10 4 1 1.0  40
4000 10 4 2 1.0  40
4000 10 4 3 1.0  40
4000 10 4 4 1.0  40
4000 10 5 1 1.0  26
4000 10 5 2 1.0  39
4000 10 5 3 1.0  40
4000 10 5 4 1.0  40
4000 10 6 1 1.0  40
4000 10 6 2 1.0  40
4000 10 6 3 1.0  40
4000 10 6 4 1.0  40
4000 10 7 1 1.0  40
4000 10 7 2 1.0  40
4000 10 7 3 1.0  40
4000 10 7 4 1.0  40
4000 10 8 1 1.0  40
4000 10 8 2 1.0  40
4000 10 8 3 1.0  40
4000 10 8 4 1.0  40
4000 10 9 1 1.0  40
4000 10 9 2 1.0  40
4000 10 9 3 1.0  15
4000 10 9 4 1.0  40
4000 10 10 1 1.0  40
4000 10 10 2 1.0  40
4000 10 10 3 1.0  40
4000 10 10 4 1.0  40
4000 10 11 1 1.0  26
4000 10 11 2 1.0  -1
4000 10 11 3 1.0  40
4000 10 11 4 1.0  -1
4000 10 12 1 1.0  40
4000 10 12 2 1.0  15
4000 10 12 3 1.0  40
4000 10 12 4 1.0  40
4000 10 13 1 1.0  39
4000 10 13 2 1.0  40
4000 10 13 3 1.0  40
4000 10 13 4 1.0  40
4000 10 14 1 1.0  40
4000 10 14 2 1.0  40
4000 10 14 3 1.0  40
4000 10 14 4 1.0  40
4000 10 15 1 1.0  40
4000 10 15 2 1.0  15
4000 10 15 3 1.0  40
4000 10 15 4 1.0  40
4000 10 16 1 1.0  40
4000 10 16 2 1.0  40
4000 10 16 3 1.0  40
4000 10 16 4 1.0  40
4000 10 17 1 1.0  40
4000 10 17 2 1.0  30
4000 10 17 3 1.0  40
4000 10 17 4 1.0  40
4000 10 18 1 1.0  40
4000 10 18 2 1.0  40
4000 10 18 3 1.0  40
4000 10 18 4 1.0  40
4000 10 19 1 1.0  40
4000 10 19 2 1.0  40
4000 10 19 3 1.0  30
4000 10 19 4 1.0  30
4000 10 20 1 1.0  40
4000 10 20 2 1.0  40
4000 10 20 3 1.0  40
4000 10 20 4 1.0  40
4000 10 21 1 1.0  40
4000 10 21 2 1.0  15
4000 10 21 3 1.0  40
4000 10 21 4 1.0  40
4000 10 22 1 1.0  40
4000 10 22 2 1.0  40
4000 10 22 3 1.0  40
4000 10 22 4 1.0  40
4000 10 23 1 1.0  40
4000 10 23 2 1.0  40
4000 10 23 3 1.0  40
4000 10 23 4 1.0  40
4000 10 24 1 1.0  40
4000 10 24 2 1.0  40
4000 10 24 3 1.0  15
4000 10 24 4 1.0  40
4000 10 25 1 1.0  13
4000 10 25 2 1.0  40
4000 10 25 3 1.0  40
4000 10 25 4 1.0  40
4500 10 1 1 1.0  40
4500 10 1 2 1.0  40
4500 10 1 3 1.0  39
4500 10 1 4 1.0  39
4500 10 2 1 1.0  40
4500 10 2 2 1.0  40
4500 10 2 3 1.0  40
4500 10 2 4 1.0  40
4500 10 3 1 1.0  40
4500 10 3 2 1.0  21
4500 10 3 3 1.0  40
4500 10 3 4 1.0  40
4500 10 4 1 1.0  40
4500 10 4 2 1.0  40
4500 10 4 3 1.0  40
4500 10 4 4 1.0  40
4500 10 5 1 1.0  26
4500 10 5 2 1.0  39
4500 10 5 3 1.0  40
4500 10 5 4 1.0  40
4500 10 6 1 1.0  40
4500 10 6 2 1.0  40
4500 10 6 3 1.0  40
4500 10 6 4 1.0  40
4500 10 7 1 1.0  40
4500 10 7 2 1.0  40
4500 10 7 3 1.0  40
4500 10 7 4 1.0  40
4500 10 8 1 1.0  40
4500 10 8 2 1.0  40
4500 10 8 3 1.0  40
4500 10 8 4 1.0  40
4500 10 9 1 1.0  -1
4500 10 9 2 1.0  13
4500 10 9 3 1.0  -1
4500 10 9 4 1.0  -1
4500 10 10 1 1.0  40
4500 10 10 2 1.0  40
4500 10 10 3 1.0  40
4500 10 10 4 1.0  40
4500 10 11 1 1.0  40
4500 10 11 2 1.0  40
4500 10 11 3 1.0  40
4500 10 11 4 1.0  40
4500 10 12 1 1.0  40
4500 10 12 2 1.0  15
4500 10 12 3 1.0  40
4500 10 12 4 1.0  40
4500 10 13 1 1.0  39
4500 10 13 2 1.0  40
4500 10 13 3 1.0  40
4500 10 13 4 1.0  40
4500 10 14 1 1.0  40
4500 10 14 2 1.0  40
4500 10 14 3 1.0  40
4500 10 14 4 1.0  40
4500 10 15 1 1.0  40
4500 10 15 2 1.0  40
4500 10 15 3 1.0  40
4500 10 15 4 1.0  40
4500 10 16 1 1.0  40
4500 10 16 2 1.0  40
4500 10 16 3 1.0  40
4500 10 16 4 1.0  40
4500 10 17 1 1.0  40
4500 10 17 2 1.0  30
4500 10 17 3 1.0  40
4500 10 17 4 1.0  40
4500 10 18 1 1.0  40
4500 10 18 2 1.0  40
4500 10 18 3 1.0  40
4500 10 18 4 1.0  40
4500 10 19 1 1.0  40
4500 10 19 2 1.0  40
4500 10 19 3 1.0  30
4500 10 19 4 1.0  30
4500 10 20 1 1.0  40
4500 10 20 2 1.0  40
4500 10 20 3 1.0  40
4500 10 20 4 1.0  40
4500 10 21 1 1.0  40
4500 10 21 2 1.0  40
4500 10 21 3 1.0  40
4500 10 21 4 1.0  40
4500 10 22 1 1.0  40
4500 10 22 2 1.0  40
4500 10 22 3 1.0  40
4500 10 22 4 1.0  40
4500 10 23 1 1.0  40
4500 10 23 2 1.0  40
4500 10 23 3 1.0  40
4500 10 23 4 1.0  40
4500 10 24 1 1.0  40
4500 10 24 2 1.0  40
4500 10 24 3 1.0  40
4500 10 24 4 1.0  40
4500 10 25 1 1.0  40
4500 10 25 2 1.0  40
4500 10 25 3 1.0  21
4500 10 25 4 1.0  40
5000 10 1 1 1.0  40
5000 10 1 2 1.0  40
5000 10 1 3 1.0  39
5000 10 1 4 1.0  39
5000 10 2 1 1.0  40
5000 10 2 2 1.0  40
5000 10 2 3 1.0  40
5000 10 2 4 1.0  40
5000 10 3 1 1.0  -1
5000 10 3 2 1.0  -1
5000 10 3 3 1.0  40
5000 10 3 4 1.0  40
5000 10 4 1 1.0  40
5000 10 4 2 1.0  40
5000 10 4 3 1.0  40
5000 10 4 4 1.0  40
5000 10 5 1 1.0  26
5000 10 5 2 1.0  39
5000 10 5 3 1.0  40
5000 10 5 4 1.0  40
5000 10 6 1 1.0  40
5000 10 6 2 1.0  40
5000 10 6 3 1.0  40
5000 10 6 4 1.0  40
5000 10 7 1 1.0  40
5000 10 7 2 1.0  40
5000 10 7 3 1.0  40
5000 10 7 4 1.0  40
5000 10 8 1 1.0  40
5000 10 8 2 1.0  40
5000 10 8 3 1.0  40
5000 10 8 4 1.0  40
5000 10 9 1 1.0  40
5000 10 9 2 1.0  40
5000 10 9 3 1.0  40
5000 10 9 4 1.0  40
5000 10 10 1 1.0  40
5000 10 10 2 1.0  40
5000 10 10 3 1.0  40
5000 10 10 4 1.0  40
5000 10 11 1 1.0  40
5000 10 11 2 1.0  40
5000 10 11 3 1.0  40
5000 10 11 4 1.0  40
5000 10 12 1 1.0  40
5000 10 12 2 1.0  40
5000 10 12 3 1.0  40
5000 10 12 4 1.0  40
5000 10 13 1 1.0  39
5000 10 13 2 1.0  40
5000 10 13 3 1.0  40
5000 10 13 4 1.0  40
5000 10 14 1 1.0  40
5000 10 14 2 1.0  40
5000 10 14 3 1.0  40
5000 10 14 4 1.0  40
5000 10 15 1 1.0  40
5000 10 15 2 1.0  40
5000 10 15 3 1.0  40
5000 10 15 4 1.0  40
5000 10 16 1 1.0  40
5000 10 16 2 1.0  40
5000 10 16 3 1.0  40
5000 10 16 4 1.0  40
5000 10 17 1 1.0  40
5000 10 17 2 1.0  30
5000 10 17 3 1.0  40
5000 10 17 4 1.0  40
5000 10 18 1 1.0  40
5000 10 18 2 1.0  40
5000 10 18 3 1.0  40
5000 10 18 4 1.0  40
5000 10 19 1 1.0  40
5000 10 19 2 1.0  40
5000 10 19 3 1.0  40
5000 10 19 4 1.0  40
5000 10 20 1 1.0  40
5000 10 20 2 1.0  40
5000 10 20 3 1.0  40
5000 10 20 4 1.0  40
5000 10 21 1 1.0  40
5000 10 21 2 1.0  40
5000 10 21 3 1.0  40
5000 10 21 4 1.0  40
5000 10 22 1 1.0  40
5000 10 22 2 1.0  40
5000 10 22 3 1.0  40
5000 10 22 4 1.0  40
5000 10 23 1 1.0  40
5000 10 23 2 1.0  40
5000 10 23 3 1.0  40
5000 10 23 4 1.0  40
5000 10 24 1 1.0  40
5000 10 24 2 1.0  40
5000 10 24 3 1.0  40
5000 10 24 4 1.0  40
5000 10 25 1 1.0  40
5000 10 25 2 1.0  40
5000 10 25 3 1.0  21
5000 10 25 4 1.0  40
