500 5 1 1 1.0  23
500 5 1 2 1.0  6
500 5 1 3 1.0  6
500 5 1 4 1.0  8
500 5 2 1 1.0  23
500 5 2 2 1.0  -1
500 5 2 3 1.0  6
500 5 2 4 1.0  6
500 5 3 1 1.0  8
500 5 3 2 1.0  8
500 5 3 3 1.0  6
500 5 3 4 1.0  23
500 5 4 1 1.0  6
500 5 4 2 1.0  8
500 5 4 3 1.0  23
500 5 4 4 1.0  4
500 5 5 1 1.0  -1
500 5 5 2 1.0  23
500 5 5 3 1.0  6
500 5 5 4 1.0  6
500 5 6 1 1.0  4
500 5 6 2 1.0  -1
500 5 6 3 1.0  5
500 5 6 4 1.0  23
500 5 7 1 1.0  -1
500 5 7 2 1.0  -1
500 5 7 3 1.0  6
500 5 7 4 1.0  23
500 5 8 1 1.0  -1
500 5 8 2 1.0  23
500 5 8 3 1.0  6
500 5 8 4 1.0  6
500 5 9 1 1.0  6
500 5 9 2 1.0  23
500 5 9 3 1.0  -1
500 5 9 4 1.0  -1
500 5 10 1 1.0  6
500 5 10 2 1.0  8
500 5 10 3 1.0  8
500 5 10 4 1.0  6
500 5 11 1 1.0  23
500 5 11 2 1.0  -1
500 5 11 3 1.0  6
500 5 11 4 1.0  -1
500 5 12 1 1.0  8
500 5 12 2 1.0  23
500 5 12 3 1.0  -1
500 5 12 4 1.0  3
500 5 13 1 1.0  6
500 5 13 2 1.0  6
500 5 13 3 1.0  -1
500 5 13 4 1.0  19
500 5 14 1 1.0  9
500 5 14 2 1.0  8
500 5 14 3 1.0  8
500 5 14 4 1.0  6
500 5 15 1 1.0  23
500 5 15 2 1.0  -1
500 5 15 3 1.0  -1
500 5 15 4 1.0  8
500 5 16 1 1.0  6
500 5 16 2 1.0  6
500 5 16 3 1.0  6
500 5 16 4 1.0  23
500 5 17 1 1.0  3
500 5 17 2 1.0  23
500 5 17 3 1.0  -1
500 5 17 4 1.0  6
500 5 18 1 1.0  -1
500 5 18 2 1.0  6
500 5 18 3 1.0  -1
500 5 18 4 1.0  23
500 5 19 1 1.0  23
500 5 19 2 1.0  8
500 5 19 3 1.0  -1
500 5 19 4 1.0  8
500 5 20 1 1.0  6
500 5 20 2 1.0  23
500 5 20 3 1.0  6
500 5 20 4 1.0  -1
500 5 21 1 1.0  3
500 5 21 2 1.0  8
500 5 21 3 1.0  -1
500 5 21 4 1.0  16
500 5 22 1 1.0  -1
500 5 22 2 1.0  23
500 5 22 3 1.0  -1
500 5 22 4 1.0  4
500 5 23 1 1.0  6
500 5 23 2 1.0  6
500 5 23 3 1.0  6
500 5 23 4 1.0  23
500 5 24 1 1.0  4
500 5 24 2 1.0  5
500 5 24 3 1.0  23
500 5 24 4 1.0  -1
500 5 25 1 1.0  4
500 5 25 2 1.0  6
500 5 25 3 1.0  -1
500 5 25 4 1.0  23
1000 5 1 1 1.0  23
1000 5 1 2 1.0  9
1000 5 1 3 1.0  23
1000 5 1 4 1.0  -1
1000 5 2 1 1.0  -1
1000 5 2 2 1.0  23
1000 5 2 3 1.0  23
1000 5 2 4 1.0  23
1000 5 3 1 1.0  23
1000 5 3 2 1.0  6
1000 5 3 3 1.0  11
1000 5 3 4 1.0  23
1000 5 4 1 1.0  23
1000 5 4 2 1.0  11
1000 5 4 3 1.0  23
1000 5 4 4 1.0  6
1000 5 5 1 1.0  23
1000 5 5 2 1.0  19
1000 5 5 3 1.0  23
1000 5 5 4 1.0  23
1000 5 6 1 1.0  23
1000 5 6 2 1.0  15
1000 5 6 3 1.0  23
1000 5 6 4 1.0  -1
1000 5 7 1 1.0  8
1000 5 7 2 1.0  23
1000 5 7 3 1.0  23
1000 5 7 4 1.0  5
1000 5 8 1 1.0  23
1000 5 8 2 1.0  8
1000 5 8 3 1.0  6
1000 5 8 4 1.0  23
1000 5 9 1 1.0  6
1000 5 9 2 1.0  23
1000 5 9 3 1.0  -1
1000 5 9 4 1.0  23
1000 5 10 1 1.0  -1
1000 5 10 2 1.0  -1
1000 5 10 3 1.0  4
1000 5 10 4 1.0  5
1000 5 11 1 1.0  -1
1000 5 11 2 1.0  23
1000 5 11 3 1.0  23
1000 5 11 4 1.0  8
1000 5 12 1 1.0  -1
1000 5 12 2 1.0  23
1000 5 12 3 1.0  7
1000 5 12 4 1.0  23
1000 5 13 1 1.0  23
1000 5 13 2 1.0  -1
1000 5 13 3 1.0  9
1000 5 13 4 1.0  23
1000 5 14 1 1.0  -1
1000 5 14 2 1.0  23
1000 5 14 3 1.0  14
1000 5 14 4 1.0  25
1000 5 15 1 1.0  23
1000 5 15 2 1.0  -1
1000 5 15 3 1.0  23
1000 5 15 4 1.0  23
1000 5 16 1 1.0  23
1000 5 16 2 1.0  8
1000 5 16 3 1.0  23
1000 5 16 4 1.0  -1
1000 5 17 1 1.0  23
1000 5 17 2 1.0  19
1000 5 17 3 1.0  33
1000 5 17 4 1.0  23
1000 5 18 1 1.0  6
1000 5 18 2 1.0  23
1000 5 18 3 1.0  8
1000 5 18 4 1.0  23
1000 5 19 1 1.0  23
1000 5 19 2 1.0  -1
1000 5 19 3 1.0  23
1000 5 19 4 1.0  23
1000 5 20 1 1.0  23
1000 5 20 2 1.0  19
1000 5 20 3 1.0  23
1000 5 20 4 1.0  -1
1000 5 21 1 1.0  -1
1000 5 21 2 1.0  33
1000 5 21 3 1.0  5
1000 5 21 4 1.0  23
1000 5 22 1 1.0  6
1000 5 22 2 1.0  23
1000 5 22 3 1.0  4
1000 5 22 4 1.0  33
1000 5 23 1 1.0  33
1000 5 23 2 1.0  23
1000 5 23 3 1.0  -1
1000 5 23 4 1.0  23
1000 5 24 1 1.0  -1
1000 5 24 2 1.0  8
1000 5 24 3 1.0  23
1000 5 24 4 1.0  23
1000 5 25 1 1.0  23
1000 5 25 2 1.0  23
1000 5 25 3 1.0  -1
1000 5 25 4 1.0  23
1500 5 1 1 1.0  65
1500 5 1 2 1.0  50
1500 5 1 3 1.0  23
1500 5 1 4 1.0  65
1500 5 2 1 1.0  65
1500 5 2 2 1.0  65
1500 5 2 3 1.0  6
1500 5 2 4 1.0  65
1500 5 3 1 1.0  65
1500 5 3 2 1.0  65
1500 5 3 3 1.0  65
1500 5 3 4 1.0  -1
1500 5 4 1 1.0  23
1500 5 4 2 1.0  33
1500 5 4 3 1.0  17
1500 5 4 4 1.0  33
1500 5 5 1 1.0  -1
1500 5 5 2 1.0  65
1500 5 5 3 1.0  -1
1500 5 5 4 1.0  23
1500 5 6 1 1.0  65
1500 5 6 2 1.0  23
1500 5 6 3 1.0  25
1500 5 6 4 1.0  -1
1500 5 7 1 1.0  -1
1500 5 7 2 1.0  65
1500 5 7 3 1.0  50
1500 5 7 4 1.0  23
1500 5 8 1 1.0  -1
1500 5 8 2 1.0  65
1500 5 8 3 1.0  -1
1500 5 8 4 1.0  65
1500 5 9 1 1.0  23
1500 5 9 2 1.0  33
1500 5 9 3 1.0  33
1500 5 9 4 1.0  17
1500 5 10 1 1.0  65
1500 5 10 2 1.0  65
1500 5 10 3 1.0  8
1500 5 10 4 1.0  65
1500 5 11 1 1.0  33
1500 5 11 2 1.0  65
1500 5 11 3 1.0  17
1500 5 11 4 1.0  23
1500 5 12 1 1.0  65
1500 5 12 2 1.0  65
1500 5 12 3 1.0  23
1500 5 12 4 1.0  -1
1500 5 13 1 1.0  -1
1500 5 13 2 1.0  50
1500 5 13 3 1.0  65
1500 5 13 4 1.0  7
1500 5 14 1 1.0  65
1500 5 14 2 1.0  65
1500 5 14 3 1.0  65
1500 5 14 4 1.0  -1
1500 5 15 1 1.0  -1
1500 5 15 2 1.0  65
1500 5 15 3 1.0  65
1500 5 15 4 1.0  17
1500 5 16 1 1.0  -1
1500 5 16 2 1.0  23
1500 5 16 3 1.0  65
1500 5 16 4 1.0  65
1500 5 17 1 1.0  65
1500 5 17 2 1.0  50
1500 5 17 3 1.0  -1
1500 5 17 4 1.0  -1
1500 5 18 1 1.0  50
1500 5 18 2 1.0  50
1500 5 18 3 1.0  50
1500 5 18 4 1.0  -1
1500 5 19 1 1.0  50
1500 5 19 2 1.0  7
1500 5 19 3 1.0  65
1500 5 19 4 1.0  65
1500 5 20 1 1.0  -1
1500 5 20 2 1.0  65
1500 5 20 3 1.0  65
1500 5 20 4 1.0  8
1500 5 21 1 1.0  -1
1500 5 21 2 1.0  23
1500 5 21 3 1.0  65
1500 5 21 4 1.0  17
1500 5 22 1 1.0  65
1500 5 22 2 1.0  -1
1500 5 22 3 1.0  33
1500 5 22 4 1.0  29
1500 5 23 1 1.0  10
1500 5 23 2 1.0  -1
1500 5 23 3 1.0  65
1500 5 23 4 1.0  65
1500 5 24 1 1.0  65
1500 5 24 2 1.0  50
1500 5 24 3 1.0  -1
1500 5 24 4 1.0  -1
1500 5 25 1 1.0  65
1500 5 25 2 1.0  -1
1500 5 25 3 1.0  23
1500 5 25 4 1.0  23
2000 5 1 1 1.0  65
2000 5 1 2 1.0  50
2000 5 1 3 1.0  23
2000 5 1 4 1.0  65
2000 5 2 1 1.0  65
2000 5 2 2 1.0  65
2000 5 2 3 1.0  6
2000 5 2 4 1.0  65
2000 5 3 1 1.0  65
2000 5 3 2 1.0  65
2000 5 3 3 1.0  65
2000 5 3 4 1.0  -1
2000 5 4 1 1.0  65
2000 5 4 2 1.0  65
2000 5 4 3 1.0  -1
2000 5 4 4 1.0  65
2000 5 5 1 1.0  65
2000 5 5 2 1.0  65
2000 5 5 3 1.0  15
2000 5 5 4 1.0  65
2000 5 6 1 1.0  8
2000 5 6 2 1.0  65
2000 5 6 3 1.0  65
2000 5 6 4 1.0  65
2000 5 7 1 1.0  65
2000 5 7 2 1.0  -1
2000 5 7 3 1.0  65
2000 5 7 4 1.0  65
2000 5 8 1 1.0  65
2000 5 8 2 1.0  8
2000 5 8 3 1.0  65
2000 5 8 4 1.0  65
2000 5 9 1 1.0  65
2000 5 9 2 1.0  65
2000 5 9 3 1.0  65
2000 5 9 4 1.0  -1
2000 5 10 1 1.0  65
2000 5 10 2 1.0  65
2000 5 10 3 1.0  8
2000 5 10 4 1.0  65
2000 5 11 1 1.0  7
2000 5 11 2 1.0  65
2000 5 11 3 1.0  65
2000 5 11 4 1.0  65
2000 5 12 1 1.0  65
2000 5 12 2 1.0  65
2000 5 12 3 1.0  -1
2000 5 12 4 1.0  65
2000 5 13 1 1.0  65
2000 5 13 2 1.0  65
2000 5 13 3 1.0  8
2000 5 13 4 1.0  65
2000 5 14 1 1.0  8
2000 5 14 2 1.0  -1
2000 5 14 3 1.0  -1
2000 5 14 4 1.0  -1
2000 5 15 1 1.0  -1
2000 5 15 2 1.0  65
2000 5 15 3 1.0  65
2000 5 15 4 1.0  65
2000 5 16 1 1.0  8
2000 5 16 2 1.0  65
2000 5 16 3 1.0  65
2000 5 16 4 1.0  65
2000 5 17 1 1.0  65
2000 5 17 2 1.0  65
2000 5 17 3 1.0  8
2000 5 17 4 1.0  65
2000 5 18 1 1.0  65
2000 5 18 2 1.0  65
2000 5 18 3 1.0  65
2000 5 18 4 1.0  65
2000 5 19 1 1.0  65
2000 5 19 2 1.0  65
2000 5 19 3 1.0  -1
2000 5 19 4 1.0  65
2000 5 20 1 1.0  65
2000 5 20 2 1.0  65
2000 5 20 3 1.0  65
2000 5 20 4 1.0  65
2000 5 21 1 1.0  65
2000 5 21 2 1.0  -1
2000 5 21 3 1.0  65
2000 5 21 4 1.0  65
2000 5 22 1 1.0  65
2000 5 22 2 1.0  -1
2000 5 22 3 1.0  65
2000 5 22 4 1.0  65
2000 5 23 1 1.0  65
2000 5 23 2 1.0  -1
2000 5 23 3 1.0  65
2000 5 23 4 1.0  65
2000 5 24 1 1.0  15
2000 5 24 2 1.0  65
2000 5 24 3 1.0  65
2000 5 24 4 1.0  65
2000 5 25 1 1.0  -1
2000 5 25 2 1.0  65
2000 5 25 3 1.0  65
2000 5 25 4 1.0  65
2500 5 1 1 1.0  65
2500 5 1 2 1.0  50
2500 5 1 3 1.0  23
2500 5 1 4 1.0  65
2500 5 2 1 1.0  65
2500 5 2 2 1.0  65
2500 5 2 3 1.0  6
2500 5 2 4 1.0  65
2500 5 3 1 1.0  65
2500 5 3 2 1.0  65
2500 5 3 3 1.0  7
2500 5 3 4 1.0  65
2500 5 4 1 1.0  5
2500 5 4 2 1.0  65
2500 5 4 3 1.0  65
2500 5 4 4 1.0  65
2500 5 5 1 1.0  65
2500 5 5 2 1.0  65
2500 5 5 3 1.0  15
2500 5 5 4 1.0  65
2500 5 6 1 1.0  8
2500 5 6 2 1.0  65
2500 5 6 3 1.0  65
2500 5 6 4 1.0  65
2500 5 7 1 1.0  -1
2500 5 7 2 1.0  65
2500 5 7 3 1.0  15
2500 5 7 4 1.0  8
2500 5 8 1 1.0  65
2500 5 8 2 1.0  8
2500 5 8 3 1.0  65
2500 5 8 4 1.0  65
2500 5 9 1 1.0  23
2500 5 9 2 1.0  65
2500 5 9 3 1.0  65
2500 5 9 4 1.0  65
2500 5 10 1 1.0  65
2500 5 10 2 1.0  65
2500 5 10 3 1.0  8
2500 5 10 4 1.0  65
2500 5 11 1 1.0  7
2500 5 11 2 1.0  65
2500 5 11 3 1.0  65
2500 5 11 4 1.0  65
2500 5 12 1 1.0  65
2500 5 12 2 1.0  65
2500 5 12 3 1.0  65
2500 5 12 4 1.0  65
2500 5 13 1 1.0  65
2500 5 13 2 1.0  65
2500 5 13 3 1.0  8
2500 5 13 4 1.0  65
2500 5 14 1 1.0  65
2500 5 14 2 1.0  65
2500 5 14 3 1.0  15
2500 5 14 4 1.0  65
2500 5 15 1 1.0  65
2500 5 15 2 1.0  8
2500 5 15 3 1.0  65
2500 5 15 4 1.0  65
2500 5 16 1 1.0  8
2500 5 16 2 1.0  65
2500 5 16 3 1.0  65
2500 5 16 4 1.0  65
2500 5 17 1 1.0  65
2500 5 17 2 1.0  65
2500 5 17 3 1.0  8
2500 5 17 4 1.0  65
2500 5 18 1 1.0  65
2500 5 18 2 1.0  65
2500 5 18 3 1.0  65
2500 5 18 4 1.0  65
2500 5 19 1 1.0  65
2500 5 19 2 1.0  65
2500 5 19 3 1.0  23
2500 5 19 4 1.0  65
2500 5 20 1 1.0  65
2500 5 20 2 1.0  65
2500 5 20 3 1.0  65
2500 5 20 4 1.0  65
2500 5 21 1 1.0  65
2500 5 21 2 1.0  65
2500 5 21 3 1.0  65
2500 5 21 4 1.0  4
2500 5 22 1 1.0  65
2500 5 22 2 1.0  7
2500 5 22 3 1.0  65
2500 5 22 4 1.0  65
2500 5 23 1 1.0  23
2500 5 23 2 1.0  65
2500 5 23 3 1.0  65
2500 5 23 4 1.0  65
2500 5 24 1 1.0  15
2500 5 24 2 1.0  65
2500 5 24 3 1.0  65
2500 5 24 4 1.0  65
2500 5 25 1 1.0  65
2500 5 25 2 1.0  65
2500 5 25 3 1.0  65
2500 5 25 4 1.0  65
3000 5 1 1 1.0  65
3000 5 1 2 1.0  50
3000 5 1 3 1.0  23
3000 5 1 4 1.0  65
3000 5 2 1 1.0  65
3000 5 2 2 1.0  65
3000 5 2 3 1.0  65
3000 5 2 4 1.0  65
3000 5 3 1 1.0  65
3000 5 3 2 1.0  65
3000 5 3 3 1.0  65
3000 5 3 4 1.0  65
3000 5 4 1 1.0  65
3000 5 4 2 1.0  65
3000 5 4 3 1.0  65
3000 5 4 4 1.0  23
3000 5 5 1 1.0  65
3000 5 5 2 1.0  65
3000 5 5 3 1.0  15
3000 5 5 4 1.0  65
3000 5 6 1 1.0  8
3000 5 6 2 1.0  65
3000 5 6 3 1.0  65
3000 5 6 4 1.0  65
3000 5 7 1 1.0  65
3000 5 7 2 1.0  65
3000 5 7 3 1.0  65
3000 5 7 4 1.0  8
3000 5 8 1 1.0  65
3000 5 8 2 1.0  8
3000 5 8 3 1.0  65
3000 5 8 4 1.0  65
3000 5 9 1 1.0  23
3000 5 9 2 1.0  65
3000 5 9 3 1.0  65
3000 5 9 4 1.0  65
3000 5 10 1 1.0  65
3000 5 10 2 1.0  65
3000 5 10 3 1.0  8
3000 5 10 4 1.0  65
3000 5 11 1 1.0  65
3000 5 11 2 1.0  65
3000 5 11 3 1.0  8
3000 5 11 4 1.0  65
3000 5 12 1 1.0  65
3000 5 12 2 1.0  65
3000 5 12 3 1.0  65
3000 5 12 4 1.0  65
3000 5 13 1 1.0  65
3000 5 13 2 1.0  65
3000 5 13 3 1.0  8
3000 5 13 4 1.0  65
3000 5 14 1 1.0  65
3000 5 14 2 1.0  65
3000 5 14 3 1.0  15
3000 5 14 4 1.0  65
3000 5 15 1 1.0  -1
3000 5 15 2 1.0  -1
3000 5 15 3 1.0  -1
3000 5 15 4 1.0  50
3000 5 16 1 1.0  8
3000 5 16 2 1.0  65
3000 5 16 3 1.0  65
3000 5 16 4 1.0  65
3000 5 17 1 1.0  65
3000 5 17 2 1.0  65
3000 5 17 3 1.0  8
3000 5 17 4 1.0  65
3000 5 18 1 1.0  65
3000 5 18 2 1.0  65
3000 5 18 3 1.0  65
3000 5 18 4 1.0  65
3000 5 19 1 1.0  65
3000 5 19 2 1.0  65
3000 5 19 3 1.0  23
3000 5 19 4 1.0  65
3000 5 20 1 1.0  65
3000 5 20 2 1.0  65
3000 5 20 3 1.0  65
3000 5 20 4 1.0  65
3000 5 21 1 1.0  23
3000 5 21 2 1.0  65
3000 5 21 3 1.0  65
3000 5 21 4 1.0  65
3000 5 22 1 1.0  8
3000 5 22 2 1.0  65
3000 5 22 3 1.0  65
3000 5 22 4 1.0  65
3000 5 23 1 1.0  23
3000 5 23 2 1.0  65
3000 5 23 3 1.0  65
3000 5 23 4 1.0  65
3000 5 24 1 1.0  15
3000 5 24 2 1.0  65
3000 5 24 3 1.0  65
3000 5 24 4 1.0  65
3000 5 25 1 1.0  65
3000 5 25 2 1.0  65
3000 5 25 3 1.0  65
3000 5 25 4 1.0  65
3500 5 1 1 1.0  -1
3500 5 1 2 1.0  -1
3500 5 1 3 1.0  65
3500 5 1 4 1.0  8
3500 5 2 1 1.0  65
3500 5 2 2 1.0  65
3500 5 2 3 1.0  65
3500 5 2 4 1.0  65
3500 5 3 1 1.0  65
3500 5 3 2 1.0  65
3500 5 3 3 1.0  65
3500 5 3 4 1.0  65
3500 5 4 1 1.0  65
3500 5 4 2 1.0  65
3500 5 4 3 1.0  65
3500 5 4 4 1.0  23
3500 5 5 1 1.0  65
3500 5 5 2 1.0  65
3500 5 5 3 1.0  15
3500 5 5 4 1.0  65
3500 5 6 1 1.0  65
3500 5 6 2 1.0  23
3500 5 6 3 1.0  65
3500 5 6 4 1.0  65
3500 5 7 1 1.0  65
3500 5 7 2 1.0  8
3500 5 7 3 1.0  65
3500 5 7 4 1.0  65
3500 5 8 1 1.0  65
3500 5 8 2 1.0  50
3500 5 8 3 1.0  65
3500 5 8 4 1.0  65
3500 5 9 1 1.0  23
3500 5 9 2 1.0  65
3500 5 9 3 1.0  65
3500 5 9 4 1.0  65
3500 5 10 1 1.0  65
3500 5 10 2 1.0  65
3500 5 10 3 1.0  8
3500 5 10 4 1.0  65
3500 5 11 1 1.0  65
3500 5 11 2 1.0  65
3500 5 11 3 1.0  8
3500 5 11 4 1.0  65
3500 5 12 1 1.0  65
3500 5 12 2 1.0  65
3500 5 12 3 1.0  65
3500 5 12 4 1.0  65
3500 5 13 1 1.0  65
3500 5 13 2 1.0  15
3500 5 13 3 1.0  65
3500 5 13 4 1.0  65
3500 5 14 1 1.0  65
3500 5 14 2 1.0  65
3500 5 14 3 1.0  15
3500 5 14 4 1.0  65
3500 5 15 1 1.0  65
3500 5 15 2 1.0  65
3500 5 15 3 1.0  65
3500 5 15 4 1.0  65
3500 5 16 1 1.0  65
3500 5 16 2 1.0  65
3500 5 16 3 1.0  65
3500 5 16 4 1.0  65
3500 5 17 1 1.0  65
3500 5 17 2 1.0  8
3500 5 17 3 1.0  65
3500 5 17 4 1.0  65
3500 5 18 1 1.0  65
3500 5 18 2 1.0  65
3500 5 18 3 1.0  65
3500 5 18 4 1.0  65
3500 5 19 1 1.0  65
3500 5 19 2 1.0  65
3500 5 19 3 1.0  23
3500 5 19 4 1.0  65
3500 5 20 1 1.0  65
3500 5 20 2 1.0  65
3500 5 20 3 1.0  65
3500 5 20 4 1.0  65
3500 5 21 1 1.0  23
3500 5 21 2 1.0  65
3500 5 21 3 1.0  65
3500 5 21 4 1.0  65
3500 5 22 1 1.0  65
3500 5 22 2 1.0  65
3500 5 22 3 1.0  15
3500 5 22 4 1.0  65
3500 5 23 1 1.0  23
3500 5 23 2 1.0  65
3500 5 23 3 1.0  65
3500 5 23 4 1.0  65
3500 5 24 1 1.0  15
3500 5 24 2 1.0  65
3500 5 24 3 1.0  65
3500 5 24 4 1.0  65
3500 5 25 1 1.0  65
3500 5 25 2 1.0  65
3500 5 25 3 1.0  65
3500 5 25 4 1.0  65
4000 5 1 1 1.0  65
4000 5 1 2 1.0  65
4000 5 1 3 1.0  65
4000 5 1 4 1.0  65
4000 5 2 1 1.0  65
4000 5 2 2 1.0  65
4000 5 2 3 1.0  65
4000 5 2 4 1.0  65
4000 5 3 1 1.0  65
4000 5 3 2 1.0  65
4000 5 3 3 1.0  65
4000 5 3 4 1.0  65
4000 5 4 1 1.0  65
4000 5 4 2 1.0  65
4000 5 4 3 1.0  65
4000 5 4 4 1.0  23
4000 5 5 1 1.0  65
4000 5 5 2 1.0  65
4000 5 5 3 1.0  65
4000 5 5 4 1.0  65
4000 5 6 1 1.0  65
4000 5 6 2 1.0  23
4000 5 6 3 1.0  65
4000 5 6 4 1.0  65
4000 5 7 1 1.0  23
4000 5 7 2 1.0  65
4000 5 7 3 1.0  65
4000 5 7 4 1.0  65
4000 5 8 1 1.0  65
4000 5 8 2 1.0  50
4000 5 8 3 1.0  65
4000 5 8 4 1.0  65
4000 5 9 1 1.0  23
4000 5 9 2 1.0  65
4000 5 9 3 1.0  65
4000 5 9 4 1.0  65
4000 5 10 1 1.0  23
4000 5 10 2 1.0  65
4000 5 10 3 1.0  65
4000 5 10 4 1.0  65
4000 5 11 1 1.0  65
4000 5 11 2 1.0  65
4000 5 11 3 1.0  65
4000 5 11 4 1.0  65
4000 5 12 1 1.0  65
4000 5 12 2 1.0  65
4000 5 12 3 1.0  65
4000 5 12 4 1.0  65
4000 5 13 1 1.0  65
4000 5 13 2 1.0  65
4000 5 13 3 1.0  65
4000 5 13 4 1.0  65
4000 5 14 1 1.0  -1
4000 5 14 2 1.0  65
4000 5 14 3 1.0  65
4000 5 14 4 1.0  65
4000 5 15 1 1.0  65
4000 5 15 2 1.0  65
4000 5 15 3 1.0  65
4000 5 15 4 1.0  65
4000 5 16 1 1.0  65
4000 5 16 2 1.0  65
4000 5 16 3 1.0  65
4000 5 16 4 1.0  65
4000 5 17 1 1.0  65
4000 5 17 2 1.0  65
4000 5 17 3 1.0  65
4000 5 17 4 1.0  65
4000 5 18 1 1.0  65
4000 5 18 2 1.0  65
4000 5 18 3 1.0  65
4000 5 18 4 1.0  65
4000 5 19 1 1.0  65
4000 5 19 2 1.0  65
4000 5 19 3 1.0  23
4000 5 19 4 1.0  65
4000 5 20 1 1.0  65
4000 5 20 2 1.0  65
4000 5 20 3 1.0  65
4000 5 20 4 1.0  65
4000 5 21 1 1.0  23
4000 5 21 2 1.0  65
4000 5 21 3 1.0  65
4000 5 21 4 1.0  65
4000 5 22 1 1.0  65
4000 5 22 2 1.0  65
4000 5 22 3 1.0  65
4000 5 22 4 1.0  65
4000 5 23 1 1.0  23
4000 5 23 2 1.0  65
4000 5 23 3 1.0  65
4000 5 23 4 1.0  65
4000 5 24 1 1.0  23
4000 5 24 2 1.0  65
4000 5 24 3 1.0  65
4000 5 24 4 1.0  65
4000 5 25 1 1.0  65
4000 5 25 2 1.0  65
4000 5 25 3 1.0  65
4000 5 25 4 1.0  65
4500 5 1 1 1.0  65
4500 5 1 2 1.0  65
4500 5 1 3 1.0  65
4500 5 1 4 1.0  65
4500 5 2 1 1.0  65
4500 5 2 2 1.0  65
4500 5 2 3 1.0  65
4500 5 2 4 1.0  65
4500 5 3 1 1.0  65
4500 5 3 2 1.0  65
4500 5 3 3 1.0  65
4500 5 3 4 1.0  65
4500 5 4 1 1.0  65
4500 5 4 2 1.0  65
4500 5 4 3 1.0  65
4500 5 4 4 1.0  65
4500 5 5 1 1.0  65
4500 5 5 2 1.0  65
4500 5 5 3 1.0  65
4500 5 5 4 1.0  65
4500 5 6 1 1.0  65
4500 5 6 2 1.0  23
4500 5 6 3 1.0  65
4500 5 6 4 1.0  65
4500 5 7 1 1.0  65
4500 5 7 2 1.0  65
4500 5 7 3 1.0  50
4500 5 7 4 1.0  65
4500 5 8 1 1.0  65
4500 5 8 2 1.0  50
4500 5 8 3 1.0  65
4500 5 8 4 1.0  65
4500 5 9 1 1.0  65
4500 5 9 2 1.0  65
4500 5 9 3 1.0  65
4500 5 9 4 1.0  65
4500 5 10 1 1.0  -1
4500 5 10 2 1.0  -1
4500 5 10 3 1.0  65
4500 5 10 4 1.0  -1
4500 5 11 1 1.0  65
4500 5 11 2 1.0  65
4500 5 11 3 1.0  65
4500 5 11 4 1.0  65
4500 5 12 1 1.0  65
4500 5 12 2 1.0  65
4500 5 12 3 1.0  65
4500 5 12 4 1.0  65
4500 5 13 1 1.0  65
4500 5 13 2 1.0  65
4500 5 13 3 1.0  65
4500 5 13 4 1.0  65
4500 5 14 1 1.0  65
4500 5 14 2 1.0  65
4500 5 14 3 1.0  65
4500 5 14 4 1.0  65
4500 5 15 1 1.0  65
4500 5 15 2 1.0  65
4500 5 15 3 1.0  65
4500 5 15 4 1.0  65
4500 5 16 1 1.0  65
4500 5 16 2 1.0  65
4500 5 16 3 1.0  65
4500 5 16 4 1.0  65
4500 5 17 1 1.0  65
4500 5 17 2 1.0  65
4500 5 17 3 1.0  65
4500 5 17 4 1.0  65
4500 5 18 1 1.0  65
4500 5 18 2 1.0  65
4500 5 18 3 1.0  65
4500 5 18 4 1.0  65
4500 5 19 1 1.0  65
4500 5 19 2 1.0  65
4500 5 19 3 1.0  65
4500 5 19 4 1.0  65
4500 5 20 1 1.0  65
4500 5 20 2 1.0  65
4500 5 20 3 1.0  65
4500 5 20 4 1.0  65
4500 5 21 1 1.0  23
4500 5 21 2 1.0  65
4500 5 21 3 1.0  65
4500 5 21 4 1.0  65
4500 5 22 1 1.0  65
4500 5 22 2 1.0  65
4500 5 22 3 1.0  65
4500 5 22 4 1.0  65
4500 5 23 1 1.0  65
4500 5 23 2 1.0  65
4500 5 23 3 1.0  65
4500 5 23 4 1.0  65
4500 5 24 1 1.0  65
4500 5 24 2 1.0  65
4500 5 24 3 1.0  23
4500 5 24 4 1.0  65
4500 5 25 1 1.0  65
4500 5 25 2 1.0  65
4500 5 25 3 1.0  65
4500 5 25 4 1.0  65
5000 5 1 1 1.0  65
5000 5 1 2 1.0  65
5000 5 1 3 1.0  65
5000 5 1 4 1.0  65
5000 5 2 1 1.0  65
5000 5 2 2 1.0  65
5000 5 2 3 1.0  65
5000 5 2 4 1.0  65
5000 5 3 1 1.0  65
5000 5 3 2 1.0  65
5000 5 3 3 1.0  65
5000 5 3 4 1.0  65
5000 5 4 1 1.0  65
5000 5 4 2 1.0  65
5000 5 4 3 1.0  65
5000 5 4 4 1.0  65
5000 5 5 1 1.0  65
5000 5 5 2 1.0  65
5000 5 5 3 1.0  65
5000 5 5 4 1.0  65
5000 5 6 1 1.0  6
5000 5 6 2 1.0  5
5000 5 6 3 1.0  65
5000 5 6 4 1.0  -1
5000 5 7 1 1.0  65
5000 5 7 2 1.0  65
5000 5 7 3 1.0  50
5000 5 7 4 1.0  65
5000 5 8 1 1.0  65
5000 5 8 2 1.0  50
5000 5 8 3 1.0  65
5000 5 8 4 1.0  65
5000 5 9 1 1.0  65
5000 5 9 2 1.0  65
5000 5 9 3 1.0  65
5000 5 9 4 1.0  65
5000 5 10 1 1.0  23
5000 5 10 2 1.0  65
5000 5 10 3 1.0  65
5000 5 10 4 1.0  65
5000 5 11 1 1.0  65
5000 5 11 2 1.0  65
5000 5 11 3 1.0  65
5000 5 11 4 1.0  65
5000 5 12 1 1.0  65
5000 5 12 2 1.0  65
5000 5 12 3 1.0  65
5000 5 12 4 1.0  65
5000 5 13 1 1.0  65
5000 5 13 2 1.0  65
5000 5 13 3 1.0  65
5000 5 13 4 1.0  65
5000 5 14 1 1.0  65
5000 5 14 2 1.0  65
5000 5 14 3 1.0  65
5000 5 14 4 1.0  65
5000 5 15 1 1.0  65
5000 5 15 2 1.0  65
5000 5 15 3 1.0  65
5000 5 15 4 1.0  65
5000 5 16 1 1.0  65
5000 5 16 2 1.0  65
5000 5 16 3 1.0  65
5000 5 16 4 1.0  65
5000 5 17 1 1.0  65
5000 5 17 2 1.0  65
5000 5 17 3 1.0  65
5000 5 17 4 1.0  65
5000 5 18 1 1.0  65
5000 5 18 2 1.0  65
5000 5 18 3 1.0  65
5000 5 18 4 1.0  65
5000 5 19 1 1.0  65
5000 5 19 2 1.0  65
5000 5 19 3 1.0  65
5000 5 19 4 1.0  65
5000 5 20 1 1.0  65
5000 5 20 2 1.0  65
5000 5 20 3 1.0  65
5000 5 20 4 1.0  65
5000 5 21 1 1.0  65
5000 5 21 2 1.0  65
5000 5 21 3 1.0  65
5000 5 21 4 1.0  65
5000 5 22 1 1.0  65
5000 5 22 2 1.0  65
5000 5 22 3 1.0  65
5000 5 22 4 1.0  65
5000 5 23 1 1.0  65
5000 5 23 2 1.0  65
5000 5 23 3 1.0  65
5000 5 23 4 1.0  65
5000 5 24 1 1.0  50
5000 5 24 2 1.0  65
5000 5 24 3 1.0  65
5000 5 24 4 1.0  65
5000 5 25 1 1.0  65
5000 5 25 2 1.0  65
5000 5 25 3 1.0  65
5000 5 25 4 1.0  65
500 6 1 1 1.0  -1
500 6 1 2 1.0  11
500 6 1 3 1.0  6
500 6 1 4 1.0  11
500 6 2 1 1.0  -1
500 6 2 2 1.0  6
500 6 2 3 1.0  6
500 6 2 4 1.0  13
500 6 3 1 1.0  6
500 6 3 2 1.0  8
500 6 3 3 1.0  5
500 6 3 4 1.0  8
500 6 4 1 1.0  -1
500 6 4 2 1.0  9
500 6 4 3 1.0  7
500 6 4 4 1.0  11
500 6 5 1 1.0  -1
500 6 5 2 1.0  -1
500 6 5 3 1.0  13
500 6 5 4 1.0  12
500 6 6 1 1.0  8
500 6 6 2 1.0  8
500 6 6 3 1.0  8
500 6 6 4 1.0  5
500 6 7 1 1.0  -1
500 6 7 2 1.0  9
500 6 7 3 1.0  8
500 6 7 4 1.0  13
500 6 8 1 1.0  -1
500 6 8 2 1.0  12
500 6 8 3 1.0  9
500 6 8 4 1.0  8
500 6 9 1 1.0  7
500 6 9 2 1.0  8
500 6 9 3 1.0  7
500 6 9 4 1.0  8
500 6 10 1 1.0  7
500 6 10 2 1.0  5
500 6 10 3 1.0  8
500 6 10 4 1.0  8
500 6 11 1 1.0  9
500 6 11 2 1.0  12
500 6 11 3 1.0  -1
500 6 11 4 1.0  5
500 6 12 1 1.0  8
500 6 12 2 1.0  7
500 6 12 3 1.0  8
500 6 12 4 1.0  5
500 6 13 1 1.0  11
500 6 13 2 1.0  7
500 6 13 3 1.0  8
500 6 13 4 1.0  -1
500 6 14 1 1.0  12
500 6 14 2 1.0  12
500 6 14 3 1.0  -1
500 6 14 4 1.0  11
500 6 15 1 1.0  5
500 6 15 2 1.0  7
500 6 15 3 1.0  7
500 6 15 4 1.0  7
500 6 16 1 1.0  12
500 6 16 2 1.0  9
500 6 16 3 1.0  5
500 6 16 4 1.0  11
500 6 17 1 1.0  4
500 6 17 2 1.0  8
500 6 17 3 1.0  8
500 6 17 4 1.0  7
500 6 18 1 1.0  6
500 6 18 2 1.0  -1
500 6 18 3 1.0  12
500 6 18 4 1.0  13
500 6 19 1 1.0  7
500 6 19 2 1.0  7
500 6 19 3 1.0  4
500 6 19 4 1.0  8
500 6 20 1 1.0  -1
500 6 20 2 1.0  6
500 6 20 3 1.0  11
500 6 20 4 1.0  8
500 6 21 1 1.0  -1
500 6 21 2 1.0  -1
500 6 21 3 1.0  13
500 6 21 4 1.0  12
500 6 22 1 1.0  8
500 6 22 2 1.0  7
500 6 22 3 1.0  7
500 6 22 4 1.0  8
500 6 23 1 1.0  7
500 6 23 2 1.0  8
500 6 23 3 1.0  11
500 6 23 4 1.0  -1
500 6 24 1 1.0  9
500 6 24 2 1.0  5
500 6 24 3 1.0  -1
500 6 24 4 1.0  11
500 6 25 1 1.0  12
500 6 25 2 1.0  5
500 6 25 3 1.0  -1
500 6 25 4 1.0  12
1000 6 1 1 1.0  17
1000 6 1 2 1.0  12
1000 6 1 3 1.0  16
1000 6 1 4 1.0  11
1000 6 2 1 1.0  12
1000 6 2 2 1.0  11
1000 6 2 3 1.0  12
1000 6 2 4 1.0  12
1000 6 3 1 1.0  12
1000 6 3 2 1.0  24
1000 6 3 3 1.0  12
1000 6 3 4 1.0  4
1000 6 4 1 1.0  17
1000 6 4 2 1.0  -1
1000 6 4 3 1.0  16
1000 6 4 4 1.0  11
1000 6 5 1 1.0  12
1000 6 5 2 1.0  12
1000 6 5 3 1.0  12
1000 6 5 4 1.0  11
1000 6 6 1 1.0  8
1000 6 6 2 1.0  12
1000 6 6 3 1.0  12
1000 6 6 4 1.0  12
1000 6 7 1 1.0  17
1000 6 7 2 1.0  17
1000 6 7 3 1.0  -1
1000 6 7 4 1.0  12
1000 6 8 1 1.0  8
1000 6 8 2 1.0  11
1000 6 8 3 1.0  12
1000 6 8 4 1.0  11
1000 6 9 1 1.0  17
1000 6 9 2 1.0  17
1000 6 9 3 1.0  -1
1000 6 9 4 1.0  8
1000 6 10 1 1.0  17
1000 6 10 2 1.0  14
1000 6 10 3 1.0  -1
1000 6 10 4 1.0  17
1000 6 11 1 1.0  11
1000 6 11 2 1.0  12
1000 6 11 3 1.0  12
1000 6 11 4 1.0  12
1000 6 12 1 1.0  24
1000 6 12 2 1.0  11
1000 6 12 3 1.0  17
1000 6 12 4 1.0  -1
1000 6 13 1 1.0  12
1000 6 13 2 1.0  11
1000 6 13 3 1.0  17
1000 6 13 4 1.0  12
1000 6 14 1 1.0  -1
1000 6 14 2 1.0  11
1000 6 14 3 1.0  17
1000 6 14 4 1.0  17
1000 6 15 1 1.0  12
1000 6 15 2 1.0  8
1000 6 15 3 1.0  17
1000 6 15 4 1.0  8
1000 6 16 1 1.0  11
1000 6 16 2 1.0  12
1000 6 16 3 1.0  17
1000 6 16 4 1.0  12
1000 6 17 1 1.0  12
1000 6 17 2 1.0  11
1000 6 17 3 1.0  11
1000 6 17 4 1.0  12
1000 6 18 1 1.0  12
1000 6 18 2 1.0  12
1000 6 18 3 1.0  12
1000 6 18 4 1.0  11
1000 6 19 1 1.0  -1
1000 6 19 2 1.0  14
1000 6 19 3 1.0  14
1000 6 19 4 1.0  14
1000 6 20 1 1.0  14
1000 6 20 2 1.0  17
1000 6 20 3 1.0  12
1000 6 20 4 1.0  12
1000 6 21 1 1.0  12
1000 6 21 2 1.0  12
1000 6 21 3 1.0  12
1000 6 21 4 1.0  11
1000 6 22 1 1.0  17
1000 6 22 2 1.0  14
1000 6 22 3 1.0  8
1000 6 22 4 1.0  17
1000 6 23 1 1.0  8
1000 6 23 2 1.0  -1
1000 6 23 3 1.0  17
1000 6 23 4 1.0  17
1000 6 24 1 1.0  12
1000 6 24 2 1.0  12
1000 6 24 3 1.0  12
1000 6 24 4 1.0  8
1000 6 25 1 1.0  5
1000 6 25 2 1.0  24
1000 6 25 3 1.0  8
1000 6 25 4 1.0  5
1500 6 1 1 1.0  17
1500 6 1 2 1.0  12
1500 6 1 3 1.0  16
1500 6 1 4 1.0  11
1500 6 2 1 1.0  16
1500 6 2 2 1.0  16
1500 6 2 3 1.0  17
1500 6 2 4 1.0  -1
1500 6 3 1 1.0  12
1500 6 3 2 1.0  24
1500 6 3 3 1.0  12
1500 6 3 4 1.0  4
1500 6 4 1 1.0  14
1500 6 4 2 1.0  11
1500 6 4 3 1.0  12
1500 6 4 4 1.0  12
1500 6 5 1 1.0  16
1500 6 5 2 1.0  8
1500 6 5 3 1.0  17
1500 6 5 4 1.0  17
1500 6 6 1 1.0  8
1500 6 6 2 1.0  8
1500 6 6 3 1.0  8
1500 6 6 4 1.0  24
1500 6 7 1 1.0  24
1500 6 7 2 1.0  -1
1500 6 7 3 1.0  9
1500 6 7 4 1.0  16
1500 6 8 1 1.0  14
1500 6 8 2 1.0  17
1500 6 8 3 1.0  16
1500 6 8 4 1.0  9
1500 6 9 1 1.0  17
1500 6 9 2 1.0  9
1500 6 9 3 1.0  12
1500 6 9 4 1.0  11
1500 6 10 1 1.0  17
1500 6 10 2 1.0  14
1500 6 10 3 1.0  -1
1500 6 10 4 1.0  17
1500 6 11 1 1.0  17
1500 6 11 2 1.0  -1
1500 6 11 3 1.0  16
1500 6 11 4 1.0  17
1500 6 12 1 1.0  24
1500 6 12 2 1.0  11
1500 6 12 3 1.0  17
1500 6 12 4 1.0  -1
1500 6 13 1 1.0  12
1500 6 13 2 1.0  11
1500 6 13 3 1.0  17
1500 6 13 4 1.0  12
1500 6 14 1 1.0  8
1500 6 14 2 1.0  8
1500 6 14 3 1.0  17
1500 6 14 4 1.0  16
1500 6 15 1 1.0  17
1500 6 15 2 1.0  17
1500 6 15 3 1.0  16
1500 6 15 4 1.0  -1
1500 6 16 1 1.0  11
1500 6 16 2 1.0  12
1500 6 16 3 1.0  17
1500 6 16 4 1.0  12
1500 6 17 1 1.0  16
1500 6 17 2 1.0  16
1500 6 17 3 1.0  8
1500 6 17 4 1.0  16
1500 6 18 1 1.0  12
1500 6 18 2 1.0  12
1500 6 18 3 1.0  12
1500 6 18 4 1.0  11
1500 6 19 1 1.0  14
1500 6 19 2 1.0  9
1500 6 19 3 1.0  16
1500 6 19 4 1.0  11
1500 6 20 1 1.0  14
1500 6 20 2 1.0  17
1500 6 20 3 1.0  12
1500 6 20 4 1.0  12
1500 6 21 1 1.0  17
1500 6 21 2 1.0  8
1500 6 21 3 1.0  16
1500 6 21 4 1.0  8
1500 6 22 1 1.0  17
1500 6 22 2 1.0  14
1500 6 22 3 1.0  8
1500 6 22 4 1.0  17
1500 6 23 1 1.0  14
1500 6 23 2 1.0  9
1500 6 23 3 1.0  11
1500 6 23 4 1.0  14
1500 6 24 1 1.0  -1
1500 6 24 2 1.0  14
1500 6 24 3 1.0  24
1500 6 24 4 1.0  16
1500 6 25 1 1.0  8
1500 6 25 2 1.0  16
1500 6 25 3 1.0  17
1500 6 25 4 1.0  16
2000 6 1 1 1.0  17
2000 6 1 2 1.0  12
2000 6 1 3 1.0  16
2000 6 1 4 1.0  11
2000 6 2 1 1.0  -1
2000 6 2 2 1.0  17
2000 6 2 3 1.0  17
2000 6 2 4 1.0  17
2000 6 3 1 1.0  16
2000 6 3 2 1.0  17
2000 6 3 3 1.0  17
2000 6 3 4 1.0  16
2000 6 4 1 1.0  -1
2000 6 4 2 1.0  -1
2000 6 4 3 1.0  3
2000 6 4 4 1.0  -1
2000 6 5 1 1.0  16
2000 6 5 2 1.0  8
2000 6 5 3 1.0  17
2000 6 5 4 1.0  17
2000 6 6 1 1.0  17
2000 6 6 2 1.0  17
2000 6 6 3 1.0  17
2000 6 6 4 1.0  3
2000 6 7 1 1.0  16
2000 6 7 2 1.0  17
2000 6 7 3 1.0  4
2000 6 7 4 1.0  17
2000 6 8 1 1.0  14
2000 6 8 2 1.0  17
2000 6 8 3 1.0  16
2000 6 8 4 1.0  9
2000 6 9 1 1.0  16
2000 6 9 2 1.0  17
2000 6 9 3 1.0  -1
2000 6 9 4 1.0  24
2000 6 10 1 1.0  17
2000 6 10 2 1.0  15
2000 6 10 3 1.0  12
2000 6 10 4 1.0  17
2000 6 11 1 1.0  9
2000 6 11 2 1.0  17
2000 6 11 3 1.0  16
2000 6 11 4 1.0  17
2000 6 12 1 1.0  24
2000 6 12 2 1.0  11
2000 6 12 3 1.0  17
2000 6 12 4 1.0  -1
2000 6 13 1 1.0  17
2000 6 13 2 1.0  24
2000 6 13 3 1.0  16
2000 6 13 4 1.0  8
2000 6 14 1 1.0  17
2000 6 14 2 1.0  17
2000 6 14 3 1.0  17
2000 6 14 4 1.0  17
2000 6 15 1 1.0  17
2000 6 15 2 1.0  17
2000 6 15 3 1.0  6
2000 6 15 4 1.0  17
2000 6 16 1 1.0  17
2000 6 16 2 1.0  -1
2000 6 16 3 1.0  17
2000 6 16 4 1.0  24
2000 6 17 1 1.0  16
2000 6 17 2 1.0  16
2000 6 17 3 1.0  8
2000 6 17 4 1.0  16
2000 6 18 1 1.0  -1
2000 6 18 2 1.0  17
2000 6 18 3 1.0  17
2000 6 18 4 1.0  24
2000 6 19 1 1.0  -1
2000 6 19 2 1.0  12
2000 6 19 3 1.0  17
2000 6 19 4 1.0  24
2000 6 20 1 1.0  14
2000 6 20 2 1.0  17
2000 6 20 3 1.0  12
2000 6 20 4 1.0  12
2000 6 21 1 1.0  16
2000 6 21 2 1.0  17
2000 6 21 3 1.0  16
2000 6 21 4 1.0  17
2000 6 22 1 1.0  17
2000 6 22 2 1.0  14
2000 6 22 3 1.0  8
2000 6 22 4 1.0  17
2000 6 23 1 1.0  17
2000 6 23 2 1.0  17
2000 6 23 3 1.0  17
2000 6 23 4 1.0  16
2000 6 24 1 1.0  -1
2000 6 24 2 1.0  14
2000 6 24 3 1.0  24
2000 6 24 4 1.0  16
2000 6 25 1 1.0  8
2000 6 25 2 1.0  16
2000 6 25 3 1.0  17
2000 6 25 4 1.0  16
2500 6 1 1 1.0  17
2500 6 1 2 1.0  17
2500 6 1 3 1.0  17
2500 6 1 4 1.0  17
2500 6 2 1 1.0  17
2500 6 2 2 1.0  17
2500 6 2 3 1.0  17
2500 6 2 4 1.0  17
2500 6 3 1 1.0  16
2500 6 3 2 1.0  17
2500 6 3 3 1.0  17
2500 6 3 4 1.0  16
2500 6 4 1 1.0  12
2500 6 4 2 1.0  17
2500 6 4 3 1.0  15
2500 6 4 4 1.0  17
2500 6 5 1 1.0  -1
2500 6 5 2 1.0  17
2500 6 5 3 1.0  17
2500 6 5 4 1.0  24
2500 6 6 1 1.0  17
2500 6 6 2 1.0  17
2500 6 6 3 1.0  17
2500 6 6 4 1.0  17
2500 6 7 1 1.0  9
2500 6 7 2 1.0  17
2500 6 7 3 1.0  17
2500 6 7 4 1.0  17
2500 6 8 1 1.0  17
2500 6 8 2 1.0  17
2500 6 8 3 1.0  17
2500 6 8 4 1.0  17
2500 6 9 1 1.0  -1
2500 6 9 2 1.0  17
2500 6 9 3 1.0  24
2500 6 9 4 1.0  17
2500 6 10 1 1.0  17
2500 6 10 2 1.0  15
2500 6 10 3 1.0  12
2500 6 10 4 1.0  17
2500 6 11 1 1.0  9
2500 6 11 2 1.0  17
2500 6 11 3 1.0  16
2500 6 11 4 1.0  17
2500 6 12 1 1.0  17
2500 6 12 2 1.0  24
2500 6 12 3 1.0  17
2500 6 12 4 1.0  -1
2500 6 13 1 1.0  17
2500 6 13 2 1.0  24
2500 6 13 3 1.0  16
2500 6 13 4 1.0  8
2500 6 14 1 1.0  17
2500 6 14 2 1.0  17
2500 6 14 3 1.0  17
2500 6 14 4 1.0  17
2500 6 15 1 1.0  -1
2500 6 15 2 1.0  17
2500 6 15 3 1.0  17
2500 6 15 4 1.0  24
2500 6 16 1 1.0  -1
2500 6 16 2 1.0  -1
2500 6 16 3 1.0  17
2500 6 16 4 1.0  -1
2500 6 17 1 1.0  17
2500 6 17 2 1.0  17
2500 6 17 3 1.0  17
2500 6 17 4 1.0  17
2500 6 18 1 1.0  -1
2500 6 18 2 1.0  17
2500 6 18 3 1.0  17
2500 6 18 4 1.0  24
2500 6 19 1 1.0  17
2500 6 19 2 1.0  17
2500 6 19 3 1.0  9
2500 6 19 4 1.0  17
2500 6 20 1 1.0  24
2500 6 20 2 1.0  17
2500 6 20 3 1.0  -1
2500 6 20 4 1.0  17
2500 6 21 1 1.0  16
2500 6 21 2 1.0  17
2500 6 21 3 1.0  16
2500 6 21 4 1.0  17
2500 6 22 1 1.0  17
2500 6 22 2 1.0  17
2500 6 22 3 1.0  17
2500 6 22 4 1.0  17
2500 6 23 1 1.0  17
2500 6 23 2 1.0  17
2500 6 23 3 1.0  17
2500 6 23 4 1.0  16
2500 6 24 1 1.0  17
2500 6 24 2 1.0  17
2500 6 24 3 1.0  17
2500 6 24 4 1.0  12
2500 6 25 1 1.0  17
2500 6 25 2 1.0  17
2500 6 25 3 1.0  17
2500 6 25 4 1.0  9
3000 6 1 1 1.0  17
3000 6 1 2 1.0  17
3000 6 1 3 1.0  17
3000 6 1 4 1.0  17
3000 6 2 1 1.0  17
3000 6 2 2 1.0  17
3000 6 2 3 1.0  17
3000 6 2 4 1.0  17
3000 6 3 1 1.0  16
3000 6 3 2 1.0  17
3000 6 3 3 1.0  17
3000 6 3 4 1.0  16
3000 6 4 1 1.0  17
3000 6 4 2 1.0  24
3000 6 4 3 1.0  -1
3000 6 4 4 1.0  24
3000 6 5 1 1.0  17
3000 6 5 2 1.0  17
3000 6 5 3 1.0  17
3000 6 5 4 1.0  17
3000 6 6 1 1.0  17
3000 6 6 2 1.0  17
3000 6 6 3 1.0  17
3000 6 6 4 1.0  17
3000 6 7 1 1.0  -1
3000 6 7 2 1.0  24
3000 6 7 3 1.0  24
3000 6 7 4 1.0  24
3000 6 8 1 1.0  17
3000 6 8 2 1.0  17
3000 6 8 3 1.0  17
3000 6 8 4 1.0  17
3000 6 9 1 1.0  17
3000 6 9 2 1.0  17
3000 6 9 3 1.0  17
3000 6 9 4 1.0  17
3000 6 10 1 1.0  24
3000 6 10 2 1.0  -1
3000 6 10 3 1.0  -1
3000 6 10 4 1.0  -1
3000 6 11 1 1.0  17
3000 6 11 2 1.0  17
3000 6 11 3 1.0  17
3000 6 11 4 1.0  17
3000 6 12 1 1.0  17
3000 6 12 2 1.0  24
3000 6 12 3 1.0  9
3000 6 12 4 1.0  17
3000 6 13 1 1.0  17
3000 6 13 2 1.0  24
3000 6 13 3 1.0  24
3000 6 13 4 1.0  24
3000 6 14 1 1.0  17
3000 6 14 2 1.0  17
3000 6 14 3 1.0  17
3000 6 14 4 1.0  17
3000 6 15 1 1.0  17
3000 6 15 2 1.0  17
3000 6 15 3 1.0  17
3000 6 15 4 1.0  17
3000 6 16 1 1.0  17
3000 6 16 2 1.0  24
3000 6 16 3 1.0  17
3000 6 16 4 1.0  17
3000 6 17 1 1.0  17
3000 6 17 2 1.0  17
3000 6 17 3 1.0  17
3000 6 17 4 1.0  17
3000 6 18 1 1.0  17
3000 6 18 2 1.0  17
3000 6 18 3 1.0  17
3000 6 18 4 1.0  17
3000 6 19 1 1.0  17
3000 6 19 2 1.0  17
3000 6 19 3 1.0  17
3000 6 19 4 1.0  17
3000 6 20 1 1.0  15
3000 6 20 2 1.0  17
3000 6 20 3 1.0  17
3000 6 20 4 1.0  17
3000 6 21 1 1.0  24
3000 6 21 2 1.0  24
3000 6 21 3 1.0  -1
3000 6 21 4 1.0  24
3000 6 22 1 1.0  17
3000 6 22 2 1.0  17
3000 6 22 3 1.0  17
3000 6 22 4 1.0  17
3000 6 23 1 1.0  17
3000 6 23 2 1.0  17
3000 6 23 3 1.0  17
3000 6 23 4 1.0  16
3000 6 24 1 1.0  17
3000 6 24 2 1.0  24
3000 6 24 3 1.0  17
3000 6 24 4 1.0  24
3000 6 25 1 1.0  17
3000 6 25 2 1.0  17
3000 6 25 3 1.0  17
3000 6 25 4 1.0  24
3500 6 1 1 1.0  24
3500 6 1 2 1.0  24
3500 6 1 3 1.0  -1
3500 6 1 4 1.0  24
3500 6 2 1 1.0  24
3500 6 2 2 1.0  24
3500 6 2 3 1.0  6
3500 6 2 4 1.0  24
3500 6 3 1 1.0  24
3500 6 3 2 1.0  12
3500 6 3 3 1.0  24
3500 6 3 4 1.0  24
3500 6 4 1 1.0  24
3500 6 4 2 1.0  24
3500 6 4 3 1.0  -1
3500 6 4 4 1.0  24
3500 6 5 1 1.0  24
3500 6 5 2 1.0  -1
3500 6 5 3 1.0  24
3500 6 5 4 1.0  24
3500 6 6 1 1.0  9
3500 6 6 2 1.0  24
3500 6 6 3 1.0  24
3500 6 6 4 1.0  24
3500 6 7 1 1.0  24
3500 6 7 2 1.0  24
3500 6 7 3 1.0  24
3500 6 7 4 1.0  -1
3500 6 8 1 1.0  -1
3500 6 8 2 1.0  24
3500 6 8 3 1.0  24
3500 6 8 4 1.0  24
3500 6 9 1 1.0  24
3500 6 9 2 1.0  24
3500 6 9 3 1.0  24
3500 6 9 4 1.0  24
3500 6 10 1 1.0  24
3500 6 10 2 1.0  24
3500 6 10 3 1.0  -1
3500 6 10 4 1.0  24
3500 6 11 1 1.0  9
3500 6 11 2 1.0  24
3500 6 11 3 1.0  24
3500 6 11 4 1.0  24
3500 6 12 1 1.0  24
3500 6 12 2 1.0  17
3500 6 12 3 1.0  24
3500 6 12 4 1.0  17
3500 6 13 1 1.0  17
3500 6 13 2 1.0  24
3500 6 13 3 1.0  24
3500 6 13 4 1.0  24
3500 6 14 1 1.0  24
3500 6 14 2 1.0  24
3500 6 14 3 1.0  24
3500 6 14 4 1.0  -1
3500 6 15 1 1.0  24
3500 6 15 2 1.0  -1
3500 6 15 3 1.0  24
3500 6 15 4 1.0  24
3500 6 16 1 1.0  17
3500 6 16 2 1.0  24
3500 6 16 3 1.0  17
3500 6 16 4 1.0  17
3500 6 17 1 1.0  24
3500 6 17 2 1.0  24
3500 6 17 3 1.0  24
3500 6 17 4 1.0  -1
3500 6 18 1 1.0  24
3500 6 18 2 1.0  24
3500 6 18 3 1.0  24
3500 6 18 4 1.0  24
3500 6 19 1 1.0  24
3500 6 19 2 1.0  -1
3500 6 19 3 1.0  24
3500 6 19 4 1.0  24
3500 6 20 1 1.0  24
3500 6 20 2 1.0  -1
3500 6 20 3 1.0  24
3500 6 20 4 1.0  24
3500 6 21 1 1.0  -1
3500 6 21 2 1.0  24
3500 6 21 3 1.0  -1
3500 6 21 4 1.0  24
3500 6 22 1 1.0  24
3500 6 22 2 1.0  -1
3500 6 22 3 1.0  24
3500 6 22 4 1.0  24
3500 6 23 1 1.0  24
3500 6 23 2 1.0  24
3500 6 23 3 1.0  -1
3500 6 23 4 1.0  24
3500 6 24 1 1.0  17
3500 6 24 2 1.0  24
3500 6 24 3 1.0  17
3500 6 24 4 1.0  24
3500 6 25 1 1.0  17
3500 6 25 2 1.0  17
3500 6 25 3 1.0  17
3500 6 25 4 1.0  24
4000 6 1 1 1.0  24
4000 6 1 2 1.0  24
4000 6 1 3 1.0  24
4000 6 1 4 1.0  24
4000 6 2 1 1.0  24
4000 6 2 2 1.0  24
4000 6 2 3 1.0  6
4000 6 2 4 1.0  24
4000 6 3 1 1.0  24
4000 6 3 2 1.0  12
4000 6 3 3 1.0  24
4000 6 3 4 1.0  24
4000 6 4 1 1.0  24
4000 6 4 2 1.0  24
4000 6 4 3 1.0  24
4000 6 4 4 1.0  -1
4000 6 5 1 1.0  24
4000 6 5 2 1.0  12
4000 6 5 3 1.0  24
4000 6 5 4 1.0  24
4000 6 6 1 1.0  9
4000 6 6 2 1.0  24
4000 6 6 3 1.0  24
4000 6 6 4 1.0  24
4000 6 7 1 1.0  24
4000 6 7 2 1.0  14
4000 6 7 3 1.0  24
4000 6 7 4 1.0  24
4000 6 8 1 1.0  24
4000 6 8 2 1.0  24
4000 6 8 3 1.0  -1
4000 6 8 4 1.0  24
4000 6 9 1 1.0  24
4000 6 9 2 1.0  24
4000 6 9 3 1.0  24
4000 6 9 4 1.0  24
4000 6 10 1 1.0  -1
4000 6 10 2 1.0  24
4000 6 10 3 1.0  24
4000 6 10 4 1.0  24
4000 6 11 1 1.0  9
4000 6 11 2 1.0  24
4000 6 11 3 1.0  24
4000 6 11 4 1.0  24
4000 6 12 1 1.0  24
4000 6 12 2 1.0  17
4000 6 12 3 1.0  24
4000 6 12 4 1.0  17
4000 6 13 1 1.0  17
4000 6 13 2 1.0  24
4000 6 13 3 1.0  24
4000 6 13 4 1.0  24
4000 6 14 1 1.0  24
4000 6 14 2 1.0  24
4000 6 14 3 1.0  24
4000 6 14 4 1.0  -1
4000 6 15 1 1.0  -1
4000 6 15 2 1.0  24
4000 6 15 3 1.0  24
4000 6 15 4 1.0  24
4000 6 16 1 1.0  17
4000 6 16 2 1.0  24
4000 6 16 3 1.0  17
4000 6 16 4 1.0  17
4000 6 17 1 1.0  24
4000 6 17 2 1.0  -1
4000 6 17 3 1.0  -1
4000 6 17 4 1.0  -1
4000 6 18 1 1.0  24
4000 6 18 2 1.0  24
4000 6 18 3 1.0  24
4000 6 18 4 1.0  24
4000 6 19 1 1.0  -1
4000 6 19 2 1.0  24
4000 6 19 3 1.0  24
4000 6 19 4 1.0  24
4000 6 20 1 1.0  24
4000 6 20 2 1.0  24
4000 6 20 3 1.0  24
4000 6 20 4 1.0  24
4000 6 21 1 1.0  24
4000 6 21 2 1.0  24
4000 6 21 3 1.0  24
4000 6 21 4 1.0  24
4000 6 22 1 1.0  24
4000 6 22 2 1.0  24
4000 6 22 3 1.0  24
4000 6 22 4 1.0  24
4000 6 23 1 1.0  18
4000 6 23 2 1.0  24
4000 6 23 3 1.0  24
4000 6 23 4 1.0  24
4000 6 24 1 1.0  17
4000 6 24 2 1.0  24
4000 6 24 3 1.0  17
4000 6 24 4 1.0  24
4000 6 25 1 1.0  17
4000 6 25 2 1.0  17
4000 6 25 3 1.0  17
4000 6 25 4 1.0  24
4500 6 1 1 1.0  24
4500 6 1 2 1.0  24
4500 6 1 3 1.0  24
4500 6 1 4 1.0  24
4500 6 2 1 1.0  9
4500 6 2 2 1.0  24
4500 6 2 3 1.0  24
4500 6 2 4 1.0  24
4500 6 3 1 1.0  24
4500 6 3 2 1.0  12
4500 6 3 3 1.0  24
4500 6 3 4 1.0  24
4500 6 4 1 1.0  24
4500 6 4 2 1.0  24
4500 6 4 3 1.0  24
4500 6 4 4 1.0  24
4500 6 5 1 1.0  24
4500 6 5 2 1.0  12
4500 6 5 3 1.0  24
4500 6 5 4 1.0  24
4500 6 6 1 1.0  9
4500 6 6 2 1.0  24
4500 6 6 3 1.0  24
4500 6 6 4 1.0  24
4500 6 7 1 1.0  24
4500 6 7 2 1.0  14
4500 6 7 3 1.0  24
4500 6 7 4 1.0  24
4500 6 8 1 1.0  24
4500 6 8 2 1.0  24
4500 6 8 3 1.0  24
4500 6 8 4 1.0  24
4500 6 9 1 1.0  24
4500 6 9 2 1.0  24
4500 6 9 3 1.0  24
4500 6 9 4 1.0  24
4500 6 10 1 1.0  24
4500 6 10 2 1.0  24
4500 6 10 3 1.0  24
4500 6 10 4 1.0  24
4500 6 11 1 1.0  9
4500 6 11 2 1.0  24
4500 6 11 3 1.0  24
4500 6 11 4 1.0  24
4500 6 12 1 1.0  24
4500 6 12 2 1.0  17
4500 6 12 3 1.0  24
4500 6 12 4 1.0  17
4500 6 13 1 1.0  17
4500 6 13 2 1.0  24
4500 6 13 3 1.0  24
4500 6 13 4 1.0  24
4500 6 14 1 1.0  17
4500 6 14 2 1.0  24
4500 6 14 3 1.0  24
4500 6 14 4 1.0  24
4500 6 15 1 1.0  24
4500 6 15 2 1.0  24
4500 6 15 3 1.0  24
4500 6 15 4 1.0  24
4500 6 16 1 1.0  24
4500 6 16 2 1.0  24
4500 6 16 3 1.0  -1
4500 6 16 4 1.0  24
4500 6 17 1 1.0  24
4500 6 17 2 1.0  24
4500 6 17 3 1.0  24
4500 6 17 4 1.0  24
4500 6 18 1 1.0  24
4500 6 18 2 1.0  24
4500 6 18 3 1.0  24
4500 6 18 4 1.0  24
4500 6 19 1 1.0  24
4500 6 19 2 1.0  17
4500 6 19 3 1.0  24
4500 6 19 4 1.0  24
4500 6 20 1 1.0  24
4500 6 20 2 1.0  24
4500 6 20 3 1.0  24
4500 6 20 4 1.0  24
4500 6 21 1 1.0  24
4500 6 21 2 1.0  24
4500 6 21 3 1.0  24
4500 6 21 4 1.0  24
4500 6 22 1 1.0  24
4500 6 22 2 1.0  24
4500 6 22 3 1.0  24
4500 6 22 4 1.0  24
4500 6 23 1 1.0  18
4500 6 23 2 1.0  24
4500 6 23 3 1.0  24
4500 6 23 4 1.0  24
4500 6 24 1 1.0  17
4500 6 24 2 1.0  24
4500 6 24 3 1.0  17
4500 6 24 4 1.0  24
4500 6 25 1 1.0  24
4500 6 25 2 1.0  24
4500 6 25 3 1.0  24
4500 6 25 4 1.0  24
5000 6 1 1 1.0  24
5000 6 1 2 1.0  24
5000 6 1 3 1.0  24
5000 6 1 4 1.0  24
5000 6 2 1 1.0  12
5000 6 2 2 1.0  24
5000 6 2 3 1.0  24
5000 6 2 4 1.0  24
5000 6 3 1 1.0  -1
5000 6 3 2 1.0  8
5000 6 3 3 1.0  -1
5000 6 3 4 1.0  24
5000 6 4 1 1.0  24
5000 6 4 2 1.0  24
5000 6 4 3 1.0  24
5000 6 4 4 1.0  24
5000 6 5 1 1.0  24
5000 6 5 2 1.0  24
5000 6 5 3 1.0  24
5000 6 5 4 1.0  24
5000 6 6 1 1.0  24
5000 6 6 2 1.0  24
5000 6 6 3 1.0  24
5000 6 6 4 1.0  24
5000 6 7 1 1.0  24
5000 6 7 2 1.0  14
5000 6 7 3 1.0  24
5000 6 7 4 1.0  24
5000 6 8 1 1.0  24
5000 6 8 2 1.0  24
5000 6 8 3 1.0  24
5000 6 8 4 1.0  24
5000 6 9 1 1.0  24
5000 6 9 2 1.0  24
5000 6 9 3 1.0  24
5000 6 9 4 1.0  24
5000 6 10 1 1.0  24
5000 6 10 2 1.0  24
5000 6 10 3 1.0  24
5000 6 10 4 1.0  24
5000 6 11 1 1.0  17
5000 6 11 2 1.0  24
5000 6 11 3 1.0  24
5000 6 11 4 1.0  24
5000 6 12 1 1.0  24
5000 6 12 2 1.0  24
5000 6 12 3 1.0  24
5000 6 12 4 1.0  24
5000 6 13 1 1.0  17
5000 6 13 2 1.0  24
5000 6 13 3 1.0  24
5000 6 13 4 1.0  24
5000 6 14 1 1.0  17
5000 6 14 2 1.0  24
5000 6 14 3 1.0  24
5000 6 14 4 1.0  24
5000 6 15 1 1.0  24
5000 6 15 2 1.0  24
5000 6 15 3 1.0  24
5000 6 15 4 1.0  24
5000 6 16 1 1.0  24
5000 6 16 2 1.0  24
5000 6 16 3 1.0  24
5000 6 16 4 1.0  24
5000 6 17 1 1.0  24
5000 6 17 2 1.0  24
5000 6 17 3 1.0  24
5000 6 17 4 1.0  24
5000 6 18 1 1.0  24
5000 6 18 2 1.0  24
5000 6 18 3 1.0  24
5000 6 18 4 1.0  24
5000 6 19 1 1.0  24
5000 6 19 2 1.0  17
5000 6 19 3 1.0  24
5000 6 19 4 1.0  24
5000 6 20 1 1.0  24
5000 6 20 2 1.0  24
5000 6 20 3 1.0  24
5000 6 20 4 1.0  24
5000 6 21 1 1.0  24
5000 6 21 2 1.0  24
5000 6 21 3 1.0  24
5000 6 21 4 1.0  24
5000 6 22 1 1.0  24
5000 6 22 2 1.0  24
5000 6 22 3 1.0  24
5000 6 22 4 1.0  24
5000 6 23 1 1.0  18
5000 6 23 2 1.0  24
5000 6 23 3 1.0  24
5000 6 23 4 1.0  24
5000 6 24 1 1.0  24
5000 6 24 2 1.0  24
5000 6 24 3 1.0  18
5000 6 24 4 1.0  24
5000 6 25 1 1.0  24
5000 6 25 2 1.0  24
5000 6 25 3 1.0  24
5000 6 25 4 1.0  24
