500 1 1 1 1.0  6
500 1 1 2 1.0  5
500 1 1 3 1.0  6
500 1 1 4 1.0  7
500 1 2 1 1.0  6
500 1 2 2 1.0  6
500 1 2 3 1.0  6
500 1 2 4 1.0  6
500 1 3 1 1.0  6
500 1 3 2 1.0  6
500 1 3 3 1.0  6
500 1 3 4 1.0  6
500 1 4 1 1.0  6
500 1 4 2 1.0  6
500 1 4 3 1.0  6
500 1 4 4 1.0  6
500 1 5 1 1.0  6
500 1 5 2 1.0  5
500 1 5 3 1.0  6
500 1 5 4 1.0  6
500 1 6 1 1.0  6
500 1 6 2 1.0  6
500 1 6 3 1.0  6
500 1 6 4 1.0  6
500 1 7 1 1.0  6
500 1 7 2 1.0  6
500 1 7 3 1.0  6
500 1 7 4 1.0  6
500 1 8 1 1.0  6
500 1 8 2 1.0  6
500 1 8 3 1.0  6
500 1 8 4 1.0  6
500 1 9 1 1.0  6
500 1 9 2 1.0  6
500 1 9 3 1.0  6
500 1 9 4 1.0  6
500 1 10 1 1.0  6
500 1 10 2 1.0  6
500 1 10 3 1.0  6
500 1 10 4 1.0  6
500 1 11 1 1.0  6
500 1 11 2 1.0  6
500 1 11 3 1.0  6
500 1 11 4 1.0  6
500 1 12 1 1.0  6
500 1 12 2 1.0  6
500 1 12 3 1.0  6
500 1 12 4 1.0  6
500 1 13 1 1.0  6
500 1 13 2 1.0  6
500 1 13 3 1.0  5
500 1 13 4 1.0  6
500 1 14 1 1.0  6
500 1 14 2 1.0  6
500 1 14 3 1.0  6
500 1 14 4 1.0  6
500 1 15 1 1.0  6
500 1 15 2 1.0  6
500 1 15 3 1.0  6
500 1 15 4 1.0  6
500 1 16 1 1.0  6
500 1 16 2 1.0  6
500 1 16 3 1.0  6
500 1 16 4 1.0  6
500 1 17 1 1.0  6
500 1 17 2 1.0  6
500 1 17 3 1.0  6
500 1 17 4 1.0  5
500 1 18 1 1.0  6
500 1 18 2 1.0  6
500 1 18 3 1.0  6
500 1 18 4 1.0  6
500 1 19 1 1.0  6
500 1 19 2 1.0  6
500 1 19 3 1.0  6
500 1 19 4 1.0  6
500 1 20 1 1.0  6
500 1 20 2 1.0  6
500 1 20 3 1.0  6
500 1 20 4 1.0  6
500 1 21 1 1.0  5
500 1 21 2 1.0  6
500 1 21 3 1.0  6
500 1 21 4 1.0  6
500 1 22 1 1.0  6
500 1 22 2 1.0  6
500 1 22 3 1.0  6
500 1 22 4 1.0  6
500 1 23 1 1.0  6
500 1 23 2 1.0  6
500 1 23 3 1.0  6
500 1 23 4 1.0  6
500 1 24 1 1.0  6
500 1 24 2 1.0  6
500 1 24 3 1.0  6
500 1 24 4 1.0  6
500 1 25 1 1.0  6
500 1 25 2 1.0  5
500 1 25 3 1.0  6
500 1 25 4 1.0  6
1000 1 1 1 1.0  96
1000 1 1 2 1.0  -1
1000 1 1 3 1.0  14
1000 1 1 4 1.0  -1
1000 1 2 1 1.0  96
1000 1 2 2 1.0  22
1000 1 2 3 1.0  32
1000 1 2 4 1.0  -1
1000 1 3 1 1.0  22
1000 1 3 2 1.0  96
1000 1 3 3 1.0  -1
1000 1 3 4 1.0  -1
1000 1 4 1 1.0  21
1000 1 4 2 1.0  -1
1000 1 4 3 1.0  96
1000 1 4 4 1.0  -1
1000 1 5 1 1.0  -1
1000 1 5 2 1.0  96
1000 1 5 3 1.0  -1
1000 1 5 4 1.0  96
1000 1 6 1 1.0  -1
1000 1 6 2 1.0  96
1000 1 6 3 1.0  -1
1000 1 6 4 1.0  22
1000 1 7 1 1.0  11
1000 1 7 2 1.0  -1
1000 1 7 3 1.0  96
1000 1 7 4 1.0  47
1000 1 8 1 1.0  -1
1000 1 8 2 1.0  14
1000 1 8 3 1.0  96
1000 1 8 4 1.0  -1
1000 1 9 1 1.0  96
1000 1 9 2 1.0  -1
1000 1 9 3 1.0  96
1000 1 9 4 1.0  -1
1000 1 10 1 1.0  -1
1000 1 10 2 1.0  96
1000 1 10 3 1.0  -1
1000 1 10 4 1.0  15
1000 1 11 1 1.0  96
1000 1 11 2 1.0  41
1000 1 11 3 1.0  13
1000 1 11 4 1.0  -1
1000 1 12 1 1.0  -1
1000 1 12 2 1.0  96
1000 1 12 3 1.0  -1
1000 1 12 4 1.0  96
1000 1 13 1 1.0  -1
1000 1 13 2 1.0  -1
1000 1 13 3 1.0  22
1000 1 13 4 1.0  96
1000 1 14 1 1.0  24
1000 1 14 2 1.0  96
1000 1 14 3 1.0  3
1000 1 14 4 1.0  24
1000 1 15 1 1.0  -1
1000 1 15 2 1.0  -1
1000 1 15 3 1.0  -1
1000 1 15 4 1.0  -1
1000 1 16 1 1.0  -1
1000 1 16 2 1.0  11
1000 1 16 3 1.0  -1
1000 1 16 4 1.0  96
1000 1 17 1 1.0  96
1000 1 17 2 1.0  96
1000 1 17 3 1.0  -1
1000 1 17 4 1.0  -1
1000 1 18 1 1.0  -1
1000 1 18 2 1.0  -1
1000 1 18 3 1.0  29
1000 1 18 4 1.0  96
1000 1 19 1 1.0  -1
1000 1 19 2 1.0  18
1000 1 19 3 1.0  -1
1000 1 19 4 1.0  96
1000 1 20 1 1.0  22
1000 1 20 2 1.0  96
1000 1 20 3 1.0  22
1000 1 20 4 1.0  -1
1000 1 21 1 1.0  -1
1000 1 21 2 1.0  -1
1000 1 21 3 1.0  11
1000 1 21 4 1.0  96
1000 1 22 1 1.0  96
1000 1 22 2 1.0  13
1000 1 22 3 1.0  -1
1000 1 22 4 1.0  -1
1000 1 23 1 1.0  96
1000 1 23 2 1.0  -1
1000 1 23 3 1.0  -1
1000 1 23 4 1.0  96
1000 1 24 1 1.0  24
1000 1 24 2 1.0  96
1000 1 24 3 1.0  22
1000 1 24 4 1.0  -1
1000 1 25 1 1.0  96
1000 1 25 2 1.0  24
1000 1 25 3 1.0  23
1000 1 25 4 1.0  -1
1500 1 1 1 1.0  96
1500 1 1 2 1.0  96
1500 1 1 3 1.0  -1
1500 1 1 4 1.0  96
1500 1 2 1 1.0  3
1500 1 2 2 1.0  -1
1500 1 2 3 1.0  96
1500 1 2 4 1.0  96
1500 1 3 1 1.0  96
1500 1 3 2 1.0  -1
1500 1 3 3 1.0  96
1500 1 3 4 1.0  96
1500 1 4 1 1.0  9
1500 1 4 2 1.0  96
1500 1 4 3 1.0  96
1500 1 4 4 1.0  2
1500 1 5 1 1.0  96
1500 1 5 2 1.0  96
1500 1 5 3 1.0  96
1500 1 5 4 1.0  96
1500 1 6 1 1.0  -1
1500 1 6 2 1.0  96
1500 1 6 3 1.0  96
1500 1 6 4 1.0  96
1500 1 7 1 1.0  96
1500 1 7 2 1.0  -1
1500 1 7 3 1.0  96
1500 1 7 4 1.0  96
1500 1 8 1 1.0  13
1500 1 8 2 1.0  -1
1500 1 8 3 1.0  96
1500 1 8 4 1.0  96
1500 1 9 1 1.0  -1
1500 1 9 2 1.0  96
1500 1 9 3 1.0  96
1500 1 9 4 1.0  96
1500 1 10 1 1.0  -1
1500 1 10 2 1.0  3
1500 1 10 3 1.0  96
1500 1 10 4 1.0  96
1500 1 11 1 1.0  -1
1500 1 11 2 1.0  96
1500 1 11 3 1.0  -1
1500 1 11 4 1.0  96
1500 1 12 1 1.0  96
1500 1 12 2 1.0  -1
1500 1 12 3 1.0  96
1500 1 12 4 1.0  3
1500 1 13 1 1.0  96
1500 1 13 2 1.0  96
1500 1 13 3 1.0  96
1500 1 13 4 1.0  -1
1500 1 14 1 1.0  96
1500 1 14 2 1.0  96
1500 1 14 3 1.0  96
1500 1 14 4 1.0  96
1500 1 15 1 1.0  47
1500 1 15 2 1.0  96
1500 1 15 3 1.0  -1
1500 1 15 4 1.0  96
1500 1 16 1 1.0  -1
1500 1 16 2 1.0  96
1500 1 16 3 1.0  -1
1500 1 16 4 1.0  96
1500 1 17 1 1.0  3
1500 1 17 2 1.0  11
1500 1 17 3 1.0  96
1500 1 17 4 1.0  96
1500 1 18 1 1.0  -1
1500 1 18 2 1.0  12
1500 1 18 3 1.0  96
1500 1 18 4 1.0  96
1500 1 19 1 1.0  -1
1500 1 19 2 1.0  96
1500 1 19 3 1.0  96
1500 1 19 4 1.0  96
1500 1 20 1 1.0  -1
1500 1 20 2 1.0  96
1500 1 20 3 1.0  19
1500 1 20 4 1.0  96
1500 1 21 1 1.0  96
1500 1 21 2 1.0  13
1500 1 21 3 1.0  -1
1500 1 21 4 1.0  96
1500 1 22 1 1.0  96
1500 1 22 2 1.0  -1
1500 1 22 3 1.0  96
1500 1 22 4 1.0  96
1500 1 23 1 1.0  47
1500 1 23 2 1.0  96
1500 1 23 3 1.0  96
1500 1 23 4 1.0  -1
1500 1 24 1 1.0  3
1500 1 24 2 1.0  96
1500 1 24 3 1.0  96
1500 1 24 4 1.0  -1
1500 1 25 1 1.0  96
1500 1 25 2 1.0  4
1500 1 25 3 1.0  96
1500 1 25 4 1.0  -1
2000 1 1 1 1.0  96
2000 1 1 2 1.0  96
2000 1 1 3 1.0  -1
2000 1 1 4 1.0  96
2000 1 2 1 1.0  -1
2000 1 2 2 1.0  96
2000 1 2 3 1.0  96
2000 1 2 4 1.0  96
2000 1 3 1 1.0  96
2000 1 3 2 1.0  -1
2000 1 3 3 1.0  96
2000 1 3 4 1.0  96
2000 1 4 1 1.0  96
2000 1 4 2 1.0  96
2000 1 4 3 1.0  96
2000 1 4 4 1.0  96
2000 1 5 1 1.0  96
2000 1 5 2 1.0  96
2000 1 5 3 1.0  96
2000 1 5 4 1.0  96
2000 1 6 1 1.0  -1
2000 1 6 2 1.0  96
2000 1 6 3 1.0  96
2000 1 6 4 1.0  96
2000 1 7 1 1.0  96
2000 1 7 2 1.0  -1
2000 1 7 3 1.0  96
2000 1 7 4 1.0  96
2000 1 8 1 1.0  96
2000 1 8 2 1.0  96
2000 1 8 3 1.0  11
2000 1 8 4 1.0  96
2000 1 9 1 1.0  -1
2000 1 9 2 1.0  96
2000 1 9 3 1.0  96
2000 1 9 4 1.0  96
2000 1 10 1 1.0  96
2000 1 10 2 1.0  96
2000 1 10 3 1.0  96
2000 1 10 4 1.0  11
2000 1 11 1 1.0  96
2000 1 11 2 1.0  -1
2000 1 11 3 1.0  96
2000 1 11 4 1.0  96
2000 1 12 1 1.0  -1
2000 1 12 2 1.0  96
2000 1 12 3 1.0  96
2000 1 12 4 1.0  96
2000 1 13 1 1.0  96
2000 1 13 2 1.0  -1
2000 1 13 3 1.0  96
2000 1 13 4 1.0  96
2000 1 14 1 1.0  96
2000 1 14 2 1.0  96
2000 1 14 3 1.0  96
2000 1 14 4 1.0  96
2000 1 15 1 1.0  96
2000 1 15 2 1.0  -1
2000 1 15 3 1.0  96
2000 1 15 4 1.0  96
2000 1 16 1 1.0  96
2000 1 16 2 1.0  -1
2000 1 16 3 1.0  96
2000 1 16 4 1.0  96
2000 1 17 1 1.0  96
2000 1 17 2 1.0  96
2000 1 17 3 1.0  -1
2000 1 17 4 1.0  96
2000 1 18 1 1.0  96
2000 1 18 2 1.0  96
2000 1 18 3 1.0  -1
2000 1 18 4 1.0  96
2000 1 19 1 1.0  96
2000 1 19 2 1.0  96
2000 1 19 3 1.0  -1
2000 1 19 4 1.0  96
2000 1 20 1 1.0  96
2000 1 20 2 1.0  -1
2000 1 20 3 1.0  -1
2000 1 20 4 1.0  -1
2000 1 21 1 1.0  96
2000 1 21 2 1.0  -1
2000 1 21 3 1.0  96
2000 1 21 4 1.0  96
2000 1 22 1 1.0  96
2000 1 22 2 1.0  -1
2000 1 22 3 1.0  96
2000 1 22 4 1.0  96
2000 1 23 1 1.0  96
2000 1 23 2 1.0  -1
2000 1 23 3 1.0  96
2000 1 23 4 1.0  96
2000 1 24 1 1.0  96
2000 1 24 2 1.0  96
2000 1 24 3 1.0  96
2000 1 24 4 1.0  96
2000 1 25 1 1.0  96
2000 1 25 2 1.0  -1
2000 1 25 3 1.0  96
2000 1 25 4 1.0  96
2500 1 1 1 1.0  96
2500 1 1 2 1.0  96
2500 1 1 3 1.0  96
2500 1 1 4 1.0  96
2500 1 2 1 1.0  96
2500 1 2 2 1.0  96
2500 1 2 3 1.0  -1
2500 1 2 4 1.0  96
2500 1 3 1 1.0  96
2500 1 3 2 1.0  96
2500 1 3 3 1.0  96
2500 1 3 4 1.0  96
2500 1 4 1 1.0  96
2500 1 4 2 1.0  96
2500 1 4 3 1.0  96
2500 1 4 4 1.0  96
2500 1 5 1 1.0  96
2500 1 5 2 1.0  96
2500 1 5 3 1.0  96
2500 1 5 4 1.0  96
2500 1 6 1 1.0  96
2500 1 6 2 1.0  47
2500 1 6 3 1.0  96
2500 1 6 4 1.0  96
2500 1 7 1 1.0  96
2500 1 7 2 1.0  96
2500 1 7 3 1.0  96
2500 1 7 4 1.0  96
2500 1 8 1 1.0  96
2500 1 8 2 1.0  96
2500 1 8 3 1.0  11
2500 1 8 4 1.0  96
2500 1 9 1 1.0  96
2500 1 9 2 1.0  96
2500 1 9 3 1.0  96
2500 1 9 4 1.0  18
2500 1 10 1 1.0  96
2500 1 10 2 1.0  96
2500 1 10 3 1.0  96
2500 1 10 4 1.0  11
2500 1 11 1 1.0  96
2500 1 11 2 1.0  96
2500 1 11 3 1.0  47
2500 1 11 4 1.0  96
2500 1 12 1 1.0  96
2500 1 12 2 1.0  96
2500 1 12 3 1.0  11
2500 1 12 4 1.0  96
2500 1 13 1 1.0  96
2500 1 13 2 1.0  96
2500 1 13 3 1.0  96
2500 1 13 4 1.0  96
2500 1 14 1 1.0  96
2500 1 14 2 1.0  96
2500 1 14 3 1.0  96
2500 1 14 4 1.0  96
2500 1 15 1 1.0  96
2500 1 15 2 1.0  18
2500 1 15 3 1.0  96
2500 1 15 4 1.0  96
2500 1 16 1 1.0  -1
2500 1 16 2 1.0  96
2500 1 16 3 1.0  96
2500 1 16 4 1.0  96
2500 1 17 1 1.0  96
2500 1 17 2 1.0  96
2500 1 17 3 1.0  -1
2500 1 17 4 1.0  96
2500 1 18 1 1.0  -1
2500 1 18 2 1.0  96
2500 1 18 3 1.0  96
2500 1 18 4 1.0  96
2500 1 19 1 1.0  96
2500 1 19 2 1.0  18
2500 1 19 3 1.0  96
2500 1 19 4 1.0  96
2500 1 20 1 1.0  -1
2500 1 20 2 1.0  -1
2500 1 20 3 1.0  96
2500 1 20 4 1.0  12
2500 1 21 1 1.0  96
2500 1 21 2 1.0  96
2500 1 21 3 1.0  96
2500 1 21 4 1.0  96
2500 1 22 1 1.0  96
2500 1 22 2 1.0  96
2500 1 22 3 1.0  96
2500 1 22 4 1.0  96
2500 1 23 1 1.0  96
2500 1 23 2 1.0  96
2500 1 23 3 1.0  96
2500 1 23 4 1.0  96
2500 1 24 1 1.0  96
2500 1 24 2 1.0  96
2500 1 24 3 1.0  96
2500 1 24 4 1.0  96
2500 1 25 1 1.0  96
2500 1 25 2 1.0  96
2500 1 25 3 1.0  96
2500 1 25 4 1.0  -1
3000 1 1 1 1.0  96
3000 1 1 2 1.0  96
3000 1 1 3 1.0  96
3000 1 1 4 1.0  96
3000 1 2 1 1.0  96
3000 1 2 2 1.0  96
3000 1 2 3 1.0  96
3000 1 2 4 1.0  96
3000 1 3 1 1.0  96
3000 1 3 2 1.0  96
3000 1 3 3 1.0  96
3000 1 3 4 1.0  96
3000 1 4 1 1.0  96
3000 1 4 2 1.0  96
3000 1 4 3 1.0  96
3000 1 4 4 1.0  96
3000 1 5 1 1.0  96
3000 1 5 2 1.0  96
3000 1 5 3 1.0  96
3000 1 5 4 1.0  96
3000 1 6 1 1.0  96
3000 1 6 2 1.0  47
3000 1 6 3 1.0  96
3000 1 6 4 1.0  96
3000 1 7 1 1.0  96
3000 1 7 2 1.0  96
3000 1 7 3 1.0  96
3000 1 7 4 1.0  96
3000 1 8 1 1.0  96
3000 1 8 2 1.0  96
3000 1 8 3 1.0  11
3000 1 8 4 1.0  96
3000 1 9 1 1.0  96
3000 1 9 2 1.0  96
3000 1 9 3 1.0  96
3000 1 9 4 1.0  18
3000 1 10 1 1.0  96
3000 1 10 2 1.0  96
3000 1 10 3 1.0  96
3000 1 10 4 1.0  11
3000 1 11 1 1.0  96
3000 1 11 2 1.0  96
3000 1 11 3 1.0  47
3000 1 11 4 1.0  96
3000 1 12 1 1.0  96
3000 1 12 2 1.0  96
3000 1 12 3 1.0  11
3000 1 12 4 1.0  96
3000 1 13 1 1.0  96
3000 1 13 2 1.0  96
3000 1 13 3 1.0  96
3000 1 13 4 1.0  96
3000 1 14 1 1.0  96
3000 1 14 2 1.0  96
3000 1 14 3 1.0  96
3000 1 14 4 1.0  96
3000 1 15 1 1.0  96
3000 1 15 2 1.0  18
3000 1 15 3 1.0  96
3000 1 15 4 1.0  96
3000 1 16 1 1.0  96
3000 1 16 2 1.0  96
3000 1 16 3 1.0  96
3000 1 16 4 1.0  96
3000 1 17 1 1.0  96
3000 1 17 2 1.0  96
3000 1 17 3 1.0  3
3000 1 17 4 1.0  96
3000 1 18 1 1.0  -1
3000 1 18 2 1.0  96
3000 1 18 3 1.0  96
3000 1 18 4 1.0  96
3000 1 19 1 1.0  96
3000 1 19 2 1.0  18
3000 1 19 3 1.0  96
3000 1 19 4 1.0  96
3000 1 20 1 1.0  96
3000 1 20 2 1.0  96
3000 1 20 3 1.0  96
3000 1 20 4 1.0  96
3000 1 21 1 1.0  96
3000 1 21 2 1.0  96
3000 1 21 3 1.0  96
3000 1 21 4 1.0  96
3000 1 22 1 1.0  96
3000 1 22 2 1.0  96
3000 1 22 3 1.0  96
3000 1 22 4 1.0  96
3000 1 23 1 1.0  96
3000 1 23 2 1.0  96
3000 1 23 3 1.0  96
3000 1 23 4 1.0  96
3000 1 24 1 1.0  96
3000 1 24 2 1.0  96
3000 1 24 3 1.0  96
3000 1 24 4 1.0  96
3000 1 25 1 1.0  96
3000 1 25 2 1.0  96
3000 1 25 3 1.0  3
3000 1 25 4 1.0  96
3500 1 1 1 1.0  96
3500 1 1 2 1.0  96
3500 1 1 3 1.0  96
3500 1 1 4 1.0  96
3500 1 2 1 1.0  96
3500 1 2 2 1.0  96
3500 1 2 3 1.0  96
3500 1 2 4 1.0  96
3500 1 3 1 1.0  96
3500 1 3 2 1.0  96
3500 1 3 3 1.0  96
3500 1 3 4 1.0  96
3500 1 4 1 1.0  96
3500 1 4 2 1.0  96
3500 1 4 3 1.0  96
3500 1 4 4 1.0  96
3500 1 5 1 1.0  96
3500 1 5 2 1.0  96
3500 1 5 3 1.0  96
3500 1 5 4 1.0  96
3500 1 6 1 1.0  96
3500 1 6 2 1.0  47
3500 1 6 3 1.0  96
3500 1 6 4 1.0  96
3500 1 7 1 1.0  96
3500 1 7 2 1.0  96
3500 1 7 3 1.0  96
3500 1 7 4 1.0  96
3500 1 8 1 1.0  -1
3500 1 8 2 1.0  -1
3500 1 8 3 1.0  47
3500 1 8 4 1.0  -1
3500 1 9 1 1.0  96
3500 1 9 2 1.0  96
3500 1 9 3 1.0  96
3500 1 9 4 1.0  18
3500 1 10 1 1.0  47
3500 1 10 2 1.0  96
3500 1 10 3 1.0  96
3500 1 10 4 1.0  96
3500 1 11 1 1.0  96
3500 1 11 2 1.0  96
3500 1 11 3 1.0  47
3500 1 11 4 1.0  96
3500 1 12 1 1.0  96
3500 1 12 2 1.0  96
3500 1 12 3 1.0  96
3500 1 12 4 1.0  96
3500 1 13 1 1.0  96
3500 1 13 2 1.0  96
3500 1 13 3 1.0  96
3500 1 13 4 1.0  96
3500 1 14 1 1.0  96
3500 1 14 2 1.0  96
3500 1 14 3 1.0  96
3500 1 14 4 1.0  96
3500 1 15 1 1.0  96
3500 1 15 2 1.0  18
3500 1 15 3 1.0  96
3500 1 15 4 1.0  96
3500 1 16 1 1.0  96
3500 1 16 2 1.0  96
3500 1 16 3 1.0  96
3500 1 16 4 1.0  96
3500 1 17 1 1.0  96
3500 1 17 2 1.0  96
3500 1 17 3 1.0  96
3500 1 17 4 1.0  96
3500 1 18 1 1.0  47
3500 1 18 2 1.0  96
3500 1 18 3 1.0  96
3500 1 18 4 1.0  96
3500 1 19 1 1.0  96
3500 1 19 2 1.0  18
3500 1 19 3 1.0  96
3500 1 19 4 1.0  96
3500 1 20 1 1.0  96
3500 1 20 2 1.0  96
3500 1 20 3 1.0  96
3500 1 20 4 1.0  96
3500 1 21 1 1.0  96
3500 1 21 2 1.0  96
3500 1 21 3 1.0  96
3500 1 21 4 1.0  96
3500 1 22 1 1.0  96
3500 1 22 2 1.0  96
3500 1 22 3 1.0  96
3500 1 22 4 1.0  96
3500 1 23 1 1.0  96
3500 1 23 2 1.0  96
3500 1 23 3 1.0  96
3500 1 23 4 1.0  96
3500 1 24 1 1.0  96
3500 1 24 2 1.0  96
3500 1 24 3 1.0  96
3500 1 24 4 1.0  96
3500 1 25 1 1.0  96
3500 1 25 2 1.0  96
3500 1 25 3 1.0  96
3500 1 25 4 1.0  96
4000 1 1 1 1.0  96
4000 1 1 2 1.0  96
4000 1 1 3 1.0  96
4000 1 1 4 1.0  96
4000 1 2 1 1.0  96
4000 1 2 2 1.0  96
4000 1 2 3 1.0  96
4000 1 2 4 1.0  96
4000 1 3 1 1.0  96
4000 1 3 2 1.0  96
4000 1 3 3 1.0  96
4000 1 3 4 1.0  96
4000 1 4 1 1.0  96
4000 1 4 2 1.0  96
4000 1 4 3 1.0  96
4000 1 4 4 1.0  96
4000 1 5 1 1.0  96
4000 1 5 2 1.0  96
4000 1 5 3 1.0  96
4000 1 5 4 1.0  96
4000 1 6 1 1.0  96
4000 1 6 2 1.0  47
4000 1 6 3 1.0  96
4000 1 6 4 1.0  96
4000 1 7 1 1.0  96
4000 1 7 2 1.0  96
4000 1 7 3 1.0  96
4000 1 7 4 1.0  96
4000 1 8 1 1.0  96
4000 1 8 2 1.0  96
4000 1 8 3 1.0  96
4000 1 8 4 1.0  96
4000 1 9 1 1.0  96
4000 1 9 2 1.0  47
4000 1 9 3 1.0  96
4000 1 9 4 1.0  96
4000 1 10 1 1.0  47
4000 1 10 2 1.0  96
4000 1 10 3 1.0  96
4000 1 10 4 1.0  96
4000 1 11 1 1.0  12
4000 1 11 2 1.0  -1
4000 1 11 3 1.0  96
4000 1 11 4 1.0  96
4000 1 12 1 1.0  96
4000 1 12 2 1.0  96
4000 1 12 3 1.0  96
4000 1 12 4 1.0  96
4000 1 13 1 1.0  96
4000 1 13 2 1.0  96
4000 1 13 3 1.0  96
4000 1 13 4 1.0  96
4000 1 14 1 1.0  96
4000 1 14 2 1.0  96
4000 1 14 3 1.0  96
4000 1 14 4 1.0  96
4000 1 15 1 1.0  96
4000 1 15 2 1.0  96
4000 1 15 3 1.0  96
4000 1 15 4 1.0  96
4000 1 16 1 1.0  96
4000 1 16 2 1.0  96
4000 1 16 3 1.0  96
4000 1 16 4 1.0  96
4000 1 17 1 1.0  96
4000 1 17 2 1.0  96
4000 1 17 3 1.0  96
4000 1 17 4 1.0  96
4000 1 18 1 1.0  47
4000 1 18 2 1.0  96
4000 1 18 3 1.0  96
4000 1 18 4 1.0  96
4000 1 19 1 1.0  96
4000 1 19 2 1.0  96
4000 1 19 3 1.0  96
4000 1 19 4 1.0  96
4000 1 20 1 1.0  96
4000 1 20 2 1.0  96
4000 1 20 3 1.0  96
4000 1 20 4 1.0  96
4000 1 21 1 1.0  96
4000 1 21 2 1.0  96
4000 1 21 3 1.0  96
4000 1 21 4 1.0  96
4000 1 22 1 1.0  96
4000 1 22 2 1.0  96
4000 1 22 3 1.0  96
4000 1 22 4 1.0  96
4000 1 23 1 1.0  96
4000 1 23 2 1.0  96
4000 1 23 3 1.0  96
4000 1 23 4 1.0  96
4000 1 24 1 1.0  96
4000 1 24 2 1.0  96
4000 1 24 3 1.0  96
4000 1 24 4 1.0  96
4000 1 25 1 1.0  96
4000 1 25 2 1.0  96
4000 1 25 3 1.0  96
4000 1 25 4 1.0  96
4500 1 1 1 1.0  96
4500 1 1 2 1.0  96
4500 1 1 3 1.0  96
4500 1 1 4 1.0  96
4500 1 2 1 1.0  96
4500 1 2 2 1.0  96
4500 1 2 3 1.0  96
4500 1 2 4 1.0  96
4500 1 3 1 1.0  96
4500 1 3 2 1.0  96
4500 1 3 3 1.0  96
4500 1 3 4 1.0  96
4500 1 4 1 1.0  96
4500 1 4 2 1.0  96
4500 1 4 3 1.0  96
4500 1 4 4 1.0  96
4500 1 5 1 1.0  96
4500 1 5 2 1.0  96
4500 1 5 3 1.0  96
4500 1 5 4 1.0  96
4500 1 6 1 1.0  -1
4500 1 6 2 1.0  -1
4500 1 6 3 1.0  -1
4500 1 6 4 1.0  -1
4500 1 7 1 1.0  96
4500 1 7 2 1.0  96
4500 1 7 3 1.0  96
4500 1 7 4 1.0  96
4500 1 8 1 1.0  96
4500 1 8 2 1.0  96
4500 1 8 3 1.0  96
4500 1 8 4 1.0  96
4500 1 9 1 1.0  96
4500 1 9 2 1.0  47
4500 1 9 3 1.0  96
4500 1 9 4 1.0  96
4500 1 10 1 1.0  96
4500 1 10 2 1.0  96
4500 1 10 3 1.0  96
4500 1 10 4 1.0  96
4500 1 11 1 1.0  96
4500 1 11 2 1.0  96
4500 1 11 3 1.0  96
4500 1 11 4 1.0  96
4500 1 12 1 1.0  96
4500 1 12 2 1.0  96
4500 1 12 3 1.0  96
4500 1 12 4 1.0  96
4500 1 13 1 1.0  96
4500 1 13 2 1.0  96
4500 1 13 3 1.0  96
4500 1 13 4 1.0  96
4500 1 14 1 1.0  96
4500 1 14 2 1.0  96
4500 1 14 3 1.0  96
4500 1 14 4 1.0  96
4500 1 15 1 1.0  96
4500 1 15 2 1.0  96
4500 1 15 3 1.0  96
4500 1 15 4 1.0  96
4500 1 16 1 1.0  96
4500 1 16 2 1.0  96
4500 1 16 3 1.0  96
4500 1 16 4 1.0  96
4500 1 17 1 1.0  96
4500 1 17 2 1.0  96
4500 1 17 3 1.0  96
4500 1 17 4 1.0  96
4500 1 18 1 1.0  47
4500 1 18 2 1.0  96
4500 1 18 3 1.0  96
4500 1 18 4 1.0  96
4500 1 19 1 1.0  96
4500 1 19 2 1.0  96
4500 1 19 3 1.0  96
4500 1 19 4 1.0  96
4500 1 20 1 1.0  96
4500 1 20 2 1.0  96
4500 1 20 3 1.0  96
4500 1 20 4 1.0  96
4500 1 21 1 1.0  96
4500 1 21 2 1.0  96
4500 1 21 3 1.0  96
4500 1 21 4 1.0  96
4500 1 22 1 1.0  96
4500 1 22 2 1.0  96
4500 1 22 3 1.0  96
4500 1 22 4 1.0  96
4500 1 23 1 1.0  96
4500 1 23 2 1.0  96
4500 1 23 3 1.0  96
4500 1 23 4 1.0  96
4500 1 24 1 1.0  96
4500 1 24 2 1.0  96
4500 1 24 3 1.0  96
4500 1 24 4 1.0  96
4500 1 25 1 1.0  96
4500 1 25 2 1.0  96
4500 1 25 3 1.0  96
4500 1 25 4 1.0  96
5000 1 1 1 1.0  96
5000 1 1 2 1.0  96
5000 1 1 3 1.0  96
5000 1 1 4 1.0  96
5000 1 2 1 1.0  96
5000 1 2 2 1.0  96
5000 1 2 3 1.0  96
5000 1 2 4 1.0  96
5000 1 3 1 1.0  96
5000 1 3 2 1.0  96
5000 1 3 3 1.0  96
5000 1 3 4 1.0  96
5000 1 4 1 1.0  96
5000 1 4 2 1.0  96
5000 1 4 3 1.0  96
5000 1 4 4 1.0  96
5000 1 5 1 1.0  96
5000 1 5 2 1.0  96
5000 1 5 3 1.0  96
5000 1 5 4 1.0  96
5000 1 6 1 1.0  96
5000 1 6 2 1.0  96
5000 1 6 3 1.0  96
5000 1 6 4 1.0  96
5000 1 7 1 1.0  96
5000 1 7 2 1.0  96
5000 1 7 3 1.0  96
5000 1 7 4 1.0  96
5000 1 8 1 1.0  96
5000 1 8 2 1.0  96
5000 1 8 3 1.0  96
5000 1 8 4 1.0  96
5000 1 9 1 1.0  -1
5000 1 9 2 1.0  96
5000 1 9 3 1.0  -1
5000 1 9 4 1.0  18
5000 1 10 1 1.0  96
5000 1 10 2 1.0  96
5000 1 10 3 1.0  96
5000 1 10 4 1.0  96
5000 1 11 1 1.0  96
5000 1 11 2 1.0  96
5000 1 11 3 1.0  96
5000 1 11 4 1.0  96
5000 1 12 1 1.0  96
5000 1 12 2 1.0  96
5000 1 12 3 1.0  96
5000 1 12 4 1.0  96
5000 1 13 1 1.0  96
5000 1 13 2 1.0  96
5000 1 13 3 1.0  96
5000 1 13 4 1.0  96
5000 1 14 1 1.0  96
5000 1 14 2 1.0  96
5000 1 14 3 1.0  96
5000 1 14 4 1.0  96
5000 1 15 1 1.0  96
5000 1 15 2 1.0  96
5000 1 15 3 1.0  96
5000 1 15 4 1.0  96
5000 1 16 1 1.0  96
5000 1 16 2 1.0  96
5000 1 16 3 1.0  96
5000 1 16 4 1.0  96
5000 1 17 1 1.0  96
5000 1 17 2 1.0  96
5000 1 17 3 1.0  96
5000 1 17 4 1.0  96
5000 1 18 1 1.0  96
5000 1 18 2 1.0  96
5000 1 18 3 1.0  96
5000 1 18 4 1.0  96
5000 1 19 1 1.0  96
5000 1 19 2 1.0  96
5000 1 19 3 1.0  96
5000 1 19 4 1.0  96
5000 1 20 1 1.0  96
5000 1 20 2 1.0  96
5000 1 20 3 1.0  96
5000 1 20 4 1.0  96
5000 1 21 1 1.0  96
5000 1 21 2 1.0  96
5000 1 21 3 1.0  96
5000 1 21 4 1.0  96
5000 1 22 1 1.0  96
5000 1 22 2 1.0  96
5000 1 22 3 1.0  96
5000 1 22 4 1.0  96
5000 1 23 1 1.0  96
5000 1 23 2 1.0  96
5000 1 23 3 1.0  96
5000 1 23 4 1.0  96
5000 1 24 1 1.0  96
5000 1 24 2 1.0  96
5000 1 24 3 1.0  96
5000 1 24 4 1.0  96
5000 1 25 1 1.0  96
5000 1 25 2 1.0  96
5000 1 25 3 1.0  96
5000 1 25 4 1.0  96
500 2 1 1 1.0  7
500 2 1 2 1.0  7
500 2 1 3 1.0  7
500 2 1 4 1.0  8
500 2 2 1 1.0  8
500 2 2 2 1.0  5
500 2 2 3 1.0  8
500 2 2 4 1.0  8
500 2 3 1 1.0  8
500 2 3 2 1.0  8
500 2 3 3 1.0  8
500 2 3 4 1.0  8
500 2 4 1 1.0  7
500 2 4 2 1.0  8
500 2 4 3 1.0  8
500 2 4 4 1.0  7
500 2 5 1 1.0  8
500 2 5 2 1.0  8
500 2 5 3 1.0  8
500 2 5 4 1.0  6
500 2 6 1 1.0  8
500 2 6 2 1.0  8
500 2 6 3 1.0  8
500 2 6 4 1.0  8
500 2 7 1 1.0  8
500 2 7 2 1.0  8
500 2 7 3 1.0  8
500 2 7 4 1.0  8
500 2 8 1 1.0  8
500 2 8 2 1.0  8
500 2 8 3 1.0  8
500 2 8 4 1.0  8
500 2 9 1 1.0  8
500 2 9 2 1.0  8
500 2 9 3 1.0  8
500 2 9 4 1.0  8
500 2 10 1 1.0  8
500 2 10 2 1.0  8
500 2 10 3 1.0  8
500 2 10 4 1.0  8
500 2 11 1 1.0  8
500 2 11 2 1.0  8
500 2 11 3 1.0  8
500 2 11 4 1.0  8
500 2 12 1 1.0  7
500 2 12 2 1.0  7
500 2 12 3 1.0  7
500 2 12 4 1.0  7
500 2 13 1 1.0  8
500 2 13 2 1.0  8
500 2 13 3 1.0  8
500 2 13 4 1.0  8
500 2 14 1 1.0  8
500 2 14 2 1.0  8
500 2 14 3 1.0  8
500 2 14 4 1.0  8
500 2 15 1 1.0  8
500 2 15 2 1.0  8
500 2 15 3 1.0  8
500 2 15 4 1.0  8
500 2 16 1 1.0  8
500 2 16 2 1.0  8
500 2 16 3 1.0  8
500 2 16 4 1.0  8
500 2 17 1 1.0  8
500 2 17 2 1.0  8
500 2 17 3 1.0  8
500 2 17 4 1.0  5
500 2 18 1 1.0  8
500 2 18 2 1.0  8
500 2 18 3 1.0  6
500 2 18 4 1.0  8
500 2 19 1 1.0  8
500 2 19 2 1.0  6
500 2 19 3 1.0  8
500 2 19 4 1.0  8
500 2 20 1 1.0  8
500 2 20 2 1.0  8
500 2 20 3 1.0  8
500 2 20 4 1.0  8
500 2 21 1 1.0  8
500 2 21 2 1.0  8
500 2 21 3 1.0  -1
500 2 21 4 1.0  8
500 2 22 1 1.0  7
500 2 22 2 1.0  7
500 2 22 3 1.0  8
500 2 22 4 1.0  8
500 2 23 1 1.0  5
500 2 23 2 1.0  8
500 2 23 3 1.0  8
500 2 23 4 1.0  8
500 2 24 1 1.0  6
500 2 24 2 1.0  7
500 2 24 3 1.0  7
500 2 24 4 1.0  8
500 2 25 1 1.0  8
500 2 25 2 1.0  8
500 2 25 3 1.0  8
500 2 25 4 1.0  8
1000 2 1 1 1.0  10
1000 2 1 2 1.0  9
1000 2 1 3 1.0  -1
1000 2 1 4 1.0  27
1000 2 2 1 1.0  -1
1000 2 2 2 1.0  52
1000 2 2 3 1.0  -1
1000 2 2 4 1.0  52
1000 2 3 1 1.0  -1
1000 2 3 2 1.0  -1
1000 2 3 3 1.0  -1
1000 2 3 4 1.0  52
1000 2 4 1 1.0  -1
1000 2 4 2 1.0  -1
1000 2 4 3 1.0  52
1000 2 4 4 1.0  -1
1000 2 5 1 1.0  25
1000 2 5 2 1.0  9
1000 2 5 3 1.0  9
1000 2 5 4 1.0  10
1000 2 6 1 1.0  9
1000 2 6 2 1.0  25
1000 2 6 3 1.0  9
1000 2 6 4 1.0  -1
1000 2 7 1 1.0  -1
1000 2 7 2 1.0  52
1000 2 7 3 1.0  4
1000 2 7 4 1.0  -1
1000 2 8 1 1.0  27
1000 2 8 2 1.0  9
1000 2 8 3 1.0  9
1000 2 8 4 1.0  10
1000 2 9 1 1.0  9
1000 2 9 2 1.0  25
1000 2 9 3 1.0  9
1000 2 9 4 1.0  9
1000 2 10 1 1.0  -1
1000 2 10 2 1.0  27
1000 2 10 3 1.0  9
1000 2 10 4 1.0  52
1000 2 11 1 1.0  -1
1000 2 11 2 1.0  -1
1000 2 11 3 1.0  52
1000 2 11 4 1.0  -1
1000 2 12 1 1.0  9
1000 2 12 2 1.0  27
1000 2 12 3 1.0  -1
1000 2 12 4 1.0  9
1000 2 13 1 1.0  13
1000 2 13 2 1.0  52
1000 2 13 3 1.0  9
1000 2 13 4 1.0  -1
1000 2 14 1 1.0  27
1000 2 14 2 1.0  7
1000 2 14 3 1.0  -1
1000 2 14 4 1.0  13
1000 2 15 1 1.0  9
1000 2 15 2 1.0  -1
1000 2 15 3 1.0  10
1000 2 15 4 1.0  27
1000 2 16 1 1.0  -1
1000 2 16 2 1.0  9
1000 2 16 3 1.0  10
1000 2 16 4 1.0  25
1000 2 17 1 1.0  4
1000 2 17 2 1.0  -1
1000 2 17 3 1.0  52
1000 2 17 4 1.0  -1
1000 2 18 1 1.0  -1
1000 2 18 2 1.0  -1
1000 2 18 3 1.0  52
1000 2 18 4 1.0  -1
1000 2 19 1 1.0  52
1000 2 19 2 1.0  52
1000 2 19 3 1.0  13
1000 2 19 4 1.0  -1
1000 2 20 1 1.0  52
1000 2 20 2 1.0  -1
1000 2 20 3 1.0  -1
1000 2 20 4 1.0  -1
1000 2 21 1 1.0  -1
1000 2 21 2 1.0  -1
1000 2 21 3 1.0  52
1000 2 21 4 1.0  25
1000 2 22 1 1.0  10
1000 2 22 2 1.0  27
1000 2 22 3 1.0  10
1000 2 22 4 1.0  -1
1000 2 23 1 1.0  52
1000 2 23 2 1.0  -1
1000 2 23 3 1.0  52
1000 2 23 4 1.0  -1
1000 2 24 1 1.0  9
1000 2 24 2 1.0  27
1000 2 24 3 1.0  10
1000 2 24 4 1.0  9
1000 2 25 1 1.0  13
1000 2 25 2 1.0  52
1000 2 25 3 1.0  -1
1000 2 25 4 1.0  -1
1500 2 1 1 1.0  52
1500 2 1 2 1.0  -1
1500 2 1 3 1.0  52
1500 2 1 4 1.0  9
1500 2 2 1 1.0  52
1500 2 2 2 1.0  52
1500 2 2 3 1.0  -1
1500 2 2 4 1.0  52
1500 2 3 1 1.0  52
1500 2 3 2 1.0  52
1500 2 3 3 1.0  -1
1500 2 3 4 1.0  52
1500 2 4 1 1.0  52
1500 2 4 2 1.0  52
1500 2 4 3 1.0  -1
1500 2 4 4 1.0  52
1500 2 5 1 1.0  52
1500 2 5 2 1.0  52
1500 2 5 3 1.0  4
1500 2 5 4 1.0  52
1500 2 6 1 1.0  -1
1500 2 6 2 1.0  52
1500 2 6 3 1.0  52
1500 2 6 4 1.0  52
1500 2 7 1 1.0  52
1500 2 7 2 1.0  52
1500 2 7 3 1.0  52
1500 2 7 4 1.0  52
1500 2 8 1 1.0  -1
1500 2 8 2 1.0  52
1500 2 8 3 1.0  52
1500 2 8 4 1.0  52
1500 2 9 1 1.0  52
1500 2 9 2 1.0  52
1500 2 9 3 1.0  52
1500 2 9 4 1.0  -1
1500 2 10 1 1.0  52
1500 2 10 2 1.0  52
1500 2 10 3 1.0  52
1500 2 10 4 1.0  -1
1500 2 11 1 1.0  52
1500 2 11 2 1.0  52
1500 2 11 3 1.0  52
1500 2 11 4 1.0  4
1500 2 12 1 1.0  52
1500 2 12 2 1.0  52
1500 2 12 3 1.0  -1
1500 2 12 4 1.0  52
1500 2 13 1 1.0  52
1500 2 13 2 1.0  52
1500 2 13 3 1.0  52
1500 2 13 4 1.0  4
1500 2 14 1 1.0  52
1500 2 14 2 1.0  52
1500 2 14 3 1.0  52
1500 2 14 4 1.0  52
1500 2 15 1 1.0  52
1500 2 15 2 1.0  52
1500 2 15 3 1.0  52
1500 2 15 4 1.0  -1
1500 2 16 1 1.0  52
1500 2 16 2 1.0  52
1500 2 16 3 1.0  52
1500 2 16 4 1.0  -1
1500 2 17 1 1.0  -1
1500 2 17 2 1.0  52
1500 2 17 3 1.0  52
1500 2 17 4 1.0  52
1500 2 18 1 1.0  52
1500 2 18 2 1.0  52
1500 2 18 3 1.0  -1
1500 2 18 4 1.0  52
1500 2 19 1 1.0  52
1500 2 19 2 1.0  52
1500 2 19 3 1.0  52
1500 2 19 4 1.0  -1
1500 2 20 1 1.0  52
1500 2 20 2 1.0  -1
1500 2 20 3 1.0  52
1500 2 20 4 1.0  52
1500 2 21 1 1.0  52
1500 2 21 2 1.0  -1
1500 2 21 3 1.0  52
1500 2 21 4 1.0  52
1500 2 22 1 1.0  -1
1500 2 22 2 1.0  52
1500 2 22 3 1.0  52
1500 2 22 4 1.0  52
1500 2 23 1 1.0  52
1500 2 23 2 1.0  52
1500 2 23 3 1.0  -1
1500 2 23 4 1.0  52
1500 2 24 1 1.0  52
1500 2 24 2 1.0  52
1500 2 24 3 1.0  52
1500 2 24 4 1.0  -1
1500 2 25 1 1.0  -1
1500 2 25 2 1.0  52
1500 2 25 3 1.0  52
1500 2 25 4 1.0  52
2000 2 1 1 1.0  -1
2000 2 1 2 1.0  52
2000 2 1 3 1.0  52
2000 2 1 4 1.0  52
2000 2 2 1 1.0  52
2000 2 2 2 1.0  52
2000 2 2 3 1.0  -1
2000 2 2 4 1.0  52
2000 2 3 1 1.0  52
2000 2 3 2 1.0  52
2000 2 3 3 1.0  52
2000 2 3 4 1.0  52
2000 2 4 1 1.0  52
2000 2 4 2 1.0  52
2000 2 4 3 1.0  52
2000 2 4 4 1.0  -1
2000 2 5 1 1.0  52
2000 2 5 2 1.0  52
2000 2 5 3 1.0  4
2000 2 5 4 1.0  52
2000 2 6 1 1.0  52
2000 2 6 2 1.0  -1
2000 2 6 3 1.0  52
2000 2 6 4 1.0  52
2000 2 7 1 1.0  52
2000 2 7 2 1.0  52
2000 2 7 3 1.0  52
2000 2 7 4 1.0  52
2000 2 8 1 1.0  52
2000 2 8 2 1.0  52
2000 2 8 3 1.0  52
2000 2 8 4 1.0  -1
2000 2 9 1 1.0  -1
2000 2 9 2 1.0  52
2000 2 9 3 1.0  52
2000 2 9 4 1.0  52
2000 2 10 1 1.0  52
2000 2 10 2 1.0  -1
2000 2 10 3 1.0  52
2000 2 10 4 1.0  52
2000 2 11 1 1.0  52
2000 2 11 2 1.0  52
2000 2 11 3 1.0  52
2000 2 11 4 1.0  4
2000 2 12 1 1.0  52
2000 2 12 2 1.0  52
2000 2 12 3 1.0  52
2000 2 12 4 1.0  3
2000 2 13 1 1.0  52
2000 2 13 2 1.0  52
2000 2 13 3 1.0  52
2000 2 13 4 1.0  4
2000 2 14 1 1.0  52
2000 2 14 2 1.0  52
2000 2 14 3 1.0  52
2000 2 14 4 1.0  52
2000 2 15 1 1.0  52
2000 2 15 2 1.0  52
2000 2 15 3 1.0  52
2000 2 15 4 1.0  -1
2000 2 16 1 1.0  52
2000 2 16 2 1.0  -1
2000 2 16 3 1.0  -1
2000 2 16 4 1.0  -1
2000 2 17 1 1.0  52
2000 2 17 2 1.0  52
2000 2 17 3 1.0  52
2000 2 17 4 1.0  52
2000 2 18 1 1.0  -1
2000 2 18 2 1.0  52
2000 2 18 3 1.0  52
2000 2 18 4 1.0  52
2000 2 19 1 1.0  52
2000 2 19 2 1.0  52
2000 2 19 3 1.0  52
2000 2 19 4 1.0  -1
2000 2 20 1 1.0  52
2000 2 20 2 1.0  -1
2000 2 20 3 1.0  52
2000 2 20 4 1.0  52
2000 2 21 1 1.0  52
2000 2 21 2 1.0  52
2000 2 21 3 1.0  52
2000 2 21 4 1.0  -1
2000 2 22 1 1.0  52
2000 2 22 2 1.0  52
2000 2 22 3 1.0  52
2000 2 22 4 1.0  52
2000 2 23 1 1.0  52
2000 2 23 2 1.0  52
2000 2 23 3 1.0  52
2000 2 23 4 1.0  -1
2000 2 24 1 1.0  52
2000 2 24 2 1.0  52
2000 2 24 3 1.0  52
2000 2 24 4 1.0  52
2000 2 25 1 1.0  52
2000 2 25 2 1.0  -1
2000 2 25 3 1.0  52
2000 2 25 4 1.0  52
2500 2 1 1 1.0  52
2500 2 1 2 1.0  52
2500 2 1 3 1.0  52
2500 2 1 4 1.0  6
2500 2 2 1 1.0  52
2500 2 2 2 1.0  -1
2500 2 2 3 1.0  52
2500 2 2 4 1.0  52
2500 2 3 1 1.0  52
2500 2 3 2 1.0  52
2500 2 3 3 1.0  52
2500 2 3 4 1.0  52
2500 2 4 1 1.0  52
2500 2 4 2 1.0  52
2500 2 4 3 1.0  52
2500 2 4 4 1.0  52
2500 2 5 1 1.0  52
2500 2 5 2 1.0  52
2500 2 5 3 1.0  4
2500 2 5 4 1.0  52
2500 2 6 1 1.0  52
2500 2 6 2 1.0  52
2500 2 6 3 1.0  52
2500 2 6 4 1.0  -1
2500 2 7 1 1.0  52
2500 2 7 2 1.0  52
2500 2 7 3 1.0  52
2500 2 7 4 1.0  52
2500 2 8 1 1.0  52
2500 2 8 2 1.0  3
2500 2 8 3 1.0  52
2500 2 8 4 1.0  52
2500 2 9 1 1.0  -1
2500 2 9 2 1.0  52
2500 2 9 3 1.0  52
2500 2 9 4 1.0  52
2500 2 10 1 1.0  52
2500 2 10 2 1.0  -1
2500 2 10 3 1.0  -1
2500 2 10 4 1.0  52
2500 2 11 1 1.0  52
2500 2 11 2 1.0  52
2500 2 11 3 1.0  52
2500 2 11 4 1.0  4
2500 2 12 1 1.0  52
2500 2 12 2 1.0  52
2500 2 12 3 1.0  52
2500 2 12 4 1.0  3
2500 2 13 1 1.0  52
2500 2 13 2 1.0  52
2500 2 13 3 1.0  52
2500 2 13 4 1.0  4
2500 2 14 1 1.0  52
2500 2 14 2 1.0  52
2500 2 14 3 1.0  52
2500 2 14 4 1.0  52
2500 2 15 1 1.0  3
2500 2 15 2 1.0  52
2500 2 15 3 1.0  52
2500 2 15 4 1.0  52
2500 2 16 1 1.0  52
2500 2 16 2 1.0  52
2500 2 16 3 1.0  52
2500 2 16 4 1.0  -1
2500 2 17 1 1.0  52
2500 2 17 2 1.0  52
2500 2 17 3 1.0  52
2500 2 17 4 1.0  52
2500 2 18 1 1.0  52
2500 2 18 2 1.0  3
2500 2 18 3 1.0  52
2500 2 18 4 1.0  52
2500 2 19 1 1.0  52
2500 2 19 2 1.0  52
2500 2 19 3 1.0  -1
2500 2 19 4 1.0  52
2500 2 20 1 1.0  52
2500 2 20 2 1.0  -1
2500 2 20 3 1.0  52
2500 2 20 4 1.0  52
2500 2 21 1 1.0  52
2500 2 21 2 1.0  52
2500 2 21 3 1.0  52
2500 2 21 4 1.0  52
2500 2 22 1 1.0  52
2500 2 22 2 1.0  52
2500 2 22 3 1.0  52
2500 2 22 4 1.0  52
2500 2 23 1 1.0  52
2500 2 23 2 1.0  52
2500 2 23 3 1.0  52
2500 2 23 4 1.0  3
2500 2 24 1 1.0  52
2500 2 24 2 1.0  52
2500 2 24 3 1.0  52
2500 2 24 4 1.0  52
2500 2 25 1 1.0  52
2500 2 25 2 1.0  52
2500 2 25 3 1.0  52
2500 2 25 4 1.0  52
3000 2 1 1 1.0  52
3000 2 1 2 1.0  52
3000 2 1 3 1.0  52
3000 2 1 4 1.0  6
3000 2 2 1 1.0  52
3000 2 2 2 1.0  52
3000 2 2 3 1.0  4
3000 2 2 4 1.0  52
3000 2 3 1 1.0  52
3000 2 3 2 1.0  52
3000 2 3 3 1.0  52
3000 2 3 4 1.0  52
3000 2 4 1 1.0  52
3000 2 4 2 1.0  52
3000 2 4 3 1.0  52
3000 2 4 4 1.0  52
3000 2 5 1 1.0  52
3000 2 5 2 1.0  52
3000 2 5 3 1.0  4
3000 2 5 4 1.0  52
3000 2 6 1 1.0  6
3000 2 6 2 1.0  52
3000 2 6 3 1.0  52
3000 2 6 4 1.0  52
3000 2 7 1 1.0  52
3000 2 7 2 1.0  52
3000 2 7 3 1.0  52
3000 2 7 4 1.0  52
3000 2 8 1 1.0  52
3000 2 8 2 1.0  52
3000 2 8 3 1.0  52
3000 2 8 4 1.0  52
3000 2 9 1 1.0  27
3000 2 9 2 1.0  52
3000 2 9 3 1.0  52
3000 2 9 4 1.0  52
3000 2 10 1 1.0  6
3000 2 10 2 1.0  52
3000 2 10 3 1.0  52
3000 2 10 4 1.0  52
3000 2 11 1 1.0  52
3000 2 11 2 1.0  52
3000 2 11 3 1.0  52
3000 2 11 4 1.0  4
3000 2 12 1 1.0  52
3000 2 12 2 1.0  52
3000 2 12 3 1.0  52
3000 2 12 4 1.0  52
3000 2 13 1 1.0  -1
3000 2 13 2 1.0  -1
3000 2 13 3 1.0  -1
3000 2 13 4 1.0  -1
3000 2 14 1 1.0  52
3000 2 14 2 1.0  52
3000 2 14 3 1.0  52
3000 2 14 4 1.0  52
3000 2 15 1 1.0  52
3000 2 15 2 1.0  52
3000 2 15 3 1.0  52
3000 2 15 4 1.0  9
3000 2 16 1 1.0  52
3000 2 16 2 1.0  6
3000 2 16 3 1.0  52
3000 2 16 4 1.0  52
3000 2 17 1 1.0  52
3000 2 17 2 1.0  52
3000 2 17 3 1.0  52
3000 2 17 4 1.0  52
3000 2 18 1 1.0  52
3000 2 18 2 1.0  52
3000 2 18 3 1.0  52
3000 2 18 4 1.0  52
3000 2 19 1 1.0  52
3000 2 19 2 1.0  9
3000 2 19 3 1.0  52
3000 2 19 4 1.0  52
3000 2 20 1 1.0  52
3000 2 20 2 1.0  52
3000 2 20 3 1.0  52
3000 2 20 4 1.0  52
3000 2 21 1 1.0  52
3000 2 21 2 1.0  52
3000 2 21 3 1.0  52
3000 2 21 4 1.0  52
3000 2 22 1 1.0  52
3000 2 22 2 1.0  52
3000 2 22 3 1.0  52
3000 2 22 4 1.0  52
3000 2 23 1 1.0  52
3000 2 23 2 1.0  52
3000 2 23 3 1.0  52
3000 2 23 4 1.0  52
3000 2 24 1 1.0  52
3000 2 24 2 1.0  52
3000 2 24 3 1.0  52
3000 2 24 4 1.0  52
3000 2 25 1 1.0  52
3000 2 25 2 1.0  52
3000 2 25 3 1.0  52
3000 2 25 4 1.0  52
3500 2 1 1 1.0  52
3500 2 1 2 1.0  52
3500 2 1 3 1.0  52
3500 2 1 4 1.0  52
3500 2 2 1 1.0  52
3500 2 2 2 1.0  52
3500 2 2 3 1.0  52
3500 2 2 4 1.0  52
3500 2 3 1 1.0  52
3500 2 3 2 1.0  52
3500 2 3 3 1.0  52
3500 2 3 4 1.0  52
3500 2 4 1 1.0  52
3500 2 4 2 1.0  52
3500 2 4 3 1.0  52
3500 2 4 4 1.0  52
3500 2 5 1 1.0  52
3500 2 5 2 1.0  52
3500 2 5 3 1.0  52
3500 2 5 4 1.0  52
3500 2 6 1 1.0  52
3500 2 6 2 1.0  52
3500 2 6 3 1.0  52
3500 2 6 4 1.0  52
3500 2 7 1 1.0  52
3500 2 7 2 1.0  52
3500 2 7 3 1.0  52
3500 2 7 4 1.0  52
3500 2 8 1 1.0  52
3500 2 8 2 1.0  52
3500 2 8 3 1.0  52
3500 2 8 4 1.0  52
3500 2 9 1 1.0  27
3500 2 9 2 1.0  52
3500 2 9 3 1.0  52
3500 2 9 4 1.0  52
3500 2 10 1 1.0  52
3500 2 10 2 1.0  52
3500 2 10 3 1.0  52
3500 2 10 4 1.0  52
3500 2 11 1 1.0  13
3500 2 11 2 1.0  52
3500 2 11 3 1.0  52
3500 2 11 4 1.0  52
3500 2 12 1 1.0  52
3500 2 12 2 1.0  52
3500 2 12 3 1.0  52
3500 2 12 4 1.0  52
3500 2 13 1 1.0  52
3500 2 13 2 1.0  52
3500 2 13 3 1.0  52
3500 2 13 4 1.0  52
3500 2 14 1 1.0  52
3500 2 14 2 1.0  52
3500 2 14 3 1.0  52
3500 2 14 4 1.0  52
3500 2 15 1 1.0  52
3500 2 15 2 1.0  52
3500 2 15 3 1.0  52
3500 2 15 4 1.0  9
3500 2 16 1 1.0  52
3500 2 16 2 1.0  52
3500 2 16 3 1.0  52
3500 2 16 4 1.0  52
3500 2 17 1 1.0  52
3500 2 17 2 1.0  52
3500 2 17 3 1.0  52
3500 2 17 4 1.0  52
3500 2 18 1 1.0  52
3500 2 18 2 1.0  52
3500 2 18 3 1.0  52
3500 2 18 4 1.0  52
3500 2 19 1 1.0  52
3500 2 19 2 1.0  52
3500 2 19 3 1.0  -1
3500 2 19 4 1.0  -1
3500 2 20 1 1.0  52
3500 2 20 2 1.0  52
3500 2 20 3 1.0  52
3500 2 20 4 1.0  52
3500 2 21 1 1.0  52
3500 2 21 2 1.0  52
3500 2 21 3 1.0  52
3500 2 21 4 1.0  52
3500 2 22 1 1.0  52
3500 2 22 2 1.0  52
3500 2 22 3 1.0  52
3500 2 22 4 1.0  52
3500 2 23 1 1.0  52
3500 2 23 2 1.0  52
3500 2 23 3 1.0  52
3500 2 23 4 1.0  52
3500 2 24 1 1.0  52
3500 2 24 2 1.0  52
3500 2 24 3 1.0  52
3500 2 24 4 1.0  52
3500 2 25 1 1.0  52
3500 2 25 2 1.0  52
3500 2 25 3 1.0  52
3500 2 25 4 1.0  52
4000 2 1 1 1.0  52
4000 2 1 2 1.0  52
4000 2 1 3 1.0  52
4000 2 1 4 1.0  52
4000 2 2 1 1.0  52
4000 2 2 2 1.0  52
4000 2 2 3 1.0  52
4000 2 2 4 1.0  52
4000 2 3 1 1.0  52
4000 2 3 2 1.0  52
4000 2 3 3 1.0  52
4000 2 3 4 1.0  52
4000 2 4 1 1.0  52
4000 2 4 2 1.0  52
4000 2 4 3 1.0  52
4000 2 4 4 1.0  52
4000 2 5 1 1.0  52
4000 2 5 2 1.0  52
4000 2 5 3 1.0  52
4000 2 5 4 1.0  52
4000 2 6 1 1.0  52
4000 2 6 2 1.0  52
4000 2 6 3 1.0  52
4000 2 6 4 1.0  52
4000 2 7 1 1.0  52
4000 2 7 2 1.0  52
4000 2 7 3 1.0  52
4000 2 7 4 1.0  52
4000 2 8 1 1.0  52
4000 2 8 2 1.0  52
4000 2 8 3 1.0  52
4000 2 8 4 1.0  52
4000 2 9 1 1.0  27
4000 2 9 2 1.0  52
4000 2 9 3 1.0  52
4000 2 9 4 1.0  52
4000 2 10 1 1.0  52
4000 2 10 2 1.0  52
4000 2 10 3 1.0  52
4000 2 10 4 1.0  52
4000 2 11 1 1.0  13
4000 2 11 2 1.0  52
4000 2 11 3 1.0  52
4000 2 11 4 1.0  52
4000 2 12 1 1.0  52
4000 2 12 2 1.0  52
4000 2 12 3 1.0  52
4000 2 12 4 1.0  52
4000 2 13 1 1.0  52
4000 2 13 2 1.0  52
4000 2 13 3 1.0  52
4000 2 13 4 1.0  52
4000 2 14 1 1.0  52
4000 2 14 2 1.0  52
4000 2 14 3 1.0  52
4000 2 14 4 1.0  52
4000 2 15 1 1.0  -1
4000 2 15 2 1.0  -1
4000 2 15 3 1.0  -1
4000 2 15 4 1.0  -1
4000 2 16 1 1.0  52
4000 2 16 2 1.0  52
4000 2 16 3 1.0  52
4000 2 16 4 1.0  52
4000 2 17 1 1.0  52
4000 2 17 2 1.0  52
4000 2 17 3 1.0  52
4000 2 17 4 1.0  52
4000 2 18 1 1.0  52
4000 2 18 2 1.0  52
4000 2 18 3 1.0  52
4000 2 18 4 1.0  52
4000 2 19 1 1.0  52
4000 2 19 2 1.0  27
4000 2 19 3 1.0  52
4000 2 19 4 1.0  52
4000 2 20 1 1.0  52
4000 2 20 2 1.0  52
4000 2 20 3 1.0  52
4000 2 20 4 1.0  52
4000 2 21 1 1.0  52
4000 2 21 2 1.0  52
4000 2 21 3 1.0  52
4000 2 21 4 1.0  52
4000 2 22 1 1.0  52
4000 2 22 2 1.0  52
4000 2 22 3 1.0  52
4000 2 22 4 1.0  52
4000 2 23 1 1.0  52
4000 2 23 2 1.0  52
4000 2 23 3 1.0  52
4000 2 23 4 1.0  52
4000 2 24 1 1.0  52
4000 2 24 2 1.0  52
4000 2 24 3 1.0  52
4000 2 24 4 1.0  52
4000 2 25 1 1.0  52
4000 2 25 2 1.0  52
4000 2 25 3 1.0  52
4000 2 25 4 1.0  52
4500 2 1 1 1.0  52
4500 2 1 2 1.0  52
4500 2 1 3 1.0  52
4500 2 1 4 1.0  52
4500 2 2 1 1.0  52
4500 2 2 2 1.0  52
4500 2 2 3 1.0  52
4500 2 2 4 1.0  52
4500 2 3 1 1.0  52
4500 2 3 2 1.0  52
4500 2 3 3 1.0  52
4500 2 3 4 1.0  52
4500 2 4 1 1.0  52
4500 2 4 2 1.0  52
4500 2 4 3 1.0  52
4500 2 4 4 1.0  52
4500 2 5 1 1.0  52
4500 2 5 2 1.0  52
4500 2 5 3 1.0  52
4500 2 5 4 1.0  52
4500 2 6 1 1.0  52
4500 2 6 2 1.0  52
4500 2 6 3 1.0  52
4500 2 6 4 1.0  52
4500 2 7 1 1.0  52
4500 2 7 2 1.0  52
4500 2 7 3 1.0  52
4500 2 7 4 1.0  52
4500 2 8 1 1.0  52
4500 2 8 2 1.0  52
4500 2 8 3 1.0  52
4500 2 8 4 1.0  52
4500 2 9 1 1.0  52
4500 2 9 2 1.0  52
4500 2 9 3 1.0  52
4500 2 9 4 1.0  52
4500 2 10 1 1.0  52
4500 2 10 2 1.0  52
4500 2 10 3 1.0  52
4500 2 10 4 1.0  52
4500 2 11 1 1.0  52
4500 2 11 2 1.0  52
4500 2 11 3 1.0  52
4500 2 11 4 1.0  52
4500 2 12 1 1.0  52
4500 2 12 2 1.0  52
4500 2 12 3 1.0  52
4500 2 12 4 1.0  52
4500 2 13 1 1.0  52
4500 2 13 2 1.0  52
4500 2 13 3 1.0  52
4500 2 13 4 1.0  52
4500 2 14 1 1.0  52
4500 2 14 2 1.0  52
4500 2 14 3 1.0  52
4500 2 14 4 1.0  52
4500 2 15 1 1.0  52
4500 2 15 2 1.0  52
4500 2 15 3 1.0  -1
4500 2 15 4 1.0  -1
4500 2 16 1 1.0  52
4500 2 16 2 1.0  52
4500 2 16 3 1.0  52
4500 2 16 4 1.0  52
4500 2 17 1 1.0  52
4500 2 17 2 1.0  52
4500 2 17 3 1.0  52
4500 2 17 4 1.0  52
4500 2 18 1 1.0  52
4500 2 18 2 1.0  52
4500 2 18 3 1.0  52
4500 2 18 4 1.0  52
4500 2 19 1 1.0  52
4500 2 19 2 1.0  52
4500 2 19 3 1.0  52
4500 2 19 4 1.0  52
4500 2 20 1 1.0  52
4500 2 20 2 1.0  52
4500 2 20 3 1.0  52
4500 2 20 4 1.0  52
4500 2 21 1 1.0  52
4500 2 21 2 1.0  52
4500 2 21 3 1.0  52
4500 2 21 4 1.0  52
4500 2 22 1 1.0  52
4500 2 22 2 1.0  52
4500 2 22 3 1.0  52
4500 2 22 4 1.0  52
4500 2 23 1 1.0  52
4500 2 23 2 1.0  52
4500 2 23 3 1.0  52
4500 2 23 4 1.0  52
4500 2 24 1 1.0  52
4500 2 24 2 1.0  52
4500 2 24 3 1.0  52
4500 2 24 4 1.0  52
4500 2 25 1 1.0  52
4500 2 25 2 1.0  52
4500 2 25 3 1.0  52
4500 2 25 4 1.0  52
5000 2 1 1 1.0  52
5000 2 1 2 1.0  52
5000 2 1 3 1.0  52
5000 2 1 4 1.0  52
5000 2 2 1 1.0  52
5000 2 2 2 1.0  52
5000 2 2 3 1.0  52
5000 2 2 4 1.0  52
5000 2 3 1 1.0  52
5000 2 3 2 1.0  52
5000 2 3 3 1.0  52
5000 2 3 4 1.0  52
5000 2 4 1 1.0  52
5000 2 4 2 1.0  52
5000 2 4 3 1.0  52
5000 2 4 4 1.0  52
5000 2 5 1 1.0  52
5000 2 5 2 1.0  52
5000 2 5 3 1.0  52
5000 2 5 4 1.0  52
5000 2 6 1 1.0  52
5000 2 6 2 1.0  52
5000 2 6 3 1.0  52
5000 2 6 4 1.0  52
5000 2 7 1 1.0  52
5000 2 7 2 1.0  52
5000 2 7 3 1.0  52
5000 2 7 4 1.0  52
5000 2 8 1 1.0  52
5000 2 8 2 1.0  52
5000 2 8 3 1.0  52
5000 2 8 4 1.0  52
5000 2 9 1 1.0  52
5000 2 9 2 1.0  52
5000 2 9 3 1.0  52
5000 2 9 4 1.0  52
5000 2 10 1 1.0  52
5000 2 10 2 1.0  52
5000 2 10 3 1.0  52
5000 2 10 4 1.0  52
5000 2 11 1 1.0  52
5000 2 11 2 1.0  52
5000 2 11 3 1.0  52
5000 2 11 4 1.0  52
5000 2 12 1 1.0  52
5000 2 12 2 1.0  52
5000 2 12 3 1.0  52
5000 2 12 4 1.0  52
5000 2 13 1 1.0  52
5000 2 13 2 1.0  52
5000 2 13 3 1.0  52
5000 2 13 4 1.0  52
5000 2 14 1 1.0  52
5000 2 14 2 1.0  52
5000 2 14 3 1.0  52
5000 2 14 4 1.0  52
5000 2 15 1 1.0  -1
5000 2 15 2 1.0  9
5000 2 15 3 1.0  -1
5000 2 15 4 1.0  52
5000 2 16 1 1.0  52
5000 2 16 2 1.0  52
5000 2 16 3 1.0  52
5000 2 16 4 1.0  52
5000 2 17 1 1.0  52
5000 2 17 2 1.0  52
5000 2 17 3 1.0  52
5000 2 17 4 1.0  52
5000 2 18 1 1.0  52
5000 2 18 2 1.0  52
5000 2 18 3 1.0  52
5000 2 18 4 1.0  52
5000 2 19 1 1.0  52
5000 2 19 2 1.0  52
5000 2 19 3 1.0  52
5000 2 19 4 1.0  52
5000 2 20 1 1.0  52
5000 2 20 2 1.0  52
5000 2 20 3 1.0  52
5000 2 20 4 1.0  52
5000 2 21 1 1.0  52
5000 2 21 2 1.0  52
5000 2 21 3 1.0  52
5000 2 21 4 1.0  52
5000 2 22 1 1.0  52
5000 2 22 2 1.0  52
5000 2 22 3 1.0  52
5000 2 22 4 1.0  52
5000 2 23 1 1.0  52
5000 2 23 2 1.0  52
5000 2 23 3 1.0  52
5000 2 23 4 1.0  52
5000 2 24 1 1.0  52
5000 2 24 2 1.0  52
5000 2 24 3 1.0  52
5000 2 24 4 1.0  52
5000 2 25 1 1.0  52
5000 2 25 2 1.0  52
5000 2 25 3 1.0  52
5000 2 25 4 1.0  52
