500 5 1 1 0.0  8
500 5 1 2 0.0  36
500 5 1 3 0.0  -1
500 5 1 4 0.0  -1
500 5 2 1 0.0  -1
500 5 2 2 0.0  36
500 5 2 3 0.0  -1
500 5 2 4 0.0  -1
500 5 3 1 0.0  -1
500 5 3 2 0.0  -1
500 5 3 3 0.0  -1
500 5 3 4 0.0  50
500 5 4 1 0.0  35
500 5 4 2 0.0  28
500 5 4 3 0.0  -1
500 5 4 4 0.0  36
500 5 5 1 0.0  -1
500 5 5 2 0.0  36
500 5 5 3 0.0  8
500 5 5 4 0.0  -1
500 5 6 1 0.0  -1
500 5 6 2 0.0  50
500 5 6 3 0.0  -1
500 5 6 4 0.0  -1
500 5 7 1 0.0  36
500 5 7 2 0.0  4
500 5 7 3 0.0  -1
500 5 7 4 0.0  -1
500 5 8 1 0.0  -1
500 5 8 2 0.0  -1
500 5 8 3 0.0  50
500 5 8 4 0.0  -1
500 5 9 1 0.0  50
500 5 9 2 0.0  -1
500 5 9 3 0.0  -1
500 5 9 4 0.0  -1
500 5 10 1 0.0  -1
500 5 10 2 0.0  -1
500 5 10 3 0.0  2
500 5 10 4 0.0  36
500 5 11 1 0.0  -1
500 5 11 2 0.0  6
500 5 11 3 0.0  19
500 5 11 4 0.0  36
500 5 12 1 0.0  50
500 5 12 2 0.0  -1
500 5 12 3 0.0  -1
500 5 12 4 0.0  -1
500 5 13 1 0.0  -1
500 5 13 2 0.0  -1
500 5 13 3 0.0  50
500 5 13 4 0.0  -1
500 5 14 1 0.0  -1
500 5 14 2 0.0  -1
500 5 14 3 0.0  50
500 5 14 4 0.0  -1
500 5 15 1 0.0  28
500 5 15 2 0.0  -1
500 5 15 3 0.0  36
500 5 15 4 0.0  8
500 5 16 1 0.0  -1
500 5 16 2 0.0  -1
500 5 16 3 0.0  50
500 5 16 4 0.0  -1
500 5 17 1 0.0  25
500 5 17 2 0.0  -1
500 5 17 3 0.0  28
500 5 17 4 0.0  36
500 5 18 1 0.0  -1
500 5 18 2 0.0  -1
500 5 18 3 0.0  -1
500 5 18 4 0.0  36
500 5 19 1 0.0  -1
500 5 19 2 0.0  -1
500 5 19 3 0.0  -1
500 5 19 4 0.0  50
500 5 20 1 0.0  -1
500 5 20 2 0.0  -1
500 5 20 3 0.0  -1
500 5 20 4 0.0  50
500 5 21 1 0.0  -1
500 5 21 2 0.0  -1
500 5 21 3 0.0  50
500 5 21 4 0.0  10
500 5 22 1 0.0  50
500 5 22 2 0.0  -1
500 5 22 3 0.0  50
500 5 22 4 0.0  -1
500 5 23 1 0.0  -1
500 5 23 2 0.0  -1
500 5 23 3 0.0  -1
500 5 23 4 0.0  -1
500 5 24 1 0.0  -1
500 5 24 2 0.0  -1
500 5 24 3 0.0  -1
500 5 24 4 0.0  50
500 5 25 1 0.0  -1
500 5 25 2 0.0  50
500 5 25 3 0.0  50
500 5 25 4 0.0  -1
1000 5 1 1 0.0  -1
1000 5 1 2 0.0  50
1000 5 1 3 0.0  -1
1000 5 1 4 0.0  -1
1000 5 2 1 0.0  -1
1000 5 2 2 0.0  50
1000 5 2 3 0.0  50
1000 5 2 4 0.0  -1
1000 5 3 1 0.0  -1
1000 5 3 2 0.0  -1
1000 5 3 3 0.0  50
1000 5 3 4 0.0  -1
1000 5 4 1 0.0  -1
1000 5 4 2 0.0  -1
1000 5 4 3 0.0  -1
1000 5 4 4 0.0  -1
1000 5 5 1 0.0  -1
1000 5 5 2 0.0  6
1000 5 5 3 0.0  -1
1000 5 5 4 0.0  50
1000 5 6 1 0.0  5
1000 5 6 2 0.0  50
1000 5 6 3 0.0  23
1000 5 6 4 0.0  50
1000 5 7 1 0.0  2
1000 5 7 2 0.0  -1
1000 5 7 3 0.0  50
1000 5 7 4 0.0  50
1000 5 8 1 0.0  6
1000 5 8 2 0.0  4
1000 5 8 3 0.0  24
1000 5 8 4 0.0  50
1000 5 9 1 0.0  2
1000 5 9 2 0.0  -1
1000 5 9 3 0.0  50
1000 5 9 4 0.0  -1
1000 5 10 1 0.0  -1
1000 5 10 2 0.0  -1
1000 5 10 3 0.0  -1
1000 5 10 4 0.0  50
1000 5 11 1 0.0  -1
1000 5 11 2 0.0  -1
1000 5 11 3 0.0  -1
1000 5 11 4 0.0  50
1000 5 12 1 0.0  6
1000 5 12 2 0.0  50
1000 5 12 3 0.0  50
1000 5 12 4 0.0  32
1000 5 13 1 0.0  50
1000 5 13 2 0.0  -1
1000 5 13 3 0.0  -1
1000 5 13 4 0.0  -1
1000 5 14 1 0.0  -1
1000 5 14 2 0.0  -1
1000 5 14 3 0.0  50
1000 5 14 4 0.0  2
1000 5 15 1 0.0  -1
1000 5 15 2 0.0  -1
1000 5 15 3 0.0  50
1000 5 15 4 0.0  -1
1000 5 16 1 0.0  3
1000 5 16 2 0.0  50
1000 5 16 3 0.0  -1
1000 5 16 4 0.0  -1
1000 5 17 1 0.0  -1
1000 5 17 2 0.0  38
1000 5 17 3 0.0  -1
1000 5 17 4 0.0  50
1000 5 18 1 0.0  -1
1000 5 18 2 0.0  -1
1000 5 18 3 0.0  -1
1000 5 18 4 0.0  50
1000 5 19 1 0.0  19
1000 5 19 2 0.0  -1
1000 5 19 3 0.0  50
1000 5 19 4 0.0  -1
1000 5 20 1 0.0  40
1000 5 20 2 0.0  50
1000 5 20 3 0.0  3
1000 5 20 4 0.0  -1
1000 5 21 1 0.0  50
1000 5 21 2 0.0  -1
1000 5 21 3 0.0  5
1000 5 21 4 0.0  50
1000 5 22 1 0.0  8
1000 5 22 2 0.0  -1
1000 5 22 3 0.0  -1
1000 5 22 4 0.0  50
1000 5 23 1 0.0  50
1000 5 23 2 0.0  50
1000 5 23 3 0.0  -1
1000 5 23 4 0.0  -1
1000 5 24 1 0.0  50
1000 5 24 2 0.0  -1
1000 5 24 3 0.0  5
1000 5 24 4 0.0  50
1000 5 25 1 0.0  50
1000 5 25 2 0.0  -1
1000 5 25 3 0.0  -1
1000 5 25 4 0.0  -1
1500 5 1 1 0.0  -1
1500 5 1 2 0.0  87
1500 5 1 3 0.0  -1
1500 5 1 4 0.0  5
1500 5 2 1 0.0  -1
1500 5 2 2 0.0  -1
1500 5 2 3 0.0  5
1500 5 2 4 0.0  87
1500 5 3 1 0.0  34
1500 5 3 2 0.0  9
1500 5 3 3 0.0  -1
1500 5 3 4 0.0  10
1500 5 4 1 0.0  -1
1500 5 4 2 0.0  -1
1500 5 4 3 0.0  87
1500 5 4 4 0.0  -1
1500 5 5 1 0.0  87
1500 5 5 2 0.0  12
1500 5 5 3 0.0  10
1500 5 5 4 0.0  32
1500 5 6 1 0.0  -1
1500 5 6 2 0.0  -1
1500 5 6 3 0.0  -1
1500 5 6 4 0.0  87
1500 5 7 1 0.0  87
1500 5 7 2 0.0  10
1500 5 7 3 0.0  8
1500 5 7 4 0.0  -1
1500 5 8 1 0.0  -1
1500 5 8 2 0.0  -1
1500 5 8 3 0.0  -1
1500 5 8 4 0.0  87
1500 5 9 1 0.0  -1
1500 5 9 2 0.0  32
1500 5 9 3 0.0  10
1500 5 9 4 0.0  101
1500 5 10 1 0.0  -1
1500 5 10 2 0.0  87
1500 5 10 3 0.0  -1
1500 5 10 4 0.0  -1
1500 5 11 1 0.0  -1
1500 5 11 2 0.0  -1
1500 5 11 3 0.0  87
1500 5 11 4 0.0  -1
1500 5 12 1 0.0  8
1500 5 12 2 0.0  12
1500 5 12 3 0.0  -1
1500 5 12 4 0.0  87
1500 5 13 1 0.0  87
1500 5 13 2 0.0  -1
1500 5 13 3 0.0  -1
1500 5 13 4 0.0  5
1500 5 14 1 0.0  -1
1500 5 14 2 0.0  87
1500 5 14 3 0.0  -1
1500 5 14 4 0.0  -1
1500 5 15 1 0.0  -1
1500 5 15 2 0.0  87
1500 5 15 3 0.0  -1
1500 5 15 4 0.0  -1
1500 5 16 1 0.0  -1
1500 5 16 2 0.0  -1
1500 5 16 3 0.0  87
1500 5 16 4 0.0  -1
1500 5 17 1 0.0  87
1500 5 17 2 0.0  87
1500 5 17 3 0.0  -1
1500 5 17 4 0.0  -1
1500 5 18 1 0.0  -1
1500 5 18 2 0.0  -1
1500 5 18 3 0.0  5
1500 5 18 4 0.0  87
1500 5 19 1 0.0  87
1500 5 19 2 0.0  -1
1500 5 19 3 0.0  -1
1500 5 19 4 0.0  -1
1500 5 20 1 0.0  -1
1500 5 20 2 0.0  87
1500 5 20 3 0.0  -1
1500 5 20 4 0.0  -1
1500 5 21 1 0.0  -1
1500 5 21 2 0.0  -1
1500 5 21 3 0.0  87
1500 5 21 4 0.0  5
1500 5 22 1 0.0  -1
1500 5 22 2 0.0  -1
1500 5 22 3 0.0  87
1500 5 22 4 0.0  5
1500 5 23 1 0.0  -1
1500 5 23 2 0.0  -1
1500 5 23 3 0.0  35
1500 5 23 4 0.0  87
1500 5 24 1 0.0  -1
1500 5 24 2 0.0  -1
1500 5 24 3 0.0  32
1500 5 24 4 0.0  87
1500 5 25 1 0.0  -1
1500 5 25 2 0.0  87
1500 5 25 3 0.0  87
1500 5 25 4 0.0  -1
2000 5 1 1 0.0  -1
2000 5 1 2 0.0  -1
2000 5 1 3 0.0  101
2000 5 1 4 0.0  -1
2000 5 2 1 0.0  -1
2000 5 2 2 0.0  -1
2000 5 2 3 0.0  101
2000 5 2 4 0.0  -1
2000 5 3 1 0.0  -1
2000 5 3 2 0.0  101
2000 5 3 3 0.0  -1
2000 5 3 4 0.0  -1
2000 5 4 1 0.0  50
2000 5 4 2 0.0  10
2000 5 4 3 0.0  10
2000 5 4 4 0.0  101
2000 5 5 1 0.0  101
2000 5 5 2 0.0  -1
2000 5 5 3 0.0  12
2000 5 5 4 0.0  7
2000 5 6 1 0.0  101
2000 5 6 2 0.0  -1
2000 5 6 3 0.0  101
2000 5 6 4 0.0  -1
2000 5 7 1 0.0  -1
2000 5 7 2 0.0  101
2000 5 7 3 0.0  10
2000 5 7 4 0.0  -1
2000 5 8 1 0.0  -1
2000 5 8 2 0.0  101
2000 5 8 3 0.0  -1
2000 5 8 4 0.0  2
2000 5 9 1 0.0  -1
2000 5 9 2 0.0  -1
2000 5 9 3 0.0  101
2000 5 9 4 0.0  -1
2000 5 10 1 0.0  23
2000 5 10 2 0.0  -1
2000 5 10 3 0.0  -1
2000 5 10 4 0.0  101
2000 5 11 1 0.0  -1
2000 5 11 2 0.0  101
2000 5 11 3 0.0  -1
2000 5 11 4 0.0  -1
2000 5 12 1 0.0  101
2000 5 12 2 0.0  -1
2000 5 12 3 0.0  101
2000 5 12 4 0.0  -1
2000 5 13 1 0.0  -1
2000 5 13 2 0.0  -1
2000 5 13 3 0.0  10
2000 5 13 4 0.0  101
2000 5 14 1 0.0  -1
2000 5 14 2 0.0  101
2000 5 14 3 0.0  -1
2000 5 14 4 0.0  -1
2000 5 15 1 0.0  -1
2000 5 15 2 0.0  -1
2000 5 15 3 0.0  -1
2000 5 15 4 0.0  101
2000 5 16 1 0.0  5
2000 5 16 2 0.0  -1
2000 5 16 3 0.0  -1
2000 5 16 4 0.0  101
2000 5 17 1 0.0  -1
2000 5 17 2 0.0  -1
2000 5 17 3 0.0  12
2000 5 17 4 0.0  101
2000 5 18 1 0.0  7
2000 5 18 2 0.0  -1
2000 5 18 3 0.0  101
2000 5 18 4 0.0  -1
2000 5 19 1 0.0  5
2000 5 19 2 0.0  101
2000 5 19 3 0.0  -1
2000 5 19 4 0.0  -1
2000 5 20 1 0.0  -1
2000 5 20 2 0.0  -1
2000 5 20 3 0.0  17
2000 5 20 4 0.0  101
2000 5 21 1 0.0  101
2000 5 21 2 0.0  -1
2000 5 21 3 0.0  28
2000 5 21 4 0.0  -1
2000 5 22 1 0.0  7
2000 5 22 2 0.0  -1
2000 5 22 3 0.0  101
2000 5 22 4 0.0  -1
2000 5 23 1 0.0  -1
2000 5 23 2 0.0  101
2000 5 23 3 0.0  13
2000 5 23 4 0.0  6
2000 5 24 1 0.0  -1
2000 5 24 2 0.0  2
2000 5 24 3 0.0  101
2000 5 24 4 0.0  -1
2000 5 25 1 0.0  101
2000 5 25 2 0.0  -1
2000 5 25 3 0.0  -1
2000 5 25 4 0.0  -1
2500 5 1 1 0.0  101
2500 5 1 2 0.0  101
2500 5 1 3 0.0  33
2500 5 1 4 0.0  -1
2500 5 2 1 0.0  6
2500 5 2 2 0.0  101
2500 5 2 3 0.0  -1
2500 5 2 4 0.0  101
2500 5 3 1 0.0  5
2500 5 3 2 0.0  101
2500 5 3 3 0.0  101
2500 5 3 4 0.0  -1
2500 5 4 1 0.0  -1
2500 5 4 2 0.0  101
2500 5 4 3 0.0  -1
2500 5 4 4 0.0  -1
2500 5 5 1 0.0  101
2500 5 5 2 0.0  13
2500 5 5 3 0.0  -1
2500 5 5 4 0.0  -1
2500 5 6 1 0.0  101
2500 5 6 2 0.0  -1
2500 5 6 3 0.0  101
2500 5 6 4 0.0  33
2500 5 7 1 0.0  -1
2500 5 7 2 0.0  101
2500 5 7 3 0.0  -1
2500 5 7 4 0.0  -1
2500 5 8 1 0.0  101
2500 5 8 2 0.0  -1
2500 5 8 3 0.0  12
2500 5 8 4 0.0  -1
2500 5 9 1 0.0  -1
2500 5 9 2 0.0  101
2500 5 9 3 0.0  101
2500 5 9 4 0.0  12
2500 5 10 1 0.0  101
2500 5 10 2 0.0  101
2500 5 10 3 0.0  101
2500 5 10 4 0.0  -1
2500 5 11 1 0.0  -1
2500 5 11 2 0.0  101
2500 5 11 3 0.0  101
2500 5 11 4 0.0  101
2500 5 12 1 0.0  -1
2500 5 12 2 0.0  101
2500 5 12 3 0.0  -1
2500 5 12 4 0.0  -1
2500 5 13 1 0.0  -1
2500 5 13 2 0.0  -1
2500 5 13 3 0.0  -1
2500 5 13 4 0.0  101
2500 5 14 1 0.0  -1
2500 5 14 2 0.0  101
2500 5 14 3 0.0  25
2500 5 14 4 0.0  -1
2500 5 15 1 0.0  -1
2500 5 15 2 0.0  101
2500 5 15 3 0.0  -1
2500 5 15 4 0.0  -1
2500 5 16 1 0.0  -1
2500 5 16 2 0.0  -1
2500 5 16 3 0.0  5
2500 5 16 4 0.0  -1
2500 5 17 1 0.0  -1
2500 5 17 2 0.0  25
2500 5 17 3 0.0  101
2500 5 17 4 0.0  -1
2500 5 18 1 0.0  -1
2500 5 18 2 0.0  101
2500 5 18 3 0.0  -1
2500 5 18 4 0.0  -1
2500 5 19 1 0.0  -1
2500 5 19 2 0.0  101
2500 5 19 3 0.0  -1
2500 5 19 4 0.0  -1
2500 5 20 1 0.0  -1
2500 5 20 2 0.0  101
2500 5 20 3 0.0  -1
2500 5 20 4 0.0  -1
2500 5 21 1 0.0  11
2500 5 21 2 0.0  101
2500 5 21 3 0.0  -1
2500 5 21 4 0.0  11
2500 5 22 1 0.0  5
2500 5 22 2 0.0  -1
2500 5 22 3 0.0  101
2500 5 22 4 0.0  101
2500 5 23 1 0.0  10
2500 5 23 2 0.0  101
2500 5 23 3 0.0  -1
2500 5 23 4 0.0  101
2500 5 24 1 0.0  101
2500 5 24 2 0.0  -1
2500 5 24 3 0.0  7
2500 5 24 4 0.0  101
2500 5 25 1 0.0  101
2500 5 25 2 0.0  -1
2500 5 25 3 0.0  -1
2500 5 25 4 0.0  -1
3000 5 1 1 0.0  -1
3000 5 1 2 0.0  -1
3000 5 1 3 0.0  101
3000 5 1 4 0.0  9
3000 5 2 1 0.0  31
3000 5 2 2 0.0  101
3000 5 2 3 0.0  -1
3000 5 2 4 0.0  101
3000 5 3 1 0.0  101
3000 5 3 2 0.0  2
3000 5 3 3 0.0  -1
3000 5 3 4 0.0  -1
3000 5 4 1 0.0  101
3000 5 4 2 0.0  -1
3000 5 4 3 0.0  -1
3000 5 4 4 0.0  -1
3000 5 5 1 0.0  9
3000 5 5 2 0.0  101
3000 5 5 3 0.0  -1
3000 5 5 4 0.0  101
3000 5 6 1 0.0  -1
3000 5 6 2 0.0  101
3000 5 6 3 0.0  -1
3000 5 6 4 0.0  -1
3000 5 7 1 0.0  -1
3000 5 7 2 0.0  101
3000 5 7 3 0.0  -1
3000 5 7 4 0.0  -1
3000 5 8 1 0.0  101
3000 5 8 2 0.0  13
3000 5 8 3 0.0  101
3000 5 8 4 0.0  5
3000 5 9 1 0.0  -1
3000 5 9 2 0.0  101
3000 5 9 3 0.0  -1
3000 5 9 4 0.0  -1
3000 5 10 1 0.0  -1
3000 5 10 2 0.0  2
3000 5 10 3 0.0  101
3000 5 10 4 0.0  9
3000 5 11 1 0.0  -1
3000 5 11 2 0.0  2
3000 5 11 3 0.0  -1
3000 5 11 4 0.0  101
3000 5 12 1 0.0  -1
3000 5 12 2 0.0  -1
3000 5 12 3 0.0  -1
3000 5 12 4 0.0  101
3000 5 13 1 0.0  -1
3000 5 13 2 0.0  -1
3000 5 13 3 0.0  2
3000 5 13 4 0.0  101
3000 5 14 1 0.0  -1
3000 5 14 2 0.0  -1
3000 5 14 3 0.0  -1
3000 5 14 4 0.0  101
3000 5 15 1 0.0  -1
3000 5 15 2 0.0  -1
3000 5 15 3 0.0  101
3000 5 15 4 0.0  26
3000 5 16 1 0.0  -1
3000 5 16 2 0.0  -1
3000 5 16 3 0.0  101
3000 5 16 4 0.0  -1
3000 5 17 1 0.0  26
3000 5 17 2 0.0  -1
3000 5 17 3 0.0  101
3000 5 17 4 0.0  -1
3000 5 18 1 0.0  -1
3000 5 18 2 0.0  101
3000 5 18 3 0.0  -1
3000 5 18 4 0.0  -1
3000 5 19 1 0.0  -1
3000 5 19 2 0.0  101
3000 5 19 3 0.0  12
3000 5 19 4 0.0  33
3000 5 20 1 0.0  -1
3000 5 20 2 0.0  5
3000 5 20 3 0.0  101
3000 5 20 4 0.0  -1
3000 5 21 1 0.0  101
3000 5 21 2 0.0  -1
3000 5 21 3 0.0  -1
3000 5 21 4 0.0  -1
3000 5 22 1 0.0  -1
3000 5 22 2 0.0  101
3000 5 22 3 0.0  -1
3000 5 22 4 0.0  -1
3000 5 23 1 0.0  -1
3000 5 23 2 0.0  2
3000 5 23 3 0.0  2
3000 5 23 4 0.0  101
3000 5 24 1 0.0  101
3000 5 24 2 0.0  -1
3000 5 24 3 0.0  -1
3000 5 24 4 0.0  -1
3000 5 25 1 0.0  -1
3000 5 25 2 0.0  -1
3000 5 25 3 0.0  2
3000 5 25 4 0.0  -1
3500 5 1 1 0.0  -1
3500 5 1 2 0.0  -1
3500 5 1 3 0.0  26
3500 5 1 4 0.0  101
3500 5 2 1 0.0  12
3500 5 2 2 0.0  5
3500 5 2 3 0.0  23
3500 5 2 4 0.0  101
3500 5 3 1 0.0  -1
3500 5 3 2 0.0  -1
3500 5 3 3 0.0  -1
3500 5 3 4 0.0  101
3500 5 4 1 0.0  101
3500 5 4 2 0.0  -1
3500 5 4 3 0.0  -1
3500 5 4 4 0.0  -1
3500 5 5 1 0.0  7
3500 5 5 2 0.0  101
3500 5 5 3 0.0  7
3500 5 5 4 0.0  -1
3500 5 6 1 0.0  5
3500 5 6 2 0.0  -1
3500 5 6 3 0.0  -1
3500 5 6 4 0.0  101
3500 5 7 1 0.0  12
3500 5 7 2 0.0  101
3500 5 7 3 0.0  -1
3500 5 7 4 0.0  2
3500 5 8 1 0.0  -1
3500 5 8 2 0.0  9
3500 5 8 3 0.0  101
3500 5 8 4 0.0  -1
3500 5 9 1 0.0  -1
3500 5 9 2 0.0  101
3500 5 9 3 0.0  -1
3500 5 9 4 0.0  -1
3500 5 10 1 0.0  101
3500 5 10 2 0.0  -1
3500 5 10 3 0.0  -1
3500 5 10 4 0.0  -1
3500 5 11 1 0.0  7
3500 5 11 2 0.0  101
3500 5 11 3 0.0  -1
3500 5 11 4 0.0  -1
3500 5 12 1 0.0  -1
3500 5 12 2 0.0  -1
3500 5 12 3 0.0  -1
3500 5 12 4 0.0  101
3500 5 13 1 0.0  9
3500 5 13 2 0.0  -1
3500 5 13 3 0.0  101
3500 5 13 4 0.0  5
3500 5 14 1 0.0  -1
3500 5 14 2 0.0  101
3500 5 14 3 0.0  -1
3500 5 14 4 0.0  -1
3500 5 15 1 0.0  25
3500 5 15 2 0.0  -1
3500 5 15 3 0.0  101
3500 5 15 4 0.0  101
3500 5 16 1 0.0  101
3500 5 16 2 0.0  -1
3500 5 16 3 0.0  2
3500 5 16 4 0.0  -1
3500 5 17 1 0.0  7
3500 5 17 2 0.0  101
3500 5 17 3 0.0  2
3500 5 17 4 0.0  12
3500 5 18 1 0.0  101
3500 5 18 2 0.0  2
3500 5 18 3 0.0  -1
3500 5 18 4 0.0  -1
3500 5 19 1 0.0  -1
3500 5 19 2 0.0  -1
3500 5 19 3 0.0  -1
3500 5 19 4 0.0  -1
3500 5 20 1 0.0  101
3500 5 20 2 0.0  -1
3500 5 20 3 0.0  -1
3500 5 20 4 0.0  2
3500 5 21 1 0.0  101
3500 5 21 2 0.0  -1
3500 5 21 3 0.0  -1
3500 5 21 4 0.0  25
3500 5 22 1 0.0  -1
3500 5 22 2 0.0  -1
3500 5 22 3 0.0  -1
3500 5 22 4 0.0  101
3500 5 23 1 0.0  -1
3500 5 23 2 0.0  101
3500 5 23 3 0.0  -1
3500 5 23 4 0.0  -1
3500 5 24 1 0.0  101
3500 5 24 2 0.0  101
3500 5 24 3 0.0  -1
3500 5 24 4 0.0  -1
3500 5 25 1 0.0  101
3500 5 25 2 0.0  -1
3500 5 25 3 0.0  101
3500 5 25 4 0.0  7
4000 5 1 1 0.0  2
4000 5 1 2 0.0  -1
4000 5 1 3 0.0  -1
4000 5 1 4 0.0  101
4000 5 2 1 0.0  5
4000 5 2 2 0.0  -1
4000 5 2 3 0.0  -1
4000 5 2 4 0.0  -1
4000 5 3 1 0.0  12
4000 5 3 2 0.0  -1
4000 5 3 3 0.0  101
4000 5 3 4 0.0  -1
4000 5 4 1 0.0  -1
4000 5 4 2 0.0  101
4000 5 4 3 0.0  2
4000 5 4 4 0.0  31
4000 5 5 1 0.0  -1
4000 5 5 2 0.0  -1
4000 5 5 3 0.0  -1
4000 5 5 4 0.0  101
4000 5 6 1 0.0  -1
4000 5 6 2 0.0  101
4000 5 6 3 0.0  -1
4000 5 6 4 0.0  -1
4000 5 7 1 0.0  -1
4000 5 7 2 0.0  -1
4000 5 7 3 0.0  101
4000 5 7 4 0.0  7
4000 5 8 1 0.0  -1
4000 5 8 2 0.0  101
4000 5 8 3 0.0  3
4000 5 8 4 0.0  -1
4000 5 9 1 0.0  -1
4000 5 9 2 0.0  101
4000 5 9 3 0.0  -1
4000 5 9 4 0.0  -1
4000 5 10 1 0.0  7
4000 5 10 2 0.0  101
4000 5 10 3 0.0  7
4000 5 10 4 0.0  7
4000 5 11 1 0.0  -1
4000 5 11 2 0.0  101
4000 5 11 3 0.0  -1
4000 5 11 4 0.0  -1
4000 5 12 1 0.0  101
4000 5 12 2 0.0  -1
4000 5 12 3 0.0  -1
4000 5 12 4 0.0  31
4000 5 13 1 0.0  -1
4000 5 13 2 0.0  -1
4000 5 13 3 0.0  -1
4000 5 13 4 0.0  101
4000 5 14 1 0.0  -1
4000 5 14 2 0.0  5
4000 5 14 3 0.0  -1
4000 5 14 4 0.0  101
4000 5 15 1 0.0  101
4000 5 15 2 0.0  101
4000 5 15 3 0.0  23
4000 5 15 4 0.0  -1
4000 5 16 1 0.0  2
4000 5 16 2 0.0  101
4000 5 16 3 0.0  3
4000 5 16 4 0.0  -1
4000 5 17 1 0.0  101
4000 5 17 2 0.0  -1
4000 5 17 3 0.0  5
4000 5 17 4 0.0  2
4000 5 18 1 0.0  -1
4000 5 18 2 0.0  101
4000 5 18 3 0.0  -1
4000 5 18 4 0.0  -1
4000 5 19 1 0.0  101
4000 5 19 2 0.0  -1
4000 5 19 3 0.0  -1
4000 5 19 4 0.0  13
4000 5 20 1 0.0  5
4000 5 20 2 0.0  101
4000 5 20 3 0.0  -1
4000 5 20 4 0.0  101
4000 5 21 1 0.0  31
4000 5 21 2 0.0  -1
4000 5 21 3 0.0  59
4000 5 21 4 0.0  101
4000 5 22 1 0.0  10
4000 5 22 2 0.0  -1
4000 5 22 3 0.0  101
4000 5 22 4 0.0  -1
4000 5 23 1 0.0  -1
4000 5 23 2 0.0  -1
4000 5 23 3 0.0  -1
4000 5 23 4 0.0  101
4000 5 24 1 0.0  -1
4000 5 24 2 0.0  -1
4000 5 24 3 0.0  101
4000 5 24 4 0.0  -1
4000 5 25 1 0.0  101
4000 5 25 2 0.0  101
4000 5 25 3 0.0  -1
4000 5 25 4 0.0  -1
4500 5 1 1 0.0  101
4500 5 1 2 0.0  101
4500 5 1 3 0.0  101
4500 5 1 4 0.0  -1
4500 5 2 1 0.0  7
4500 5 2 2 0.0  101
4500 5 2 3 0.0  -1
4500 5 2 4 0.0  -1
4500 5 3 1 0.0  17
4500 5 3 2 0.0  101
4500 5 3 3 0.0  9
4500 5 3 4 0.0  -1
4500 5 4 1 0.0  -1
4500 5 4 2 0.0  -1
4500 5 4 3 0.0  101
4500 5 4 4 0.0  23
4500 5 5 1 0.0  13
4500 5 5 2 0.0  101
4500 5 5 3 0.0  17
4500 5 5 4 0.0  48
4500 5 6 1 0.0  -1
4500 5 6 2 0.0  101
4500 5 6 3 0.0  23
4500 5 6 4 0.0  7
4500 5 7 1 0.0  -1
4500 5 7 2 0.0  10
4500 5 7 3 0.0  7
4500 5 7 4 0.0  101
4500 5 8 1 0.0  2
4500 5 8 2 0.0  -1
4500 5 8 3 0.0  -1
4500 5 8 4 0.0  101
4500 5 9 1 0.0  -1
4500 5 9 2 0.0  101
4500 5 9 3 0.0  -1
4500 5 9 4 0.0  9
4500 5 10 1 0.0  -1
4500 5 10 2 0.0  -1
4500 5 10 3 0.0  101
4500 5 10 4 0.0  -1
4500 5 11 1 0.0  -1
4500 5 11 2 0.0  5
4500 5 11 3 0.0  -1
4500 5 11 4 0.0  101
4500 5 12 1 0.0  -1
4500 5 12 2 0.0  -1
4500 5 12 3 0.0  -1
4500 5 12 4 0.0  101
4500 5 13 1 0.0  -1
4500 5 13 2 0.0  -1
4500 5 13 3 0.0  13
4500 5 13 4 0.0  101
4500 5 14 1 0.0  -1
4500 5 14 2 0.0  -1
4500 5 14 3 0.0  101
4500 5 14 4 0.0  -1
4500 5 15 1 0.0  4
4500 5 15 2 0.0  12
4500 5 15 3 0.0  -1
4500 5 15 4 0.0  101
4500 5 16 1 0.0  -1
4500 5 16 2 0.0  -1
4500 5 16 3 0.0  -1
4500 5 16 4 0.0  -1
4500 5 17 1 0.0  101
4500 5 17 2 0.0  2
4500 5 17 3 0.0  -1
4500 5 17 4 0.0  6
4500 5 18 1 0.0  -1
4500 5 18 2 0.0  -1
4500 5 18 3 0.0  101
4500 5 18 4 0.0  3
4500 5 19 1 0.0  -1
4500 5 19 2 0.0  101
4500 5 19 3 0.0  10
4500 5 19 4 0.0  101
4500 5 20 1 0.0  -1
4500 5 20 2 0.0  101
4500 5 20 3 0.0  -1
4500 5 20 4 0.0  9
4500 5 21 1 0.0  -1
4500 5 21 2 0.0  -1
4500 5 21 3 0.0  101
4500 5 21 4 0.0  26
4500 5 22 1 0.0  101
4500 5 22 2 0.0  -1
4500 5 22 3 0.0  -1
4500 5 22 4 0.0  -1
4500 5 23 1 0.0  10
4500 5 23 2 0.0  10
4500 5 23 3 0.0  10
4500 5 23 4 0.0  101
4500 5 24 1 0.0  -1
4500 5 24 2 0.0  -1
4500 5 24 3 0.0  101
4500 5 24 4 0.0  -1
4500 5 25 1 0.0  25
4500 5 25 2 0.0  101
4500 5 25 3 0.0  -1
4500 5 25 4 0.0  9
5000 5 1 1 0.0  -1
5000 5 1 2 0.0  101
5000 5 1 3 0.0  101
5000 5 1 4 0.0  -1
5000 5 2 1 0.0  -1
5000 5 2 2 0.0  101
5000 5 2 3 0.0  -1
5000 5 2 4 0.0  -1
5000 5 3 1 0.0  -1
5000 5 3 2 0.0  13
5000 5 3 3 0.0  -1
5000 5 3 4 0.0  101
5000 5 4 1 0.0  -1
5000 5 4 2 0.0  101
5000 5 4 3 0.0  -1
5000 5 4 4 0.0  -1
5000 5 5 1 0.0  -1
5000 5 5 2 0.0  -1
5000 5 5 3 0.0  -1
5000 5 5 4 0.0  101
5000 5 6 1 0.0  -1
5000 5 6 2 0.0  25
5000 5 6 3 0.0  33
5000 5 6 4 0.0  101
5000 5 7 1 0.0  101
5000 5 7 2 0.0  10
5000 5 7 3 0.0  5
5000 5 7 4 0.0  -1
5000 5 8 1 0.0  -1
5000 5 8 2 0.0  5
5000 5 8 3 0.0  -1
5000 5 8 4 0.0  101
5000 5 9 1 0.0  101
5000 5 9 2 0.0  101
5000 5 9 3 0.0  -1
5000 5 9 4 0.0  12
5000 5 10 1 0.0  25
5000 5 10 2 0.0  101
5000 5 10 3 0.0  7
5000 5 10 4 0.0  101
5000 5 11 1 0.0  13
5000 5 11 2 0.0  101
5000 5 11 3 0.0  13
5000 5 11 4 0.0  13
5000 5 12 1 0.0  -1
5000 5 12 2 0.0  -1
5000 5 12 3 0.0  -1
5000 5 12 4 0.0  101
5000 5 13 1 0.0  6
5000 5 13 2 0.0  -1
5000 5 13 3 0.0  -1
5000 5 13 4 0.0  101
5000 5 14 1 0.0  12
5000 5 14 2 0.0  -1
5000 5 14 3 0.0  12
5000 5 14 4 0.0  -1
5000 5 15 1 0.0  101
5000 5 15 2 0.0  13
5000 5 15 3 0.0  -1
5000 5 15 4 0.0  5
5000 5 16 1 0.0  -1
5000 5 16 2 0.0  101
5000 5 16 3 0.0  23
5000 5 16 4 0.0  5
5000 5 17 1 0.0  -1
5000 5 17 2 0.0  -1
5000 5 17 3 0.0  101
5000 5 17 4 0.0  -1
5000 5 18 1 0.0  -1
5000 5 18 2 0.0  -1
5000 5 18 3 0.0  101
5000 5 18 4 0.0  25
5000 5 19 1 0.0  -1
5000 5 19 2 0.0  101
5000 5 19 3 0.0  -1
5000 5 19 4 0.0  12
5000 5 20 1 0.0  -1
5000 5 20 2 0.0  101
5000 5 20 3 0.0  -1
5000 5 20 4 0.0  -1
5000 5 21 1 0.0  -1
5000 5 21 2 0.0  -1
5000 5 21 3 0.0  101
5000 5 21 4 0.0  7
5000 5 22 1 0.0  -1
5000 5 22 2 0.0  6
5000 5 22 3 0.0  101
5000 5 22 4 0.0  -1
5000 5 23 1 0.0  101
5000 5 23 2 0.0  -1
5000 5 23 3 0.0  101
5000 5 23 4 0.0  101
5000 5 24 1 0.0  -1
5000 5 24 2 0.0  -1
5000 5 24 3 0.0  -1
5000 5 24 4 0.0  101
5000 5 25 1 0.0  101
5000 5 25 2 0.0  -1
5000 5 25 3 0.0  -1
5000 5 25 4 0.0  10
500 6 1 1 0.0  -1
500 6 1 2 0.0  4
500 6 1 3 0.0  -1
500 6 1 4 0.0  43
500 6 2 1 0.0  -1
500 6 2 2 0.0  43
500 6 2 3 0.0  -1
500 6 2 4 0.0  -1
500 6 3 1 0.0  -1
500 6 3 2 0.0  -1
500 6 3 3 0.0  -1
500 6 3 4 0.0  43
500 6 4 1 0.0  43
500 6 4 2 0.0  -1
500 6 4 3 0.0  -1
500 6 4 4 0.0  -1
500 6 5 1 0.0  43
500 6 5 2 0.0  -1
500 6 5 3 0.0  -1
500 6 5 4 0.0  -1
500 6 6 1 0.0  -1
500 6 6 2 0.0  -1
500 6 6 3 0.0  -1
500 6 6 4 0.0  43
500 6 7 1 0.0  -1
500 6 7 2 0.0  43
500 6 7 3 0.0  -1
500 6 7 4 0.0  -1
500 6 8 1 0.0  -1
500 6 8 2 0.0  -1
500 6 8 3 0.0  -1
500 6 8 4 0.0  43
500 6 9 1 0.0  -1
500 6 9 2 0.0  -1
500 6 9 3 0.0  43
500 6 9 4 0.0  -1
500 6 10 1 0.0  -1
500 6 10 2 0.0  -1
500 6 10 3 0.0  43
500 6 10 4 0.0  -1
500 6 11 1 0.0  -1
500 6 11 2 0.0  43
500 6 11 3 0.0  -1
500 6 11 4 0.0  -1
500 6 12 1 0.0  43
500 6 12 2 0.0  -1
500 6 12 3 0.0  -1
500 6 12 4 0.0  -1
500 6 13 1 0.0  43
500 6 13 2 0.0  -1
500 6 13 3 0.0  -1
500 6 13 4 0.0  -1
500 6 14 1 0.0  -1
500 6 14 2 0.0  43
500 6 14 3 0.0  -1
500 6 14 4 0.0  -1
500 6 15 1 0.0  6
500 6 15 2 0.0  -1
500 6 15 3 0.0  -1
500 6 15 4 0.0  43
500 6 16 1 0.0  -1
500 6 16 2 0.0  43
500 6 16 3 0.0  -1
500 6 16 4 0.0  -1
500 6 17 1 0.0  -1
500 6 17 2 0.0  -1
500 6 17 3 0.0  43
500 6 17 4 0.0  -1
500 6 18 1 0.0  43
500 6 18 2 0.0  -1
500 6 18 3 0.0  -1
500 6 18 4 0.0  -1
500 6 19 1 0.0  43
500 6 19 2 0.0  -1
500 6 19 3 0.0  -1
500 6 19 4 0.0  -1
500 6 20 1 0.0  -1
500 6 20 2 0.0  -1
500 6 20 3 0.0  43
500 6 20 4 0.0  -1
500 6 21 1 0.0  -1
500 6 21 2 0.0  -1
500 6 21 3 0.0  -1
500 6 21 4 0.0  -1
500 6 22 1 0.0  -1
500 6 22 2 0.0  -1
500 6 22 3 0.0  -1
500 6 22 4 0.0  43
500 6 23 1 0.0  43
500 6 23 2 0.0  -1
500 6 23 3 0.0  -1
500 6 23 4 0.0  -1
500 6 24 1 0.0  -1
500 6 24 2 0.0  -1
500 6 24 3 0.0  43
500 6 24 4 0.0  -1
500 6 25 1 0.0  -1
500 6 25 2 0.0  -1
500 6 25 3 0.0  43
500 6 25 4 0.0  -1
1000 6 1 1 0.0  -1
1000 6 1 2 0.0  4
1000 6 1 3 0.0  -1
1000 6 1 4 0.0  43
1000 6 2 1 0.0  -1
1000 6 2 2 0.0  -1
1000 6 2 3 0.0  -1
1000 6 2 4 0.0  43
1000 6 3 1 0.0  -1
1000 6 3 2 0.0  8
1000 6 3 3 0.0  5
1000 6 3 4 0.0  43
1000 6 4 1 0.0  43
1000 6 4 2 0.0  -1
1000 6 4 3 0.0  -1
1000 6 4 4 0.0  -1
1000 6 5 1 0.0  3
1000 6 5 2 0.0  -1
1000 6 5 3 0.0  43
1000 6 5 4 0.0  5
1000 6 6 1 0.0  -1
1000 6 6 2 0.0  -1
1000 6 6 3 0.0  4
1000 6 6 4 0.0  43
1000 6 7 1 0.0  4
1000 6 7 2 0.0  43
1000 6 7 3 0.0  -1
1000 6 7 4 0.0  -1
1000 6 8 1 0.0  -1
1000 6 8 2 0.0  -1
1000 6 8 3 0.0  -1
1000 6 8 4 0.0  43
1000 6 9 1 0.0  -1
1000 6 9 2 0.0  -1
1000 6 9 3 0.0  43
1000 6 9 4 0.0  -1
1000 6 10 1 0.0  43
1000 6 10 2 0.0  -1
1000 6 10 3 0.0  7
1000 6 10 4 0.0  -1
1000 6 11 1 0.0  43
1000 6 11 2 0.0  -1
1000 6 11 3 0.0  6
1000 6 11 4 0.0  -1
1000 6 12 1 0.0  3
1000 6 12 2 0.0  -1
1000 6 12 3 0.0  3
1000 6 12 4 0.0  43
1000 6 13 1 0.0  3
1000 6 13 2 0.0  -1
1000 6 13 3 0.0  43
1000 6 13 4 0.0  36
1000 6 14 1 0.0  -1
1000 6 14 2 0.0  5
1000 6 14 3 0.0  43
1000 6 14 4 0.0  -1
1000 6 15 1 0.0  10
1000 6 15 2 0.0  9
1000 6 15 3 0.0  4
1000 6 15 4 0.0  43
1000 6 16 1 0.0  43
1000 6 16 2 0.0  -1
1000 6 16 3 0.0  6
1000 6 16 4 0.0  -1
1000 6 17 1 0.0  -1
1000 6 17 2 0.0  -1
1000 6 17 3 0.0  43
1000 6 17 4 0.0  4
1000 6 18 1 0.0  -1
1000 6 18 2 0.0  3
1000 6 18 3 0.0  43
1000 6 18 4 0.0  -1
1000 6 19 1 0.0  -1
1000 6 19 2 0.0  -1
1000 6 19 3 0.0  -1
1000 6 19 4 0.0  43
1000 6 20 1 0.0  -1
1000 6 20 2 0.0  -1
1000 6 20 3 0.0  -1
1000 6 20 4 0.0  43
1000 6 21 1 0.0  -1
1000 6 21 2 0.0  43
1000 6 21 3 0.0  -1
1000 6 21 4 0.0  7
1000 6 22 1 0.0  -1
1000 6 22 2 0.0  43
1000 6 22 3 0.0  -1
1000 6 22 4 0.0  -1
1000 6 23 1 0.0  5
1000 6 23 2 0.0  7
1000 6 23 3 0.0  4
1000 6 23 4 0.0  -1
1000 6 24 1 0.0  -1
1000 6 24 2 0.0  7
1000 6 24 3 0.0  43
1000 6 24 4 0.0  -1
1000 6 25 1 0.0  -1
1000 6 25 2 0.0  -1
1000 6 25 3 0.0  43
1000 6 25 4 0.0  -1
1500 6 1 1 0.0  -1
1500 6 1 2 0.0  -1
1500 6 1 3 0.0  74
1500 6 1 4 0.0  -1
1500 6 2 1 0.0  -1
1500 6 2 2 0.0  109
1500 6 2 3 0.0  -1
1500 6 2 4 0.0  -1
1500 6 3 1 0.0  -1
1500 6 3 2 0.0  -1
1500 6 3 3 0.0  -1
1500 6 3 4 0.0  51
1500 6 4 1 0.0  -1
1500 6 4 2 0.0  35
1500 6 4 3 0.0  69
1500 6 4 4 0.0  34
1500 6 5 1 0.0  -1
1500 6 5 2 0.0  -1
1500 6 5 3 0.0  -1
1500 6 5 4 0.0  109
1500 6 6 1 0.0  -1
1500 6 6 2 0.0  69
1500 6 6 3 0.0  -1
1500 6 6 4 0.0  -1
1500 6 7 1 0.0  51
1500 6 7 2 0.0  -1
1500 6 7 3 0.0  -1
1500 6 7 4 0.0  -1
1500 6 8 1 0.0  -1
1500 6 8 2 0.0  -1
1500 6 8 3 0.0  -1
1500 6 8 4 0.0  109
1500 6 9 1 0.0  69
1500 6 9 2 0.0  -1
1500 6 9 3 0.0  32
1500 6 9 4 0.0  -1
1500 6 10 1 0.0  -1
1500 6 10 2 0.0  -1
1500 6 10 3 0.0  -1
1500 6 10 4 0.0  51
1500 6 11 1 0.0  51
1500 6 11 2 0.0  -1
1500 6 11 3 0.0  32
1500 6 11 4 0.0  -1
1500 6 12 1 0.0  74
1500 6 12 2 0.0  -1
1500 6 12 3 0.0  -1
1500 6 12 4 0.0  -1
1500 6 13 1 0.0  -1
1500 6 13 2 0.0  74
1500 6 13 3 0.0  -1
1500 6 13 4 0.0  -1
1500 6 14 1 0.0  51
1500 6 14 2 0.0  -1
1500 6 14 3 0.0  6
1500 6 14 4 0.0  -1
1500 6 15 1 0.0  69
1500 6 15 2 0.0  -1
1500 6 15 3 0.0  -1
1500 6 15 4 0.0  -1
1500 6 16 1 0.0  -1
1500 6 16 2 0.0  74
1500 6 16 3 0.0  74
1500 6 16 4 0.0  -1
1500 6 17 1 0.0  -1
1500 6 17 2 0.0  69
1500 6 17 3 0.0  51
1500 6 17 4 0.0  -1
1500 6 18 1 0.0  10
1500 6 18 2 0.0  74
1500 6 18 3 0.0  -1
1500 6 18 4 0.0  -1
1500 6 19 1 0.0  -1
1500 6 19 2 0.0  -1
1500 6 19 3 0.0  -1
1500 6 19 4 0.0  35
1500 6 20 1 0.0  -1
1500 6 20 2 0.0  109
1500 6 20 3 0.0  -1
1500 6 20 4 0.0  -1
1500 6 21 1 0.0  -1
1500 6 21 2 0.0  8
1500 6 21 3 0.0  -1
1500 6 21 4 0.0  51
1500 6 22 1 0.0  -1
1500 6 22 2 0.0  69
1500 6 22 3 0.0  -1
1500 6 22 4 0.0  -1
1500 6 23 1 0.0  8
1500 6 23 2 0.0  51
1500 6 23 3 0.0  -1
1500 6 23 4 0.0  -1
1500 6 24 1 0.0  -1
1500 6 24 2 0.0  -1
1500 6 24 3 0.0  69
1500 6 24 4 0.0  7
1500 6 25 1 0.0  -1
1500 6 25 2 0.0  74
1500 6 25 3 0.0  -1
1500 6 25 4 0.0  -1
2000 6 1 1 0.0  -1
2000 6 1 2 0.0  -1
2000 6 1 3 0.0  -1
2000 6 1 4 0.0  -1
2000 6 2 1 0.0  -1
2000 6 2 2 0.0  109
2000 6 2 3 0.0  -1
2000 6 2 4 0.0  -1
2000 6 3 1 0.0  109
2000 6 3 2 0.0  -1
2000 6 3 3 0.0  -1
2000 6 3 4 0.0  47
2000 6 4 1 0.0  -1
2000 6 4 2 0.0  109
2000 6 4 3 0.0  -1
2000 6 4 4 0.0  -1
2000 6 5 1 0.0  109
2000 6 5 2 0.0  -1
2000 6 5 3 0.0  10
2000 6 5 4 0.0  -1
2000 6 6 1 0.0  -1
2000 6 6 2 0.0  109
2000 6 6 3 0.0  -1
2000 6 6 4 0.0  -1
2000 6 7 1 0.0  -1
2000 6 7 2 0.0  -1
2000 6 7 3 0.0  109
2000 6 7 4 0.0  -1
2000 6 8 1 0.0  2
2000 6 8 2 0.0  109
2000 6 8 3 0.0  -1
2000 6 8 4 0.0  10
2000 6 9 1 0.0  -1
2000 6 9 2 0.0  109
2000 6 9 3 0.0  -1
2000 6 9 4 0.0  109
2000 6 10 1 0.0  109
2000 6 10 2 0.0  -1
2000 6 10 3 0.0  -1
2000 6 10 4 0.0  -1
2000 6 11 1 0.0  -1
2000 6 11 2 0.0  -1
2000 6 11 3 0.0  109
2000 6 11 4 0.0  -1
2000 6 12 1 0.0  -1
2000 6 12 2 0.0  109
2000 6 12 3 0.0  -1
2000 6 12 4 0.0  -1
2000 6 13 1 0.0  -1
2000 6 13 2 0.0  109
2000 6 13 3 0.0  -1
2000 6 13 4 0.0  -1
2000 6 14 1 0.0  109
2000 6 14 2 0.0  -1
2000 6 14 3 0.0  -1
2000 6 14 4 0.0  -1
2000 6 15 1 0.0  109
2000 6 15 2 0.0  -1
2000 6 15 3 0.0  -1
2000 6 15 4 0.0  -1
2000 6 16 1 0.0  -1
2000 6 16 2 0.0  109
2000 6 16 3 0.0  -1
2000 6 16 4 0.0  -1
2000 6 17 1 0.0  -1
2000 6 17 2 0.0  109
2000 6 17 3 0.0  -1
2000 6 17 4 0.0  -1
2000 6 18 1 0.0  109
2000 6 18 2 0.0  -1
2000 6 18 3 0.0  -1
2000 6 18 4 0.0  -1
2000 6 19 1 0.0  -1
2000 6 19 2 0.0  -1
2000 6 19 3 0.0  -1
2000 6 19 4 0.0  109
2000 6 20 1 0.0  -1
2000 6 20 2 0.0  109
2000 6 20 3 0.0  -1
2000 6 20 4 0.0  -1
2000 6 21 1 0.0  -1
2000 6 21 2 0.0  109
2000 6 21 3 0.0  -1
2000 6 21 4 0.0  -1
2000 6 22 1 0.0  -1
2000 6 22 2 0.0  109
2000 6 22 3 0.0  -1
2000 6 22 4 0.0  3
2000 6 23 1 0.0  -1
2000 6 23 2 0.0  109
2000 6 23 3 0.0  -1
2000 6 23 4 0.0  5
2000 6 24 1 0.0  -1
2000 6 24 2 0.0  -1
2000 6 24 3 0.0  109
2000 6 24 4 0.0  -1
2000 6 25 1 0.0  -1
2000 6 25 2 0.0  109
2000 6 25 3 0.0  -1
2000 6 25 4 0.0  -1
2500 6 1 1 0.0  109
2500 6 1 2 0.0  -1
2500 6 1 3 0.0  -1
2500 6 1 4 0.0  109
2500 6 2 1 0.0  -1
2500 6 2 2 0.0  -1
2500 6 2 3 0.0  12
2500 6 2 4 0.0  109
2500 6 3 1 0.0  109
2500 6 3 2 0.0  -1
2500 6 3 3 0.0  -1
2500 6 3 4 0.0  109
2500 6 4 1 0.0  109
2500 6 4 2 0.0  -1
2500 6 4 3 0.0  -1
2500 6 4 4 0.0  -1
2500 6 5 1 0.0  109
2500 6 5 2 0.0  -1
2500 6 5 3 0.0  -1
2500 6 5 4 0.0  109
2500 6 6 1 0.0  -1
2500 6 6 2 0.0  -1
2500 6 6 3 0.0  -1
2500 6 6 4 0.0  -1
2500 6 7 1 0.0  -1
2500 6 7 2 0.0  -1
2500 6 7 3 0.0  109
2500 6 7 4 0.0  -1
2500 6 8 1 0.0  4
2500 6 8 2 0.0  -1
2500 6 8 3 0.0  -1
2500 6 8 4 0.0  109
2500 6 9 1 0.0  109
2500 6 9 2 0.0  -1
2500 6 9 3 0.0  109
2500 6 9 4 0.0  -1
2500 6 10 1 0.0  109
2500 6 10 2 0.0  -1
2500 6 10 3 0.0  -1
2500 6 10 4 0.0  -1
2500 6 11 1 0.0  -1
2500 6 11 2 0.0  109
2500 6 11 3 0.0  -1
2500 6 11 4 0.0  -1
2500 6 12 1 0.0  -1
2500 6 12 2 0.0  -1
2500 6 12 3 0.0  -1
2500 6 12 4 0.0  109
2500 6 13 1 0.0  109
2500 6 13 2 0.0  24
2500 6 13 3 0.0  -1
2500 6 13 4 0.0  -1
2500 6 14 1 0.0  -1
2500 6 14 2 0.0  35
2500 6 14 3 0.0  74
2500 6 14 4 0.0  109
2500 6 15 1 0.0  109
2500 6 15 2 0.0  -1
2500 6 15 3 0.0  -1
2500 6 15 4 0.0  -1
2500 6 16 1 0.0  -1
2500 6 16 2 0.0  -1
2500 6 16 3 0.0  109
2500 6 16 4 0.0  -1
2500 6 17 1 0.0  109
2500 6 17 2 0.0  -1
2500 6 17 3 0.0  -1
2500 6 17 4 0.0  -1
2500 6 18 1 0.0  -1
2500 6 18 2 0.0  109
2500 6 18 3 0.0  -1
2500 6 18 4 0.0  -1
2500 6 19 1 0.0  28
2500 6 19 2 0.0  74
2500 6 19 3 0.0  -1
2500 6 19 4 0.0  109
2500 6 20 1 0.0  -1
2500 6 20 2 0.0  109
2500 6 20 3 0.0  -1
2500 6 20 4 0.0  -1
2500 6 21 1 0.0  -1
2500 6 21 2 0.0  109
2500 6 21 3 0.0  -1
2500 6 21 4 0.0  -1
2500 6 22 1 0.0  5
2500 6 22 2 0.0  -1
2500 6 22 3 0.0  109
2500 6 22 4 0.0  -1
2500 6 23 1 0.0  -1
2500 6 23 2 0.0  -1
2500 6 23 3 0.0  -1
2500 6 23 4 0.0  109
2500 6 24 1 0.0  -1
2500 6 24 2 0.0  109
2500 6 24 3 0.0  -1
2500 6 24 4 0.0  109
2500 6 25 1 0.0  109
2500 6 25 2 0.0  -1
2500 6 25 3 0.0  -1
2500 6 25 4 0.0  -1
3000 6 1 1 0.0  109
3000 6 1 2 0.0  -1
3000 6 1 3 0.0  6
3000 6 1 4 0.0  -1
3000 6 2 1 0.0  -1
3000 6 2 2 0.0  109
3000 6 2 3 0.0  -1
3000 6 2 4 0.0  109
3000 6 3 1 0.0  -1
3000 6 3 2 0.0  -1
3000 6 3 3 0.0  109
3000 6 3 4 0.0  6
3000 6 4 1 0.0  109
3000 6 4 2 0.0  -1
3000 6 4 3 0.0  -1
3000 6 4 4 0.0  109
3000 6 5 1 0.0  -1
3000 6 5 2 0.0  -1
3000 6 5 3 0.0  -1
3000 6 5 4 0.0  109
3000 6 6 1 0.0  -1
3000 6 6 2 0.0  109
3000 6 6 3 0.0  -1
3000 6 6 4 0.0  -1
3000 6 7 1 0.0  6
3000 6 7 2 0.0  -1
3000 6 7 3 0.0  109
3000 6 7 4 0.0  6
3000 6 8 1 0.0  -1
3000 6 8 2 0.0  -1
3000 6 8 3 0.0  109
3000 6 8 4 0.0  5
3000 6 9 1 0.0  109
3000 6 9 2 0.0  -1
3000 6 9 3 0.0  -1
3000 6 9 4 0.0  -1
3000 6 10 1 0.0  -1
3000 6 10 2 0.0  -1
3000 6 10 3 0.0  -1
3000 6 10 4 0.0  109
3000 6 11 1 0.0  -1
3000 6 11 2 0.0  -1
3000 6 11 3 0.0  -1
3000 6 11 4 0.0  109
3000 6 12 1 0.0  -1
3000 6 12 2 0.0  109
3000 6 12 3 0.0  109
3000 6 12 4 0.0  -1
3000 6 13 1 0.0  -1
3000 6 13 2 0.0  2
3000 6 13 3 0.0  109
3000 6 13 4 0.0  -1
3000 6 14 1 0.0  -1
3000 6 14 2 0.0  2
3000 6 14 3 0.0  109
3000 6 14 4 0.0  -1
3000 6 15 1 0.0  -1
3000 6 15 2 0.0  -1
3000 6 15 3 0.0  -1
3000 6 15 4 0.0  109
3000 6 16 1 0.0  109
3000 6 16 2 0.0  -1
3000 6 16 3 0.0  -1
3000 6 16 4 0.0  5
3000 6 17 1 0.0  -1
3000 6 17 2 0.0  47
3000 6 17 3 0.0  -1
3000 6 17 4 0.0  109
3000 6 18 1 0.0  -1
3000 6 18 2 0.0  109
3000 6 18 3 0.0  -1
3000 6 18 4 0.0  -1
3000 6 19 1 0.0  -1
3000 6 19 2 0.0  109
3000 6 19 3 0.0  -1
3000 6 19 4 0.0  -1
3000 6 20 1 0.0  -1
3000 6 20 2 0.0  -1
3000 6 20 3 0.0  109
3000 6 20 4 0.0  4
3000 6 21 1 0.0  -1
3000 6 21 2 0.0  -1
3000 6 21 3 0.0  -1
3000 6 21 4 0.0  109
3000 6 22 1 0.0  6
3000 6 22 2 0.0  2
3000 6 22 3 0.0  -1
3000 6 22 4 0.0  109
3000 6 23 1 0.0  -1
3000 6 23 2 0.0  -1
3000 6 23 3 0.0  35
3000 6 23 4 0.0  109
3000 6 24 1 0.0  -1
3000 6 24 2 0.0  -1
3000 6 24 3 0.0  -1
3000 6 24 4 0.0  -1
3000 6 25 1 0.0  -1
3000 6 25 2 0.0  -1
3000 6 25 3 0.0  109
3000 6 25 4 0.0  -1
3500 6 1 1 0.0  74
3500 6 1 2 0.0  452
3500 6 1 3 0.0  452
3500 6 1 4 0.0  -1
3500 6 2 1 0.0  2
3500 6 2 2 0.0  452
3500 6 2 3 0.0  2
3500 6 2 4 0.0  -1
3500 6 3 1 0.0  -1
3500 6 3 2 0.0  -1
3500 6 3 3 0.0  452
3500 6 3 4 0.0  -1
3500 6 4 1 0.0  -1
3500 6 4 2 0.0  -1
3500 6 4 3 0.0  452
3500 6 4 4 0.0  -1
3500 6 5 1 0.0  -1
3500 6 5 2 0.0  -1
3500 6 5 3 0.0  452
3500 6 5 4 0.0  452
3500 6 6 1 0.0  -1
3500 6 6 2 0.0  452
3500 6 6 3 0.0  -1
3500 6 6 4 0.0  -1
3500 6 7 1 0.0  452
3500 6 7 2 0.0  -1
3500 6 7 3 0.0  52
3500 6 7 4 0.0  2
3500 6 8 1 0.0  -1
3500 6 8 2 0.0  -1
3500 6 8 3 0.0  452
3500 6 8 4 0.0  -1
3500 6 9 1 0.0  -1
3500 6 9 2 0.0  22
3500 6 9 3 0.0  -1
3500 6 9 4 0.0  452
3500 6 10 1 0.0  2
3500 6 10 2 0.0  2
3500 6 10 3 0.0  452
3500 6 10 4 0.0  2
3500 6 11 1 0.0  -1
3500 6 11 2 0.0  -1
3500 6 11 3 0.0  452
3500 6 11 4 0.0  3
3500 6 12 1 0.0  -1
3500 6 12 2 0.0  -1
3500 6 12 3 0.0  452
3500 6 12 4 0.0  35
3500 6 13 1 0.0  -1
3500 6 13 2 0.0  452
3500 6 13 3 0.0  -1
3500 6 13 4 0.0  31
3500 6 14 1 0.0  452
3500 6 14 2 0.0  -1
3500 6 14 3 0.0  452
3500 6 14 4 0.0  -1
3500 6 15 1 0.0  452
3500 6 15 2 0.0  -1
3500 6 15 3 0.0  -1
3500 6 15 4 0.0  -1
3500 6 16 1 0.0  452
3500 6 16 2 0.0  -1
3500 6 16 3 0.0  -1
3500 6 16 4 0.0  -1
3500 6 17 1 0.0  452
3500 6 17 2 0.0  31
3500 6 17 3 0.0  3
3500 6 17 4 0.0  -1
3500 6 18 1 0.0  -1
3500 6 18 2 0.0  -1
3500 6 18 3 0.0  452
3500 6 18 4 0.0  -1
3500 6 19 1 0.0  -1
3500 6 19 2 0.0  452
3500 6 19 3 0.0  -1
3500 6 19 4 0.0  -1
3500 6 20 1 0.0  -1
3500 6 20 2 0.0  -1
3500 6 20 3 0.0  452
3500 6 20 4 0.0  5
3500 6 21 1 0.0  2
3500 6 21 2 0.0  452
3500 6 21 3 0.0  -1
3500 6 21 4 0.0  -1
3500 6 22 1 0.0  -1
3500 6 22 2 0.0  -1
3500 6 22 3 0.0  -1
3500 6 22 4 0.0  -1
3500 6 23 1 0.0  -1
3500 6 23 2 0.0  -1
3500 6 23 3 0.0  -1
3500 6 23 4 0.0  452
3500 6 24 1 0.0  452
3500 6 24 2 0.0  -1
3500 6 24 3 0.0  -1
3500 6 24 4 0.0  -1
3500 6 25 1 0.0  -1
3500 6 25 2 0.0  -1
3500 6 25 3 0.0  -1
3500 6 25 4 0.0  452
4000 6 1 1 0.0  -1
4000 6 1 2 0.0  -1
4000 6 1 3 0.0  452
4000 6 1 4 0.0  -1
4000 6 2 1 0.0  -1
4000 6 2 2 0.0  -1
4000 6 2 3 0.0  452
4000 6 2 4 0.0  452
4000 6 3 1 0.0  452
4000 6 3 2 0.0  452
4000 6 3 3 0.0  -1
4000 6 3 4 0.0  -1
4000 6 4 1 0.0  -1
4000 6 4 2 0.0  -1
4000 6 4 3 0.0  452
4000 6 4 4 0.0  -1
4000 6 5 1 0.0  452
4000 6 5 2 0.0  -1
4000 6 5 3 0.0  -1
4000 6 5 4 0.0  -1
4000 6 6 1 0.0  452
4000 6 6 2 0.0  -1
4000 6 6 3 0.0  -1
4000 6 6 4 0.0  -1
4000 6 7 1 0.0  -1
4000 6 7 2 0.0  -1
4000 6 7 3 0.0  -1
4000 6 7 4 0.0  452
4000 6 8 1 0.0  -1
4000 6 8 2 0.0  -1
4000 6 8 3 0.0  -1
4000 6 8 4 0.0  452
4000 6 9 1 0.0  452
4000 6 9 2 0.0  -1
4000 6 9 3 0.0  -1
4000 6 9 4 0.0  -1
4000 6 10 1 0.0  -1
4000 6 10 2 0.0  52
4000 6 10 3 0.0  -1
4000 6 10 4 0.0  452
4000 6 11 1 0.0  -1
4000 6 11 2 0.0  452
4000 6 11 3 0.0  -1
4000 6 11 4 0.0  452
4000 6 12 1 0.0  -1
4000 6 12 2 0.0  452
4000 6 12 3 0.0  -1
4000 6 12 4 0.0  -1
4000 6 13 1 0.0  -1
4000 6 13 2 0.0  452
4000 6 13 3 0.0  -1
4000 6 13 4 0.0  31
4000 6 14 1 0.0  -1
4000 6 14 2 0.0  452
4000 6 14 3 0.0  -1
4000 6 14 4 0.0  -1
4000 6 15 1 0.0  -1
4000 6 15 2 0.0  452
4000 6 15 3 0.0  -1
4000 6 15 4 0.0  -1
4000 6 16 1 0.0  -1
4000 6 16 2 0.0  -1
4000 6 16 3 0.0  452
4000 6 16 4 0.0  -1
4000 6 17 1 0.0  -1
4000 6 17 2 0.0  26
4000 6 17 3 0.0  452
4000 6 17 4 0.0  5
4000 6 18 1 0.0  -1
4000 6 18 2 0.0  452
4000 6 18 3 0.0  -1
4000 6 18 4 0.0  -1
4000 6 19 1 0.0  -1
4000 6 19 2 0.0  -1
4000 6 19 3 0.0  452
4000 6 19 4 0.0  -1
4000 6 20 1 0.0  -1
4000 6 20 2 0.0  452
4000 6 20 3 0.0  -1
4000 6 20 4 0.0  452
4000 6 21 1 0.0  452
4000 6 21 2 0.0  -1
4000 6 21 3 0.0  -1
4000 6 21 4 0.0  -1
4000 6 22 1 0.0  -1
4000 6 22 2 0.0  -1
4000 6 22 3 0.0  -1
4000 6 22 4 0.0  452
4000 6 23 1 0.0  -1
4000 6 23 2 0.0  -1
4000 6 23 3 0.0  452
4000 6 23 4 0.0  -1
4000 6 24 1 0.0  -1
4000 6 24 2 0.0  -1
4000 6 24 3 0.0  16
4000 6 24 4 0.0  452
4000 6 25 1 0.0  -1
4000 6 25 2 0.0  -1
4000 6 25 3 0.0  -1
4000 6 25 4 0.0  452
4500 6 1 1 0.0  -1
4500 6 1 2 0.0  452
4500 6 1 3 0.0  452
4500 6 1 4 0.0  6
4500 6 2 1 0.0  -1
4500 6 2 2 0.0  452
4500 6 2 3 0.0  -1
4500 6 2 4 0.0  -1
4500 6 3 1 0.0  452
4500 6 3 2 0.0  -1
4500 6 3 3 0.0  -1
4500 6 3 4 0.0  30
4500 6 4 1 0.0  -1
4500 6 4 2 0.0  -1
4500 6 4 3 0.0  452
4500 6 4 4 0.0  -1
4500 6 5 1 0.0  -1
4500 6 5 2 0.0  -1
4500 6 5 3 0.0  452
4500 6 5 4 0.0  -1
4500 6 6 1 0.0  -1
4500 6 6 2 0.0  -1
4500 6 6 3 0.0  452
4500 6 6 4 0.0  -1
4500 6 7 1 0.0  -1
4500 6 7 2 0.0  2
4500 6 7 3 0.0  -1
4500 6 7 4 0.0  452
4500 6 8 1 0.0  5
4500 6 8 2 0.0  452
4500 6 8 3 0.0  -1
4500 6 8 4 0.0  -1
4500 6 9 1 0.0  6
4500 6 9 2 0.0  452
4500 6 9 3 0.0  -1
4500 6 9 4 0.0  -1
4500 6 10 1 0.0  452
4500 6 10 2 0.0  -1
4500 6 10 3 0.0  -1
4500 6 10 4 0.0  -1
4500 6 11 1 0.0  -1
4500 6 11 2 0.0  5
4500 6 11 3 0.0  -1
4500 6 11 4 0.0  452
4500 6 12 1 0.0  -1
4500 6 12 2 0.0  -1
4500 6 12 3 0.0  -1
4500 6 12 4 0.0  452
4500 6 13 1 0.0  -1
4500 6 13 2 0.0  452
4500 6 13 3 0.0  -1
4500 6 13 4 0.0  31
4500 6 14 1 0.0  5
4500 6 14 2 0.0  -1
4500 6 14 3 0.0  -1
4500 6 14 4 0.0  452
4500 6 15 1 0.0  -1
4500 6 15 2 0.0  -1
4500 6 15 3 0.0  452
4500 6 15 4 0.0  -1
4500 6 16 1 0.0  6
4500 6 16 2 0.0  -1
4500 6 16 3 0.0  452
4500 6 16 4 0.0  22
4500 6 17 1 0.0  452
4500 6 17 2 0.0  -1
4500 6 17 3 0.0  -1
4500 6 17 4 0.0  2
4500 6 18 1 0.0  -1
4500 6 18 2 0.0  -1
4500 6 18 3 0.0  -1
4500 6 18 4 0.0  452
4500 6 19 1 0.0  -1
4500 6 19 2 0.0  -1
4500 6 19 3 0.0  452
4500 6 19 4 0.0  -1
4500 6 20 1 0.0  452
4500 6 20 2 0.0  35
4500 6 20 3 0.0  -1
4500 6 20 4 0.0  -1
4500 6 21 1 0.0  -1
4500 6 21 2 0.0  -1
4500 6 21 3 0.0  452
4500 6 21 4 0.0  6
4500 6 22 1 0.0  8
4500 6 22 2 0.0  -1
4500 6 22 3 0.0  -1
4500 6 22 4 0.0  452
4500 6 23 1 0.0  -1
4500 6 23 2 0.0  452
4500 6 23 3 0.0  -1
4500 6 23 4 0.0  -1
4500 6 24 1 0.0  5
4500 6 24 2 0.0  -1
4500 6 24 3 0.0  -1
4500 6 24 4 0.0  52
4500 6 25 1 0.0  452
4500 6 25 2 0.0  -1
4500 6 25 3 0.0  -1
4500 6 25 4 0.0  -1
5000 6 1 1 0.0  -1
5000 6 1 2 0.0  -1
5000 6 1 3 0.0  8
5000 6 1 4 0.0  -1
5000 6 2 1 0.0  452
5000 6 2 2 0.0  21
5000 6 2 3 0.0  -1
5000 6 2 4 0.0  -1
5000 6 3 1 0.0  2
5000 6 3 2 0.0  -1
5000 6 3 3 0.0  -1
5000 6 3 4 0.0  452
5000 6 4 1 0.0  -1
5000 6 4 2 0.0  -1
5000 6 4 3 0.0  452
5000 6 4 4 0.0  -1
5000 6 5 1 0.0  452
5000 6 5 2 0.0  -1
5000 6 5 3 0.0  -1
5000 6 5 4 0.0  -1
5000 6 6 1 0.0  10
5000 6 6 2 0.0  -1
5000 6 6 3 0.0  452
5000 6 6 4 0.0  -1
5000 6 7 1 0.0  -1
5000 6 7 2 0.0  452
5000 6 7 3 0.0  -1
5000 6 7 4 0.0  7
5000 6 8 1 0.0  5
5000 6 8 2 0.0  452
5000 6 8 3 0.0  -1
5000 6 8 4 0.0  -1
5000 6 9 1 0.0  6
5000 6 9 2 0.0  4
5000 6 9 3 0.0  452
5000 6 9 4 0.0  5
5000 6 10 1 0.0  -1
5000 6 10 2 0.0  -1
5000 6 10 3 0.0  452
5000 6 10 4 0.0  6
5000 6 11 1 0.0  -1
5000 6 11 2 0.0  -1
5000 6 11 3 0.0  -1
5000 6 11 4 0.0  452
5000 6 12 1 0.0  -1
5000 6 12 2 0.0  -1
5000 6 12 3 0.0  452
5000 6 12 4 0.0  -1
5000 6 13 1 0.0  -1
5000 6 13 2 0.0  31
5000 6 13 3 0.0  -1
5000 6 13 4 0.0  452
5000 6 14 1 0.0  452
5000 6 14 2 0.0  -1
5000 6 14 3 0.0  -1
5000 6 14 4 0.0  -1
5000 6 15 1 0.0  -1
5000 6 15 2 0.0  5
5000 6 15 3 0.0  -1
5000 6 15 4 0.0  452
5000 6 16 1 0.0  -1
5000 6 16 2 0.0  452
5000 6 16 3 0.0  -1
5000 6 16 4 0.0  -1
5000 6 17 1 0.0  452
5000 6 17 2 0.0  4
5000 6 17 3 0.0  4
5000 6 17 4 0.0  -1
5000 6 18 1 0.0  -1
5000 6 18 2 0.0  452
5000 6 18 3 0.0  2
5000 6 18 4 0.0  -1
5000 6 19 1 0.0  -1
5000 6 19 2 0.0  -1
5000 6 19 3 0.0  452
5000 6 19 4 0.0  -1
5000 6 20 1 0.0  -1
5000 6 20 2 0.0  -1
5000 6 20 3 0.0  -1
5000 6 20 4 0.0  452
5000 6 21 1 0.0  -1
5000 6 21 2 0.0  -1
5000 6 21 3 0.0  -1
5000 6 21 4 0.0  452
5000 6 22 1 0.0  452
5000 6 22 2 0.0  2
5000 6 22 3 0.0  -1
5000 6 22 4 0.0  2
5000 6 23 1 0.0  -1
5000 6 23 2 0.0  452
5000 6 23 3 0.0  -1
5000 6 23 4 0.0  -1
5000 6 24 1 0.0  10
5000 6 24 2 0.0  -1
5000 6 24 3 0.0  19
5000 6 24 4 0.0  452
5000 6 25 1 0.0  452
5000 6 25 2 0.0  -1
5000 6 25 3 0.0  -1
5000 6 25 4 0.0  -1
