500 1 1 1 0.0  47
500 1 1 2 0.0  -1
500 1 1 3 0.0  -1
500 1 1 4 0.0  21
500 1 2 1 0.0  47
500 1 2 2 0.0  -1
500 1 2 3 0.0  -1
500 1 2 4 0.0  -1
500 1 3 1 0.0  -1
500 1 3 2 0.0  -1
500 1 3 3 0.0  -1
500 1 3 4 0.0  10
500 1 4 1 0.0  47
500 1 4 2 0.0  -1
500 1 4 3 0.0  -1
500 1 4 4 0.0  -1
500 1 5 1 0.0  -1
500 1 5 2 0.0  -1
500 1 5 3 0.0  47
500 1 5 4 0.0  -1
500 1 6 1 0.0  -1
500 1 6 2 0.0  -1
500 1 6 3 0.0  47
500 1 6 4 0.0  -1
500 1 7 1 0.0  7
500 1 7 2 0.0  -1
500 1 7 3 0.0  47
500 1 7 4 0.0  -1
500 1 8 1 0.0  47
500 1 8 2 0.0  -1
500 1 8 3 0.0  -1
500 1 8 4 0.0  -1
500 1 9 1 0.0  -1
500 1 9 2 0.0  -1
500 1 9 3 0.0  -1
500 1 9 4 0.0  47
500 1 10 1 0.0  -1
500 1 10 2 0.0  47
500 1 10 3 0.0  -1
500 1 10 4 0.0  -1
500 1 11 1 0.0  47
500 1 11 2 0.0  47
500 1 11 3 0.0  -1
500 1 11 4 0.0  -1
500 1 12 1 0.0  -1
500 1 12 2 0.0  -1
500 1 12 3 0.0  47
500 1 12 4 0.0  -1
500 1 13 1 0.0  47
500 1 13 2 0.0  -1
500 1 13 3 0.0  -1
500 1 13 4 0.0  47
500 1 14 1 0.0  -1
500 1 14 2 0.0  47
500 1 14 3 0.0  6
500 1 14 4 0.0  21
500 1 15 1 0.0  -1
500 1 15 2 0.0  47
500 1 15 3 0.0  -1
500 1 15 4 0.0  -1
500 1 16 1 0.0  -1
500 1 16 2 0.0  -1
500 1 16 3 0.0  28
500 1 16 4 0.0  47
500 1 17 1 0.0  -1
500 1 17 2 0.0  -1
500 1 17 3 0.0  -1
500 1 17 4 0.0  47
500 1 18 1 0.0  47
500 1 18 2 0.0  -1
500 1 18 3 0.0  -1
500 1 18 4 0.0  -1
500 1 19 1 0.0  42
500 1 19 2 0.0  47
500 1 19 3 0.0  11
500 1 19 4 0.0  21
500 1 20 1 0.0  -1
500 1 20 2 0.0  -1
500 1 20 3 0.0  -1
500 1 20 4 0.0  47
500 1 21 1 0.0  -1
500 1 21 2 0.0  -1
500 1 21 3 0.0  47
500 1 21 4 0.0  -1
500 1 22 1 0.0  47
500 1 22 2 0.0  -1
500 1 22 3 0.0  -1
500 1 22 4 0.0  -1
500 1 23 1 0.0  -1
500 1 23 2 0.0  -1
500 1 23 3 0.0  47
500 1 23 4 0.0  47
500 1 24 1 0.0  -1
500 1 24 2 0.0  -1
500 1 24 3 0.0  47
500 1 24 4 0.0  19
500 1 25 1 0.0  19
500 1 25 2 0.0  -1
500 1 25 3 0.0  -1
500 1 25 4 0.0  47
1000 1 1 1 0.0  -1
1000 1 1 2 0.0  97
1000 1 1 3 0.0  -1
1000 1 1 4 0.0  -1
1000 1 2 1 0.0  -1
1000 1 2 2 0.0  97
1000 1 2 3 0.0  -1
1000 1 2 4 0.0  -1
1000 1 3 1 0.0  -1
1000 1 3 2 0.0  97
1000 1 3 3 0.0  -1
1000 1 3 4 0.0  -1
1000 1 4 1 0.0  97
1000 1 4 2 0.0  7
1000 1 4 3 0.0  15
1000 1 4 4 0.0  -1
1000 1 5 1 0.0  97
1000 1 5 2 0.0  -1
1000 1 5 3 0.0  -1
1000 1 5 4 0.0  4
1000 1 6 1 0.0  -1
1000 1 6 2 0.0  -1
1000 1 6 3 0.0  97
1000 1 6 4 0.0  -1
1000 1 7 1 0.0  -1
1000 1 7 2 0.0  -1
1000 1 7 3 0.0  -1
1000 1 7 4 0.0  97
1000 1 8 1 0.0  80
1000 1 8 2 0.0  -1
1000 1 8 3 0.0  -1
1000 1 8 4 0.0  4
1000 1 9 1 0.0  -1
1000 1 9 2 0.0  15
1000 1 9 3 0.0  97
1000 1 9 4 0.0  97
1000 1 10 1 0.0  -1
1000 1 10 2 0.0  9
1000 1 10 3 0.0  97
1000 1 10 4 0.0  36
1000 1 11 1 0.0  -1
1000 1 11 2 0.0  97
1000 1 11 3 0.0  4
1000 1 11 4 0.0  -1
1000 1 12 1 0.0  -1
1000 1 12 2 0.0  -1
1000 1 12 3 0.0  -1
1000 1 12 4 0.0  97
1000 1 13 1 0.0  -1
1000 1 13 2 0.0  -1
1000 1 13 3 0.0  7
1000 1 13 4 0.0  97
1000 1 14 1 0.0  -1
1000 1 14 2 0.0  -1
1000 1 14 3 0.0  97
1000 1 14 4 0.0  36
1000 1 15 1 0.0  -1
1000 1 15 2 0.0  -1
1000 1 15 3 0.0  -1
1000 1 15 4 0.0  97
1000 1 16 1 0.0  97
1000 1 16 2 0.0  97
1000 1 16 3 0.0  -1
1000 1 16 4 0.0  -1
1000 1 17 1 0.0  -1
1000 1 17 2 0.0  -1
1000 1 17 3 0.0  97
1000 1 17 4 0.0  2
1000 1 18 1 0.0  97
1000 1 18 2 0.0  36
1000 1 18 3 0.0  -1
1000 1 18 4 0.0  -1
1000 1 19 1 0.0  -1
1000 1 19 2 0.0  97
1000 1 19 3 0.0  -1
1000 1 19 4 0.0  -1
1000 1 20 1 0.0  -1
1000 1 20 2 0.0  -1
1000 1 20 3 0.0  97
1000 1 20 4 0.0  -1
1000 1 21 1 0.0  97
1000 1 21 2 0.0  4
1000 1 21 3 0.0  -1
1000 1 21 4 0.0  7
1000 1 22 1 0.0  -1
1000 1 22 2 0.0  -1
1000 1 22 3 0.0  -1
1000 1 22 4 0.0  97
1000 1 23 1 0.0  -1
1000 1 23 2 0.0  -1
1000 1 23 3 0.0  97
1000 1 23 4 0.0  -1
1000 1 24 1 0.0  97
1000 1 24 2 0.0  97
1000 1 24 3 0.0  9
1000 1 24 4 0.0  -1
1000 1 25 1 0.0  -1
1000 1 25 2 0.0  97
1000 1 25 3 0.0  -1
1000 1 25 4 0.0  -1
1500 1 1 1 0.0  97
1500 1 1 2 0.0  10
1500 1 1 3 0.0  14
1500 1 1 4 0.0  -1
1500 1 2 1 0.0  15
1500 1 2 2 0.0  -1
1500 1 2 3 0.0  97
1500 1 2 4 0.0  -1
1500 1 3 1 0.0  -1
1500 1 3 2 0.0  -1
1500 1 3 3 0.0  -1
1500 1 3 4 0.0  97
1500 1 4 1 0.0  97
1500 1 4 2 0.0  -1
1500 1 4 3 0.0  97
1500 1 4 4 0.0  -1
1500 1 5 1 0.0  -1
1500 1 5 2 0.0  -1
1500 1 5 3 0.0  -1
1500 1 5 4 0.0  97
1500 1 6 1 0.0  -1
1500 1 6 2 0.0  -1
1500 1 6 3 0.0  97
1500 1 6 4 0.0  -1
1500 1 7 1 0.0  97
1500 1 7 2 0.0  -1
1500 1 7 3 0.0  97
1500 1 7 4 0.0  -1
1500 1 8 1 0.0  97
1500 1 8 2 0.0  -1
1500 1 8 3 0.0  -1
1500 1 8 4 0.0  -1
1500 1 9 1 0.0  -1
1500 1 9 2 0.0  -1
1500 1 9 3 0.0  97
1500 1 9 4 0.0  97
1500 1 10 1 0.0  -1
1500 1 10 2 0.0  97
1500 1 10 3 0.0  38
1500 1 10 4 0.0  -1
1500 1 11 1 0.0  -1
1500 1 11 2 0.0  -1
1500 1 11 3 0.0  97
1500 1 11 4 0.0  -1
1500 1 12 1 0.0  97
1500 1 12 2 0.0  -1
1500 1 12 3 0.0  -1
1500 1 12 4 0.0  72
1500 1 13 1 0.0  14
1500 1 13 2 0.0  10
1500 1 13 3 0.0  10
1500 1 13 4 0.0  97
1500 1 14 1 0.0  -1
1500 1 14 2 0.0  -1
1500 1 14 3 0.0  97
1500 1 14 4 0.0  -1
1500 1 15 1 0.0  -1
1500 1 15 2 0.0  -1
1500 1 15 3 0.0  97
1500 1 15 4 0.0  -1
1500 1 16 1 0.0  -1
1500 1 16 2 0.0  38
1500 1 16 3 0.0  97
1500 1 16 4 0.0  -1
1500 1 17 1 0.0  -1
1500 1 17 2 0.0  -1
1500 1 17 3 0.0  97
1500 1 17 4 0.0  -1
1500 1 18 1 0.0  97
1500 1 18 2 0.0  -1
1500 1 18 3 0.0  -1
1500 1 18 4 0.0  -1
1500 1 19 1 0.0  -1
1500 1 19 2 0.0  -1
1500 1 19 3 0.0  -1
1500 1 19 4 0.0  -1
1500 1 20 1 0.0  -1
1500 1 20 2 0.0  97
1500 1 20 3 0.0  -1
1500 1 20 4 0.0  -1
1500 1 21 1 0.0  97
1500 1 21 2 0.0  -1
1500 1 21 3 0.0  -1
1500 1 21 4 0.0  47
1500 1 22 1 0.0  -1
1500 1 22 2 0.0  97
1500 1 22 3 0.0  -1
1500 1 22 4 0.0  -1
1500 1 23 1 0.0  97
1500 1 23 2 0.0  -1
1500 1 23 3 0.0  97
1500 1 23 4 0.0  -1
1500 1 24 1 0.0  97
1500 1 24 2 0.0  97
1500 1 24 3 0.0  -1
1500 1 24 4 0.0  -1
1500 1 25 1 0.0  -1
1500 1 25 2 0.0  -1
1500 1 25 3 0.0  19
1500 1 25 4 0.0  97
2000 1 1 1 0.0  97
2000 1 1 2 0.0  10
2000 1 1 3 0.0  14
2000 1 1 4 0.0  -1
2000 1 2 1 0.0  -1
2000 1 2 2 0.0  -1
2000 1 2 3 0.0  9
2000 1 2 4 0.0  97
2000 1 3 1 0.0  97
2000 1 3 2 0.0  -1
2000 1 3 3 0.0  9
2000 1 3 4 0.0  97
2000 1 4 1 0.0  97
2000 1 4 2 0.0  -1
2000 1 4 3 0.0  -1
2000 1 4 4 0.0  -1
2000 1 5 1 0.0  -1
2000 1 5 2 0.0  -1
2000 1 5 3 0.0  -1
2000 1 5 4 0.0  11
2000 1 6 1 0.0  3
2000 1 6 2 0.0  11
2000 1 6 3 0.0  -1
2000 1 6 4 0.0  97
2000 1 7 1 0.0  -1
2000 1 7 2 0.0  -1
2000 1 7 3 0.0  -1
2000 1 7 4 0.0  97
2000 1 8 1 0.0  97
2000 1 8 2 0.0  -1
2000 1 8 3 0.0  -1
2000 1 8 4 0.0  -1
2000 1 9 1 0.0  -1
2000 1 9 2 0.0  97
2000 1 9 3 0.0  -1
2000 1 9 4 0.0  -1
2000 1 10 1 0.0  97
2000 1 10 2 0.0  -1
2000 1 10 3 0.0  -1
2000 1 10 4 0.0  -1
2000 1 11 1 0.0  97
2000 1 11 2 0.0  3
2000 1 11 3 0.0  72
2000 1 11 4 0.0  -1
2000 1 12 1 0.0  97
2000 1 12 2 0.0  24
2000 1 12 3 0.0  -1
2000 1 12 4 0.0  -1
2000 1 13 1 0.0  -1
2000 1 13 2 0.0  -1
2000 1 13 3 0.0  97
2000 1 13 4 0.0  -1
2000 1 14 1 0.0  -1
2000 1 14 2 0.0  4
2000 1 14 3 0.0  -1
2000 1 14 4 0.0  97
2000 1 15 1 0.0  -1
2000 1 15 2 0.0  -1
2000 1 15 3 0.0  97
2000 1 15 4 0.0  12
2000 1 16 1 0.0  -1
2000 1 16 2 0.0  -1
2000 1 16 3 0.0  97
2000 1 16 4 0.0  -1
2000 1 17 1 0.0  97
2000 1 17 2 0.0  -1
2000 1 17 3 0.0  -1
2000 1 17 4 0.0  3
2000 1 18 1 0.0  97
2000 1 18 2 0.0  3
2000 1 18 3 0.0  -1
2000 1 18 4 0.0  -1
2000 1 19 1 0.0  97
2000 1 19 2 0.0  97
2000 1 19 3 0.0  38
2000 1 19 4 0.0  -1
2000 1 20 1 0.0  3
2000 1 20 2 0.0  -1
2000 1 20 3 0.0  24
2000 1 20 4 0.0  97
2000 1 21 1 0.0  97
2000 1 21 2 0.0  -1
2000 1 21 3 0.0  -1
2000 1 21 4 0.0  -1
2000 1 22 1 0.0  -1
2000 1 22 2 0.0  97
2000 1 22 3 0.0  -1
2000 1 22 4 0.0  97
2000 1 23 1 0.0  -1
2000 1 23 2 0.0  -1
2000 1 23 3 0.0  97
2000 1 23 4 0.0  -1
2000 1 24 1 0.0  97
2000 1 24 2 0.0  38
2000 1 24 3 0.0  -1
2000 1 24 4 0.0  -1
2000 1 25 1 0.0  5
2000 1 25 2 0.0  -1
2000 1 25 3 0.0  -1
2000 1 25 4 0.0  97
2500 1 1 1 0.0  167
2500 1 1 2 0.0  -1
2500 1 1 3 0.0  34
2500 1 1 4 0.0  -1
2500 1 2 1 0.0  -1
2500 1 2 2 0.0  -1
2500 1 2 3 0.0  167
2500 1 2 4 0.0  -1
2500 1 3 1 0.0  -1
2500 1 3 2 0.0  12
2500 1 3 3 0.0  167
2500 1 3 4 0.0  -1
2500 1 4 1 0.0  -1
2500 1 4 2 0.0  9
2500 1 4 3 0.0  167
2500 1 4 4 0.0  -1
2500 1 5 1 0.0  167
2500 1 5 2 0.0  -1
2500 1 5 3 0.0  167
2500 1 5 4 0.0  47
2500 1 6 1 0.0  167
2500 1 6 2 0.0  -1
2500 1 6 3 0.0  -1
2500 1 6 4 0.0  167
2500 1 7 1 0.0  167
2500 1 7 2 0.0  167
2500 1 7 3 0.0  -1
2500 1 7 4 0.0  -1
2500 1 8 1 0.0  167
2500 1 8 2 0.0  -1
2500 1 8 3 0.0  33
2500 1 8 4 0.0  -1
2500 1 9 1 0.0  -1
2500 1 9 2 0.0  -1
2500 1 9 3 0.0  -1
2500 1 9 4 0.0  167
2500 1 10 1 0.0  -1
2500 1 10 2 0.0  167
2500 1 10 3 0.0  -1
2500 1 10 4 0.0  -1
2500 1 11 1 0.0  -1
2500 1 11 2 0.0  -1
2500 1 11 3 0.0  -1
2500 1 11 4 0.0  167
2500 1 12 1 0.0  -1
2500 1 12 2 0.0  -1
2500 1 12 3 0.0  167
2500 1 12 4 0.0  -1
2500 1 13 1 0.0  -1
2500 1 13 2 0.0  47
2500 1 13 3 0.0  -1
2500 1 13 4 0.0  167
2500 1 14 1 0.0  167
2500 1 14 2 0.0  -1
2500 1 14 3 0.0  -1
2500 1 14 4 0.0  -1
2500 1 15 1 0.0  10
2500 1 15 2 0.0  -1
2500 1 15 3 0.0  47
2500 1 15 4 0.0  -1
2500 1 16 1 0.0  167
2500 1 16 2 0.0  -1
2500 1 16 3 0.0  -1
2500 1 16 4 0.0  -1
2500 1 17 1 0.0  167
2500 1 17 2 0.0  -1
2500 1 17 3 0.0  47
2500 1 17 4 0.0  -1
2500 1 18 1 0.0  167
2500 1 18 2 0.0  -1
2500 1 18 3 0.0  -1
2500 1 18 4 0.0  -1
2500 1 19 1 0.0  167
2500 1 19 2 0.0  5
2500 1 19 3 0.0  19
2500 1 19 4 0.0  -1
2500 1 20 1 0.0  -1
2500 1 20 2 0.0  10
2500 1 20 3 0.0  167
2500 1 20 4 0.0  -1
2500 1 21 1 0.0  -1
2500 1 21 2 0.0  -1
2500 1 21 3 0.0  -1
2500 1 21 4 0.0  167
2500 1 22 1 0.0  -1
2500 1 22 2 0.0  167
2500 1 22 3 0.0  -1
2500 1 22 4 0.0  -1
2500 1 23 1 0.0  -1
2500 1 23 2 0.0  167
2500 1 23 3 0.0  -1
2500 1 23 4 0.0  167
2500 1 24 1 0.0  167
2500 1 24 2 0.0  47
2500 1 24 3 0.0  -1
2500 1 24 4 0.0  -1
2500 1 25 1 0.0  -1
2500 1 25 2 0.0  167
2500 1 25 3 0.0  -1
2500 1 25 4 0.0  -1
3000 1 1 1 0.0  5
3000 1 1 2 0.0  -1
3000 1 1 3 0.0  167
3000 1 1 4 0.0  -1
3000 1 2 1 0.0  -1
3000 1 2 2 0.0  -1
3000 1 2 3 0.0  167
3000 1 2 4 0.0  -1
3000 1 3 1 0.0  -1
3000 1 3 2 0.0  167
3000 1 3 3 0.0  -1
3000 1 3 4 0.0  10
3000 1 4 1 0.0  -1
3000 1 4 2 0.0  19
3000 1 4 3 0.0  167
3000 1 4 4 0.0  -1
3000 1 5 1 0.0  167
3000 1 5 2 0.0  -1
3000 1 5 3 0.0  -1
3000 1 5 4 0.0  -1
3000 1 6 1 0.0  -1
3000 1 6 2 0.0  2
3000 1 6 3 0.0  -1
3000 1 6 4 0.0  167
3000 1 7 1 0.0  167
3000 1 7 2 0.0  167
3000 1 7 3 0.0  -1
3000 1 7 4 0.0  -1
3000 1 8 1 0.0  5
3000 1 8 2 0.0  -1
3000 1 8 3 0.0  -1
3000 1 8 4 0.0  167
3000 1 9 1 0.0  167
3000 1 9 2 0.0  8
3000 1 9 3 0.0  8
3000 1 9 4 0.0  -1
3000 1 10 1 0.0  -1
3000 1 10 2 0.0  167
3000 1 10 3 0.0  -1
3000 1 10 4 0.0  -1
3000 1 11 1 0.0  -1
3000 1 11 2 0.0  -1
3000 1 11 3 0.0  -1
3000 1 11 4 0.0  -1
3000 1 12 1 0.0  -1
3000 1 12 2 0.0  167
3000 1 12 3 0.0  -1
3000 1 12 4 0.0  -1
3000 1 13 1 0.0  167
3000 1 13 2 0.0  -1
3000 1 13 3 0.0  -1
3000 1 13 4 0.0  -1
3000 1 14 1 0.0  167
3000 1 14 2 0.0  -1
3000 1 14 3 0.0  -1
3000 1 14 4 0.0  -1
3000 1 15 1 0.0  -1
3000 1 15 2 0.0  -1
3000 1 15 3 0.0  -1
3000 1 15 4 0.0  167
3000 1 16 1 0.0  -1
3000 1 16 2 0.0  167
3000 1 16 3 0.0  -1
3000 1 16 4 0.0  -1
3000 1 17 1 0.0  167
3000 1 17 2 0.0  72
3000 1 17 3 0.0  -1
3000 1 17 4 0.0  -1
3000 1 18 1 0.0  -1
3000 1 18 2 0.0  -1
3000 1 18 3 0.0  -1
3000 1 18 4 0.0  167
3000 1 19 1 0.0  167
3000 1 19 2 0.0  167
3000 1 19 3 0.0  167
3000 1 19 4 0.0  -1
3000 1 20 1 0.0  167
3000 1 20 2 0.0  -1
3000 1 20 3 0.0  -1
3000 1 20 4 0.0  -1
3000 1 21 1 0.0  3
3000 1 21 2 0.0  -1
3000 1 21 3 0.0  167
3000 1 21 4 0.0  -1
3000 1 22 1 0.0  167
3000 1 22 2 0.0  -1
3000 1 22 3 0.0  -1
3000 1 22 4 0.0  -1
3000 1 23 1 0.0  4
3000 1 23 2 0.0  -1
3000 1 23 3 0.0  167
3000 1 23 4 0.0  3
3000 1 24 1 0.0  167
3000 1 24 2 0.0  -1
3000 1 24 3 0.0  -1
3000 1 24 4 0.0  -1
3000 1 25 1 0.0  -1
3000 1 25 2 0.0  167
3000 1 25 3 0.0  -1
3000 1 25 4 0.0  -1
3500 1 1 1 0.0  167
3500 1 1 2 0.0  167
3500 1 1 3 0.0  -1
3500 1 1 4 0.0  12
3500 1 2 1 0.0  -1
3500 1 2 2 0.0  167
3500 1 2 3 0.0  -1
3500 1 2 4 0.0  47
3500 1 3 1 0.0  -1
3500 1 3 2 0.0  -1
3500 1 3 3 0.0  -1
3500 1 3 4 0.0  167
3500 1 4 1 0.0  -1
3500 1 4 2 0.0  12
3500 1 4 3 0.0  -1
3500 1 4 4 0.0  34
3500 1 5 1 0.0  -1
3500 1 5 2 0.0  -1
3500 1 5 3 0.0  34
3500 1 5 4 0.0  167
3500 1 6 1 0.0  167
3500 1 6 2 0.0  -1
3500 1 6 3 0.0  3
3500 1 6 4 0.0  -1
3500 1 7 1 0.0  167
3500 1 7 2 0.0  -1
3500 1 7 3 0.0  -1
3500 1 7 4 0.0  3
3500 1 8 1 0.0  -1
3500 1 8 2 0.0  11
3500 1 8 3 0.0  167
3500 1 8 4 0.0  -1
3500 1 9 1 0.0  15
3500 1 9 2 0.0  -1
3500 1 9 3 0.0  -1
3500 1 9 4 0.0  167
3500 1 10 1 0.0  -1
3500 1 10 2 0.0  5
3500 1 10 3 0.0  167
3500 1 10 4 0.0  -1
3500 1 11 1 0.0  -1
3500 1 11 2 0.0  167
3500 1 11 3 0.0  -1
3500 1 11 4 0.0  -1
3500 1 12 1 0.0  8
3500 1 12 2 0.0  -1
3500 1 12 3 0.0  -1
3500 1 12 4 0.0  167
3500 1 13 1 0.0  -1
3500 1 13 2 0.0  167
3500 1 13 3 0.0  3
3500 1 13 4 0.0  -1
3500 1 14 1 0.0  11
3500 1 14 2 0.0  -1
3500 1 14 3 0.0  167
3500 1 14 4 0.0  -1
3500 1 15 1 0.0  -1
3500 1 15 2 0.0  12
3500 1 15 3 0.0  167
3500 1 15 4 0.0  34
3500 1 16 1 0.0  167
3500 1 16 2 0.0  -1
3500 1 16 3 0.0  -1
3500 1 16 4 0.0  10
3500 1 17 1 0.0  -1
3500 1 17 2 0.0  167
3500 1 17 3 0.0  -1
3500 1 17 4 0.0  -1
3500 1 18 1 0.0  -1
3500 1 18 2 0.0  167
3500 1 18 3 0.0  -1
3500 1 18 4 0.0  -1
3500 1 19 1 0.0  6
3500 1 19 2 0.0  -1
3500 1 19 3 0.0  167
3500 1 19 4 0.0  -1
3500 1 20 1 0.0  -1
3500 1 20 2 0.0  -1
3500 1 20 3 0.0  5
3500 1 20 4 0.0  167
3500 1 21 1 0.0  167
3500 1 21 2 0.0  -1
3500 1 21 3 0.0  11
3500 1 21 4 0.0  -1
3500 1 22 1 0.0  -1
3500 1 22 2 0.0  -1
3500 1 22 3 0.0  167
3500 1 22 4 0.0  4
3500 1 23 1 0.0  -1
3500 1 23 2 0.0  -1
3500 1 23 3 0.0  167
3500 1 23 4 0.0  12
3500 1 24 1 0.0  167
3500 1 24 2 0.0  167
3500 1 24 3 0.0  3
3500 1 24 4 0.0  6
3500 1 25 1 0.0  -1
3500 1 25 2 0.0  167
3500 1 25 3 0.0  12
3500 1 25 4 0.0  8
4000 1 1 1 0.0  -1
4000 1 1 2 0.0  3
4000 1 1 3 0.0  6
4000 1 1 4 0.0  167
4000 1 2 1 0.0  167
4000 1 2 2 0.0  47
4000 1 2 3 0.0  -1
4000 1 2 4 0.0  -1
4000 1 3 1 0.0  167
4000 1 3 2 0.0  -1
4000 1 3 3 0.0  -1
4000 1 3 4 0.0  -1
4000 1 4 1 0.0  -1
4000 1 4 2 0.0  -1
4000 1 4 3 0.0  167
4000 1 4 4 0.0  -1
4000 1 5 1 0.0  33
4000 1 5 2 0.0  7
4000 1 5 3 0.0  -1
4000 1 5 4 0.0  167
4000 1 6 1 0.0  -1
4000 1 6 2 0.0  -1
4000 1 6 3 0.0  -1
4000 1 6 4 0.0  167
4000 1 7 1 0.0  167
4000 1 7 2 0.0  3
4000 1 7 3 0.0  -1
4000 1 7 4 0.0  11
4000 1 8 1 0.0  167
4000 1 8 2 0.0  8
4000 1 8 3 0.0  -1
4000 1 8 4 0.0  -1
4000 1 9 1 0.0  -1
4000 1 9 2 0.0  167
4000 1 9 3 0.0  20
4000 1 9 4 0.0  6
4000 1 10 1 0.0  167
4000 1 10 2 0.0  -1
4000 1 10 3 0.0  -1
4000 1 10 4 0.0  -1
4000 1 11 1 0.0  -1
4000 1 11 2 0.0  -1
4000 1 11 3 0.0  -1
4000 1 11 4 0.0  167
4000 1 12 1 0.0  -1
4000 1 12 2 0.0  3
4000 1 12 3 0.0  167
4000 1 12 4 0.0  3
4000 1 13 1 0.0  7
4000 1 13 2 0.0  -1
4000 1 13 3 0.0  167
4000 1 13 4 0.0  6
4000 1 14 1 0.0  167
4000 1 14 2 0.0  -1
4000 1 14 3 0.0  34
4000 1 14 4 0.0  -1
4000 1 15 1 0.0  -1
4000 1 15 2 0.0  -1
4000 1 15 3 0.0  -1
4000 1 15 4 0.0  167
4000 1 16 1 0.0  -1
4000 1 16 2 0.0  167
4000 1 16 3 0.0  -1
4000 1 16 4 0.0  -1
4000 1 17 1 0.0  167
4000 1 17 2 0.0  21
4000 1 17 3 0.0  -1
4000 1 17 4 0.0  -1
4000 1 18 1 0.0  -1
4000 1 18 2 0.0  4
4000 1 18 3 0.0  167
4000 1 18 4 0.0  6
4000 1 19 1 0.0  3
4000 1 19 2 0.0  -1
4000 1 19 3 0.0  -1
4000 1 19 4 0.0  167
4000 1 20 1 0.0  167
4000 1 20 2 0.0  2
4000 1 20 3 0.0  -1
4000 1 20 4 0.0  2
4000 1 21 1 0.0  21
4000 1 21 2 0.0  167
4000 1 21 3 0.0  167
4000 1 21 4 0.0  -1
4000 1 22 1 0.0  -1
4000 1 22 2 0.0  -1
4000 1 22 3 0.0  167
4000 1 22 4 0.0  -1
4000 1 23 1 0.0  20
4000 1 23 2 0.0  167
4000 1 23 3 0.0  -1
4000 1 23 4 0.0  5
4000 1 24 1 0.0  167
4000 1 24 2 0.0  2
4000 1 24 3 0.0  -1
4000 1 24 4 0.0  3
4000 1 25 1 0.0  -1
4000 1 25 2 0.0  -1
4000 1 25 3 0.0  -1
4000 1 25 4 0.0  167
4500 1 1 1 0.0  -1
4500 1 1 2 0.0  -1
4500 1 1 3 0.0  -1
4500 1 1 4 0.0  167
4500 1 2 1 0.0  -1
4500 1 2 2 0.0  167
4500 1 2 3 0.0  -1
4500 1 2 4 0.0  -1
4500 1 3 1 0.0  -1
4500 1 3 2 0.0  -1
4500 1 3 3 0.0  167
4500 1 3 4 0.0  -1
4500 1 4 1 0.0  -1
4500 1 4 2 0.0  -1
4500 1 4 3 0.0  -1
4500 1 4 4 0.0  167
4500 1 5 1 0.0  -1
4500 1 5 2 0.0  167
4500 1 5 3 0.0  3
4500 1 5 4 0.0  3
4500 1 6 1 0.0  167
4500 1 6 2 0.0  12
4500 1 6 3 0.0  -1
4500 1 6 4 0.0  12
4500 1 7 1 0.0  167
4500 1 7 2 0.0  -1
4500 1 7 3 0.0  20
4500 1 7 4 0.0  -1
4500 1 8 1 0.0  167
4500 1 8 2 0.0  -1
4500 1 8 3 0.0  -1
4500 1 8 4 0.0  3
4500 1 9 1 0.0  -1
4500 1 9 2 0.0  167
4500 1 9 3 0.0  -1
4500 1 9 4 0.0  47
4500 1 10 1 0.0  -1
4500 1 10 2 0.0  -1
4500 1 10 3 0.0  -1
4500 1 10 4 0.0  167
4500 1 11 1 0.0  167
4500 1 11 2 0.0  -1
4500 1 11 3 0.0  -1
4500 1 11 4 0.0  -1
4500 1 12 1 0.0  -1
4500 1 12 2 0.0  167
4500 1 12 3 0.0  -1
4500 1 12 4 0.0  -1
4500 1 13 1 0.0  -1
4500 1 13 2 0.0  4
4500 1 13 3 0.0  167
4500 1 13 4 0.0  -1
4500 1 14 1 0.0  -1
4500 1 14 2 0.0  167
4500 1 14 3 0.0  -1
4500 1 14 4 0.0  167
4500 1 15 1 0.0  -1
4500 1 15 2 0.0  167
4500 1 15 3 0.0  -1
4500 1 15 4 0.0  -1
4500 1 16 1 0.0  -1
4500 1 16 2 0.0  33
4500 1 16 3 0.0  167
4500 1 16 4 0.0  2
4500 1 17 1 0.0  10
4500 1 17 2 0.0  -1
4500 1 17 3 0.0  167
4500 1 17 4 0.0  10
4500 1 18 1 0.0  -1
4500 1 18 2 0.0  -1
4500 1 18 3 0.0  -1
4500 1 18 4 0.0  -1
4500 1 19 1 0.0  -1
4500 1 19 2 0.0  167
4500 1 19 3 0.0  -1
4500 1 19 4 0.0  -1
4500 1 20 1 0.0  4
4500 1 20 2 0.0  -1
4500 1 20 3 0.0  -1
4500 1 20 4 0.0  167
4500 1 21 1 0.0  -1
4500 1 21 2 0.0  167
4500 1 21 3 0.0  -1
4500 1 21 4 0.0  8
4500 1 22 1 0.0  -1
4500 1 22 2 0.0  -1
4500 1 22 3 0.0  167
4500 1 22 4 0.0  -1
4500 1 23 1 0.0  -1
4500 1 23 2 0.0  -1
4500 1 23 3 0.0  167
4500 1 23 4 0.0  -1
4500 1 24 1 0.0  -1
4500 1 24 2 0.0  -1
4500 1 24 3 0.0  167
4500 1 24 4 0.0  36
4500 1 25 1 0.0  167
4500 1 25 2 0.0  8
4500 1 25 3 0.0  -1
4500 1 25 4 0.0  -1
5000 1 1 1 0.0  5
5000 1 1 2 0.0  3
5000 1 1 3 0.0  21
5000 1 1 4 0.0  8
5000 1 2 1 0.0  -1
5000 1 2 2 0.0  167
5000 1 2 3 0.0  -1
5000 1 2 4 0.0  -1
5000 1 3 1 0.0  -1
5000 1 3 2 0.0  -1
5000 1 3 3 0.0  167
5000 1 3 4 0.0  -1
5000 1 4 1 0.0  -1
5000 1 4 2 0.0  -1
5000 1 4 3 0.0  167
5000 1 4 4 0.0  -1
5000 1 5 1 0.0  167
5000 1 5 2 0.0  -1
5000 1 5 3 0.0  -1
5000 1 5 4 0.0  24
5000 1 6 1 0.0  -1
5000 1 6 2 0.0  -1
5000 1 6 3 0.0  -1
5000 1 6 4 0.0  167
5000 1 7 1 0.0  -1
5000 1 7 2 0.0  167
5000 1 7 3 0.0  -1
5000 1 7 4 0.0  -1
5000 1 8 1 0.0  -1
5000 1 8 2 0.0  167
5000 1 8 3 0.0  167
5000 1 8 4 0.0  -1
5000 1 9 1 0.0  -1
5000 1 9 2 0.0  -1
5000 1 9 3 0.0  -1
5000 1 9 4 0.0  167
5000 1 10 1 0.0  167
5000 1 10 2 0.0  -1
5000 1 10 3 0.0  8
5000 1 10 4 0.0  24
5000 1 11 1 0.0  -1
5000 1 11 2 0.0  -1
5000 1 11 3 0.0  167
5000 1 11 4 0.0  167
5000 1 12 1 0.0  -1
5000 1 12 2 0.0  167
5000 1 12 3 0.0  167
5000 1 12 4 0.0  -1
5000 1 13 1 0.0  -1
5000 1 13 2 0.0  -1
5000 1 13 3 0.0  167
5000 1 13 4 0.0  -1
5000 1 14 1 0.0  -1
5000 1 14 2 0.0  -1
5000 1 14 3 0.0  5
5000 1 14 4 0.0  167
5000 1 15 1 0.0  167
5000 1 15 2 0.0  -1
5000 1 15 3 0.0  3
5000 1 15 4 0.0  167
5000 1 16 1 0.0  167
5000 1 16 2 0.0  167
5000 1 16 3 0.0  -1
5000 1 16 4 0.0  -1
5000 1 17 1 0.0  34
5000 1 17 2 0.0  -1
5000 1 17 3 0.0  3
5000 1 17 4 0.0  167
5000 1 18 1 0.0  167
5000 1 18 2 0.0  20
5000 1 18 3 0.0  -1
5000 1 18 4 0.0  -1
5000 1 19 1 0.0  3
5000 1 19 2 0.0  -1
5000 1 19 3 0.0  167
5000 1 19 4 0.0  -1
5000 1 20 1 0.0  -1
5000 1 20 2 0.0  -1
5000 1 20 3 0.0  4
5000 1 20 4 0.0  167
5000 1 21 1 0.0  47
5000 1 21 2 0.0  167
5000 1 21 3 0.0  -1
5000 1 21 4 0.0  -1
5000 1 22 1 0.0  167
5000 1 22 2 0.0  5
5000 1 22 3 0.0  -1
5000 1 22 4 0.0  19
5000 1 23 1 0.0  3
5000 1 23 2 0.0  -1
5000 1 23 3 0.0  -1
5000 1 23 4 0.0  167
5000 1 24 1 0.0  -1
5000 1 24 2 0.0  -1
5000 1 24 3 0.0  167
5000 1 24 4 0.0  -1
5000 1 25 1 0.0  -1
5000 1 25 2 0.0  -1
5000 1 25 3 0.0  -1
5000 1 25 4 0.0  167
500 2 1 1 0.0  -1
500 2 1 2 0.0  -1
500 2 1 3 0.0  9
500 2 1 4 0.0  -1
500 2 2 1 0.0  9
500 2 2 2 0.0  -1
500 2 2 3 0.0  -1
500 2 2 4 0.0  2
500 2 3 1 0.0  -1
500 2 3 2 0.0  3
500 2 3 3 0.0  -1
500 2 3 4 0.0  9
500 2 4 1 0.0  -1
500 2 4 2 0.0  9
500 2 4 3 0.0  -1
500 2 4 4 0.0  -1
500 2 5 1 0.0  4
500 2 5 2 0.0  -1
500 2 5 3 0.0  9
500 2 5 4 0.0  -1
500 2 6 1 0.0  -1
500 2 6 2 0.0  3
500 2 6 3 0.0  -1
500 2 6 4 0.0  9
500 2 7 1 0.0  -1
500 2 7 2 0.0  9
500 2 7 3 0.0  -1
500 2 7 4 0.0  -1
500 2 8 1 0.0  -1
500 2 8 2 0.0  -1
500 2 8 3 0.0  9
500 2 8 4 0.0  -1
500 2 9 1 0.0  9
500 2 9 2 0.0  4
500 2 9 3 0.0  -1
500 2 9 4 0.0  4
500 2 10 1 0.0  -1
500 2 10 2 0.0  3
500 2 10 3 0.0  9
500 2 10 4 0.0  -1
500 2 11 1 0.0  -1
500 2 11 2 0.0  -1
500 2 11 3 0.0  -1
500 2 11 4 0.0  9
500 2 12 1 0.0  -1
500 2 12 2 0.0  4
500 2 12 3 0.0  2
500 2 12 4 0.0  9
500 2 13 1 0.0  -1
500 2 13 2 0.0  -1
500 2 13 3 0.0  9
500 2 13 4 0.0  -1
500 2 14 1 0.0  -1
500 2 14 2 0.0  -1
500 2 14 3 0.0  9
500 2 14 4 0.0  -1
500 2 15 1 0.0  -1
500 2 15 2 0.0  9
500 2 15 3 0.0  -1
500 2 15 4 0.0  9
500 2 16 1 0.0  9
500 2 16 2 0.0  -1
500 2 16 3 0.0  9
500 2 16 4 0.0  9
500 2 17 1 0.0  -1
500 2 17 2 0.0  3
500 2 17 3 0.0  -1
500 2 17 4 0.0  9
500 2 18 1 0.0  9
500 2 18 2 0.0  9
500 2 18 3 0.0  4
500 2 18 4 0.0  9
500 2 19 1 0.0  -1
500 2 19 2 0.0  9
500 2 19 3 0.0  -1
500 2 19 4 0.0  -1
500 2 20 1 0.0  -1
500 2 20 2 0.0  9
500 2 20 3 0.0  9
500 2 20 4 0.0  3
500 2 21 1 0.0  -1
500 2 21 2 0.0  -1
500 2 21 3 0.0  9
500 2 21 4 0.0  -1
500 2 22 1 0.0  -1
500 2 22 2 0.0  8
500 2 22 3 0.0  9
500 2 22 4 0.0  -1
500 2 23 1 0.0  -1
500 2 23 2 0.0  -1
500 2 23 3 0.0  -1
500 2 23 4 0.0  9
500 2 24 1 0.0  9
500 2 24 2 0.0  -1
500 2 24 3 0.0  -1
500 2 24 4 0.0  -1
500 2 25 1 0.0  9
500 2 25 2 0.0  4
500 2 25 3 0.0  4
500 2 25 4 0.0  4
1000 2 1 1 0.0  -1
1000 2 1 2 0.0  4
1000 2 1 3 0.0  -1
1000 2 1 4 0.0  19
1000 2 2 1 0.0  -1
1000 2 2 2 0.0  2
1000 2 2 3 0.0  19
1000 2 2 4 0.0  19
1000 2 3 1 0.0  -1
1000 2 3 2 0.0  -1
1000 2 3 3 0.0  -1
1000 2 3 4 0.0  19
1000 2 4 1 0.0  6
1000 2 4 2 0.0  10
1000 2 4 3 0.0  19
1000 2 4 4 0.0  -1
1000 2 5 1 0.0  -1
1000 2 5 2 0.0  -1
1000 2 5 3 0.0  -1
1000 2 5 4 0.0  19
1000 2 6 1 0.0  -1
1000 2 6 2 0.0  -1
1000 2 6 3 0.0  -1
1000 2 6 4 0.0  19
1000 2 7 1 0.0  -1
1000 2 7 2 0.0  -1
1000 2 7 3 0.0  3
1000 2 7 4 0.0  -1
1000 2 8 1 0.0  -1
1000 2 8 2 0.0  19
1000 2 8 3 0.0  -1
1000 2 8 4 0.0  -1
1000 2 9 1 0.0  -1
1000 2 9 2 0.0  19
1000 2 9 3 0.0  4
1000 2 9 4 0.0  3
1000 2 10 1 0.0  -1
1000 2 10 2 0.0  19
1000 2 10 3 0.0  18
1000 2 10 4 0.0  10
1000 2 11 1 0.0  3
1000 2 11 2 0.0  -1
1000 2 11 3 0.0  4
1000 2 11 4 0.0  19
1000 2 12 1 0.0  19
1000 2 12 2 0.0  -1
1000 2 12 3 0.0  -1
1000 2 12 4 0.0  -1
1000 2 13 1 0.0  -1
1000 2 13 2 0.0  -1
1000 2 13 3 0.0  -1
1000 2 13 4 0.0  19
1000 2 14 1 0.0  -1
1000 2 14 2 0.0  -1
1000 2 14 3 0.0  -1
1000 2 14 4 0.0  19
1000 2 15 1 0.0  19
1000 2 15 2 0.0  4
1000 2 15 3 0.0  -1
1000 2 15 4 0.0  -1
1000 2 16 1 0.0  -1
1000 2 16 2 0.0  19
1000 2 16 3 0.0  -1
1000 2 16 4 0.0  19
1000 2 17 1 0.0  10
1000 2 17 2 0.0  -1
1000 2 17 3 0.0  -1
1000 2 17 4 0.0  19
1000 2 18 1 0.0  4
1000 2 18 2 0.0  19
1000 2 18 3 0.0  4
1000 2 18 4 0.0  -1
1000 2 19 1 0.0  -1
1000 2 19 2 0.0  -1
1000 2 19 3 0.0  19
1000 2 19 4 0.0  -1
1000 2 20 1 0.0  -1
1000 2 20 2 0.0  19
1000 2 20 3 0.0  -1
1000 2 20 4 0.0  -1
1000 2 21 1 0.0  -1
1000 2 21 2 0.0  19
1000 2 21 3 0.0  -1
1000 2 21 4 0.0  4
1000 2 22 1 0.0  3
1000 2 22 2 0.0  -1
1000 2 22 3 0.0  -1
1000 2 22 4 0.0  19
1000 2 23 1 0.0  7
1000 2 23 2 0.0  -1
1000 2 23 3 0.0  -1
1000 2 23 4 0.0  19
1000 2 24 1 0.0  19
1000 2 24 2 0.0  -1
1000 2 24 3 0.0  -1
1000 2 24 4 0.0  4
1000 2 25 1 0.0  -1
1000 2 25 2 0.0  -1
1000 2 25 3 0.0  -1
1000 2 25 4 0.0  19
1500 2 1 1 0.0  -1
1500 2 1 2 0.0  36
1500 2 1 3 0.0  -1
1500 2 1 4 0.0  -1
1500 2 2 1 0.0  10
1500 2 2 2 0.0  6
1500 2 2 3 0.0  -1
1500 2 2 4 0.0  36
1500 2 3 1 0.0  36
1500 2 3 2 0.0  -1
1500 2 3 3 0.0  4
1500 2 3 4 0.0  -1
1500 2 4 1 0.0  36
1500 2 4 2 0.0  -1
1500 2 4 3 0.0  -1
1500 2 4 4 0.0  -1
1500 2 5 1 0.0  -1
1500 2 5 2 0.0  56
1500 2 5 3 0.0  -1
1500 2 5 4 0.0  -1
1500 2 6 1 0.0  4
1500 2 6 2 0.0  56
1500 2 6 3 0.0  4
1500 2 6 4 0.0  -1
1500 2 7 1 0.0  -1
1500 2 7 2 0.0  -1
1500 2 7 3 0.0  -1
1500 2 7 4 0.0  56
1500 2 8 1 0.0  3
1500 2 8 2 0.0  36
1500 2 8 3 0.0  -1
1500 2 8 4 0.0  -1
1500 2 9 1 0.0  -1
1500 2 9 2 0.0  -1
1500 2 9 3 0.0  56
1500 2 9 4 0.0  -1
1500 2 10 1 0.0  -1
1500 2 10 2 0.0  7
1500 2 10 3 0.0  36
1500 2 10 4 0.0  -1
1500 2 11 1 0.0  -1
1500 2 11 2 0.0  22
1500 2 11 3 0.0  -1
1500 2 11 4 0.0  56
1500 2 12 1 0.0  56
1500 2 12 2 0.0  56
1500 2 12 3 0.0  -1
1500 2 12 4 0.0  -1
1500 2 13 1 0.0  56
1500 2 13 2 0.0  3
1500 2 13 3 0.0  -1
1500 2 13 4 0.0  -1
1500 2 14 1 0.0  -1
1500 2 14 2 0.0  56
1500 2 14 3 0.0  -1
1500 2 14 4 0.0  56
1500 2 15 1 0.0  -1
1500 2 15 2 0.0  7
1500 2 15 3 0.0  -1
1500 2 15 4 0.0  36
1500 2 16 1 0.0  -1
1500 2 16 2 0.0  -1
1500 2 16 3 0.0  -1
1500 2 16 4 0.0  36
1500 2 17 1 0.0  1
1500 2 17 2 0.0  21
1500 2 17 3 0.0  -1
1500 2 17 4 0.0  36
1500 2 18 1 0.0  3
1500 2 18 2 0.0  56
1500 2 18 3 0.0  56
1500 2 18 4 0.0  -1
1500 2 19 1 0.0  -1
1500 2 19 2 0.0  -1
1500 2 19 3 0.0  -1
1500 2 19 4 0.0  56
1500 2 20 1 0.0  -1
1500 2 20 2 0.0  56
1500 2 20 3 0.0  -1
1500 2 20 4 0.0  -1
1500 2 21 1 0.0  7
1500 2 21 2 0.0  -1
1500 2 21 3 0.0  56
1500 2 21 4 0.0  -1
1500 2 22 1 0.0  36
1500 2 22 2 0.0  -1
1500 2 22 3 0.0  36
1500 2 22 4 0.0  -1
1500 2 23 1 0.0  56
1500 2 23 2 0.0  -1
1500 2 23 3 0.0  4
1500 2 23 4 0.0  -1
1500 2 24 1 0.0  -1
1500 2 24 2 0.0  -1
1500 2 24 3 0.0  -1
1500 2 24 4 0.0  -1
1500 2 25 1 0.0  36
1500 2 25 2 0.0  -1
1500 2 25 3 0.0  -1
1500 2 25 4 0.0  -1
2000 2 1 1 0.0  -1
2000 2 1 2 0.0  -1
2000 2 1 3 0.0  56
2000 2 1 4 0.0  -1
2000 2 2 1 0.0  -1
2000 2 2 2 0.0  8
2000 2 2 3 0.0  -1
2000 2 2 4 0.0  56
2000 2 3 1 0.0  7
2000 2 3 2 0.0  -1
2000 2 3 3 0.0  -1
2000 2 3 4 0.0  -1
2000 2 4 1 0.0  -1
2000 2 4 2 0.0  -1
2000 2 4 3 0.0  56
2000 2 4 4 0.0  56
2000 2 5 1 0.0  56
2000 2 5 2 0.0  -1
2000 2 5 3 0.0  -1
2000 2 5 4 0.0  -1
2000 2 6 1 0.0  -1
2000 2 6 2 0.0  -1
2000 2 6 3 0.0  56
2000 2 6 4 0.0  -1
2000 2 7 1 0.0  7
2000 2 7 2 0.0  56
2000 2 7 3 0.0  -1
2000 2 7 4 0.0  -1
2000 2 8 1 0.0  20
2000 2 8 2 0.0  -1
2000 2 8 3 0.0  7
2000 2 8 4 0.0  56
2000 2 9 1 0.0  56
2000 2 9 2 0.0  8
2000 2 9 3 0.0  14
2000 2 9 4 0.0  -1
2000 2 10 1 0.0  -1
2000 2 10 2 0.0  -1
2000 2 10 3 0.0  -1
2000 2 10 4 0.0  56
2000 2 11 1 0.0  3
2000 2 11 2 0.0  56
2000 2 11 3 0.0  -1
2000 2 11 4 0.0  -1
2000 2 12 1 0.0  -1
2000 2 12 2 0.0  56
2000 2 12 3 0.0  -1
2000 2 12 4 0.0  -1
2000 2 13 1 0.0  56
2000 2 13 2 0.0  -1
2000 2 13 3 0.0  7
2000 2 13 4 0.0  7
2000 2 14 1 0.0  22
2000 2 14 2 0.0  -1
2000 2 14 3 0.0  20
2000 2 14 4 0.0  56
2000 2 15 1 0.0  -1
2000 2 15 2 0.0  3
2000 2 15 3 0.0  56
2000 2 15 4 0.0  3
2000 2 16 1 0.0  -1
2000 2 16 2 0.0  56
2000 2 16 3 0.0  -1
2000 2 16 4 0.0  7
2000 2 17 1 0.0  56
2000 2 17 2 0.0  -1
2000 2 17 3 0.0  -1
2000 2 17 4 0.0  -1
2000 2 18 1 0.0  3
2000 2 18 2 0.0  56
2000 2 18 3 0.0  -1
2000 2 18 4 0.0  -1
2000 2 19 1 0.0  -1
2000 2 19 2 0.0  56
2000 2 19 3 0.0  -1
2000 2 19 4 0.0  -1
2000 2 20 1 0.0  56
2000 2 20 2 0.0  56
2000 2 20 3 0.0  10
2000 2 20 4 0.0  -1
2000 2 21 1 0.0  6
2000 2 21 2 0.0  -1
2000 2 21 3 0.0  -1
2000 2 21 4 0.0  56
2000 2 22 1 0.0  -1
2000 2 22 2 0.0  -1
2000 2 22 3 0.0  56
2000 2 22 4 0.0  -1
2000 2 23 1 0.0  56
2000 2 23 2 0.0  -1
2000 2 23 3 0.0  56
2000 2 23 4 0.0  -1
2000 2 24 1 0.0  22
2000 2 24 2 0.0  -1
2000 2 24 3 0.0  -1
2000 2 24 4 0.0  56
2000 2 25 1 0.0  56
2000 2 25 2 0.0  -1
2000 2 25 3 0.0  -1
2000 2 25 4 0.0  -1
2500 2 1 1 0.0  -1
2500 2 1 2 0.0  -1
2500 2 1 3 0.0  56
2500 2 1 4 0.0  -1
2500 2 2 1 0.0  8
2500 2 2 2 0.0  56
2500 2 2 3 0.0  10
2500 2 2 4 0.0  -1
2500 2 3 1 0.0  56
2500 2 3 2 0.0  22
2500 2 3 3 0.0  -1
2500 2 3 4 0.0  -1
2500 2 4 1 0.0  56
2500 2 4 2 0.0  -1
2500 2 4 3 0.0  -1
2500 2 4 4 0.0  -1
2500 2 5 1 0.0  -1
2500 2 5 2 0.0  56
2500 2 5 3 0.0  -1
2500 2 5 4 0.0  -1
2500 2 6 1 0.0  56
2500 2 6 2 0.0  -1
2500 2 6 3 0.0  56
2500 2 6 4 0.0  -1
2500 2 7 1 0.0  -1
2500 2 7 2 0.0  -1
2500 2 7 3 0.0  56
2500 2 7 4 0.0  -1
2500 2 8 1 0.0  -1
2500 2 8 2 0.0  -1
2500 2 8 3 0.0  56
2500 2 8 4 0.0  -1
2500 2 9 1 0.0  -1
2500 2 9 2 0.0  -1
2500 2 9 3 0.0  56
2500 2 9 4 0.0  -1
2500 2 10 1 0.0  -1
2500 2 10 2 0.0  -1
2500 2 10 3 0.0  56
2500 2 10 4 0.0  -1
2500 2 11 1 0.0  -1
2500 2 11 2 0.0  56
2500 2 11 3 0.0  -1
2500 2 11 4 0.0  -1
2500 2 12 1 0.0  -1
2500 2 12 2 0.0  56
2500 2 12 3 0.0  -1
2500 2 12 4 0.0  22
2500 2 13 1 0.0  -1
2500 2 13 2 0.0  -1
2500 2 13 3 0.0  56
2500 2 13 4 0.0  -1
2500 2 14 1 0.0  4
2500 2 14 2 0.0  56
2500 2 14 3 0.0  -1
2500 2 14 4 0.0  -1
2500 2 15 1 0.0  -1
2500 2 15 2 0.0  4
2500 2 15 3 0.0  4
2500 2 15 4 0.0  -1
2500 2 16 1 0.0  -1
2500 2 16 2 0.0  4
2500 2 16 3 0.0  56
2500 2 16 4 0.0  -1
2500 2 17 1 0.0  56
2500 2 17 2 0.0  56
2500 2 17 3 0.0  7
2500 2 17 4 0.0  -1
2500 2 18 1 0.0  -1
2500 2 18 2 0.0  -1
2500 2 18 3 0.0  56
2500 2 18 4 0.0  56
2500 2 19 1 0.0  -1
2500 2 19 2 0.0  56
2500 2 19 3 0.0  8
2500 2 19 4 0.0  -1
2500 2 20 1 0.0  -1
2500 2 20 2 0.0  -1
2500 2 20 3 0.0  -1
2500 2 20 4 0.0  56
2500 2 21 1 0.0  56
2500 2 21 2 0.0  -1
2500 2 21 3 0.0  10
2500 2 21 4 0.0  6
2500 2 22 1 0.0  56
2500 2 22 2 0.0  10
2500 2 22 3 0.0  -1
2500 2 22 4 0.0  -1
2500 2 23 1 0.0  56
2500 2 23 2 0.0  -1
2500 2 23 3 0.0  -1
2500 2 23 4 0.0  -1
2500 2 24 1 0.0  56
2500 2 24 2 0.0  -1
2500 2 24 3 0.0  -1
2500 2 24 4 0.0  56
2500 2 25 1 0.0  56
2500 2 25 2 0.0  -1
2500 2 25 3 0.0  -1
2500 2 25 4 0.0  -1
3000 2 1 1 0.0  3
3000 2 1 2 0.0  56
3000 2 1 3 0.0  -1
3000 2 1 4 0.0  -1
3000 2 2 1 0.0  -1
3000 2 2 2 0.0  -1
3000 2 2 3 0.0  3
3000 2 2 4 0.0  -1
3000 2 3 1 0.0  -1
3000 2 3 2 0.0  -1
3000 2 3 3 0.0  -1
3000 2 3 4 0.0  56
3000 2 4 1 0.0  -1
3000 2 4 2 0.0  -1
3000 2 4 3 0.0  56
3000 2 4 4 0.0  -1
3000 2 5 1 0.0  -1
3000 2 5 2 0.0  -1
3000 2 5 3 0.0  56
3000 2 5 4 0.0  -1
3000 2 6 1 0.0  56
3000 2 6 2 0.0  2
3000 2 6 3 0.0  -1
3000 2 6 4 0.0  -1
3000 2 7 1 0.0  -1
3000 2 7 2 0.0  56
3000 2 7 3 0.0  5
3000 2 7 4 0.0  -1
3000 2 8 1 0.0  -1
3000 2 8 2 0.0  56
3000 2 8 3 0.0  -1
3000 2 8 4 0.0  10
3000 2 9 1 0.0  -1
3000 2 9 2 0.0  -1
3000 2 9 3 0.0  56
3000 2 9 4 0.0  3
3000 2 10 1 0.0  56
3000 2 10 2 0.0  -1
3000 2 10 3 0.0  10
3000 2 10 4 0.0  -1
3000 2 11 1 0.0  -1
3000 2 11 2 0.0  56
3000 2 11 3 0.0  -1
3000 2 11 4 0.0  -1
3000 2 12 1 0.0  -1
3000 2 12 2 0.0  -1
3000 2 12 3 0.0  8
3000 2 12 4 0.0  56
3000 2 13 1 0.0  56
3000 2 13 2 0.0  -1
3000 2 13 3 0.0  -1
3000 2 13 4 0.0  8
3000 2 14 1 0.0  4
3000 2 14 2 0.0  56
3000 2 14 3 0.0  -1
3000 2 14 4 0.0  -1
3000 2 15 1 0.0  -1
3000 2 15 2 0.0  10
3000 2 15 3 0.0  56
3000 2 15 4 0.0  -1
3000 2 16 1 0.0  -1
3000 2 16 2 0.0  -1
3000 2 16 3 0.0  -1
3000 2 16 4 0.0  56
3000 2 17 1 0.0  -1
3000 2 17 2 0.0  56
3000 2 17 3 0.0  -1
3000 2 17 4 0.0  -1
3000 2 18 1 0.0  6
3000 2 18 2 0.0  5
3000 2 18 3 0.0  3
3000 2 18 4 0.0  56
3000 2 19 1 0.0  -1
3000 2 19 2 0.0  -1
3000 2 19 3 0.0  56
3000 2 19 4 0.0  -1
3000 2 20 1 0.0  -1
3000 2 20 2 0.0  -1
3000 2 20 3 0.0  -1
3000 2 20 4 0.0  56
3000 2 21 1 0.0  -1
3000 2 21 2 0.0  56
3000 2 21 3 0.0  -1
3000 2 21 4 0.0  -1
3000 2 22 1 0.0  3
3000 2 22 2 0.0  -1
3000 2 22 3 0.0  56
3000 2 22 4 0.0  -1
3000 2 23 1 0.0  -1
3000 2 23 2 0.0  -1
3000 2 23 3 0.0  56
3000 2 23 4 0.0  -1
3000 2 24 1 0.0  56
3000 2 24 2 0.0  4
3000 2 24 3 0.0  -1
3000 2 24 4 0.0  4
3000 2 25 1 0.0  -1
3000 2 25 2 0.0  -1
3000 2 25 3 0.0  -1
3000 2 25 4 0.0  56
3500 2 1 1 0.0  -1
3500 2 1 2 0.0  56
3500 2 1 3 0.0  4
3500 2 1 4 0.0  3
3500 2 2 1 0.0  -1
3500 2 2 2 0.0  56
3500 2 2 3 0.0  56
3500 2 2 4 0.0  -1
3500 2 3 1 0.0  3
3500 2 3 2 0.0  -1
3500 2 3 3 0.0  56
3500 2 3 4 0.0  2
3500 2 4 1 0.0  -1
3500 2 4 2 0.0  -1
3500 2 4 3 0.0  -1
3500 2 4 4 0.0  56
3500 2 5 1 0.0  -1
3500 2 5 2 0.0  56
3500 2 5 3 0.0  -1
3500 2 5 4 0.0  -1
3500 2 6 1 0.0  56
3500 2 6 2 0.0  -1
3500 2 6 3 0.0  -1
3500 2 6 4 0.0  -1
3500 2 7 1 0.0  4
3500 2 7 2 0.0  7
3500 2 7 3 0.0  56
3500 2 7 4 0.0  -1
3500 2 8 1 0.0  -1
3500 2 8 2 0.0  56
3500 2 8 3 0.0  36
3500 2 8 4 0.0  -1
3500 2 9 1 0.0  -1
3500 2 9 2 0.0  -1
3500 2 9 3 0.0  56
3500 2 9 4 0.0  3
3500 2 10 1 0.0  -1
3500 2 10 2 0.0  3
3500 2 10 3 0.0  3
3500 2 10 4 0.0  2
3500 2 11 1 0.0  56
3500 2 11 2 0.0  -1
3500 2 11 3 0.0  -1
3500 2 11 4 0.0  -1
3500 2 12 1 0.0  2
3500 2 12 2 0.0  56
3500 2 12 3 0.0  2
3500 2 12 4 0.0  -1
3500 2 13 1 0.0  6
3500 2 13 2 0.0  -1
3500 2 13 3 0.0  -1
3500 2 13 4 0.0  56
3500 2 14 1 0.0  56
3500 2 14 2 0.0  -1
3500 2 14 3 0.0  -1
3500 2 14 4 0.0  -1
3500 2 15 1 0.0  7
3500 2 15 2 0.0  56
3500 2 15 3 0.0  4
3500 2 15 4 0.0  -1
3500 2 16 1 0.0  7
3500 2 16 2 0.0  3
3500 2 16 3 0.0  56
3500 2 16 4 0.0  7
3500 2 17 1 0.0  56
3500 2 17 2 0.0  -1
3500 2 17 3 0.0  -1
3500 2 17 4 0.0  -1
3500 2 18 1 0.0  3
3500 2 18 2 0.0  56
3500 2 18 3 0.0  -1
3500 2 18 4 0.0  3
3500 2 19 1 0.0  -1
3500 2 19 2 0.0  -1
3500 2 19 3 0.0  56
3500 2 19 4 0.0  -1
3500 2 20 1 0.0  -1
3500 2 20 2 0.0  -1
3500 2 20 3 0.0  -1
3500 2 20 4 0.0  56
3500 2 21 1 0.0  -1
3500 2 21 2 0.0  -1
3500 2 21 3 0.0  56
3500 2 21 4 0.0  56
3500 2 22 1 0.0  56
3500 2 22 2 0.0  7
3500 2 22 3 0.0  4
3500 2 22 4 0.0  56
3500 2 23 1 0.0  56
3500 2 23 2 0.0  -1
3500 2 23 3 0.0  -1
3500 2 23 4 0.0  56
3500 2 24 1 0.0  -1
3500 2 24 2 0.0  56
3500 2 24 3 0.0  1
3500 2 24 4 0.0  3
3500 2 25 1 0.0  56
3500 2 25 2 0.0  8
3500 2 25 3 0.0  56
3500 2 25 4 0.0  56
4000 2 1 1 0.0  -1
4000 2 1 2 0.0  -1
4000 2 1 3 0.0  -1
4000 2 1 4 0.0  56
4000 2 2 1 0.0  -1
4000 2 2 2 0.0  56
4000 2 2 3 0.0  -1
4000 2 2 4 0.0  56
4000 2 3 1 0.0  -1
4000 2 3 2 0.0  -1
4000 2 3 3 0.0  -1
4000 2 3 4 0.0  56
4000 2 4 1 0.0  -1
4000 2 4 2 0.0  -1
4000 2 4 3 0.0  56
4000 2 4 4 0.0  -1
4000 2 5 1 0.0  56
4000 2 5 2 0.0  -1
4000 2 5 3 0.0  -1
4000 2 5 4 0.0  7
4000 2 6 1 0.0  56
4000 2 6 2 0.0  6
4000 2 6 3 0.0  56
4000 2 6 4 0.0  -1
4000 2 7 1 0.0  -1
4000 2 7 2 0.0  -1
4000 2 7 3 0.0  -1
4000 2 7 4 0.0  56
4000 2 8 1 0.0  -1
4000 2 8 2 0.0  -1
4000 2 8 3 0.0  -1
4000 2 8 4 0.0  -1
4000 2 9 1 0.0  56
4000 2 9 2 0.0  -1
4000 2 9 3 0.0  -1
4000 2 9 4 0.0  -1
4000 2 10 1 0.0  -1
4000 2 10 2 0.0  56
4000 2 10 3 0.0  -1
4000 2 10 4 0.0  -1
4000 2 11 1 0.0  -1
4000 2 11 2 0.0  -1
4000 2 11 3 0.0  56
4000 2 11 4 0.0  -1
4000 2 12 1 0.0  -1
4000 2 12 2 0.0  56
4000 2 12 3 0.0  -1
4000 2 12 4 0.0  -1
4000 2 13 1 0.0  -1
4000 2 13 2 0.0  56
4000 2 13 3 0.0  -1
4000 2 13 4 0.0  -1
4000 2 14 1 0.0  15
4000 2 14 2 0.0  -1
4000 2 14 3 0.0  56
4000 2 14 4 0.0  -1
4000 2 15 1 0.0  56
4000 2 15 2 0.0  -1
4000 2 15 3 0.0  -1
4000 2 15 4 0.0  6
4000 2 16 1 0.0  -1
4000 2 16 2 0.0  56
4000 2 16 3 0.0  -1
4000 2 16 4 0.0  -1
4000 2 17 1 0.0  56
4000 2 17 2 0.0  -1
4000 2 17 3 0.0  -1
4000 2 17 4 0.0  -1
4000 2 18 1 0.0  -1
4000 2 18 2 0.0  56
4000 2 18 3 0.0  -1
4000 2 18 4 0.0  -1
4000 2 19 1 0.0  -1
4000 2 19 2 0.0  56
4000 2 19 3 0.0  -1
4000 2 19 4 0.0  -1
4000 2 20 1 0.0  -1
4000 2 20 2 0.0  -1
4000 2 20 3 0.0  -1
4000 2 20 4 0.0  56
4000 2 21 1 0.0  56
4000 2 21 2 0.0  -1
4000 2 21 3 0.0  -1
4000 2 21 4 0.0  -1
4000 2 22 1 0.0  7
4000 2 22 2 0.0  4
4000 2 22 3 0.0  3
4000 2 22 4 0.0  56
4000 2 23 1 0.0  56
4000 2 23 2 0.0  -1
4000 2 23 3 0.0  -1
4000 2 23 4 0.0  -1
4000 2 24 1 0.0  -1
4000 2 24 2 0.0  20
4000 2 24 3 0.0  56
4000 2 24 4 0.0  -1
4000 2 25 1 0.0  -1
4000 2 25 2 0.0  56
4000 2 25 3 0.0  56
4000 2 25 4 0.0  -1
4500 2 1 1 0.0  6
4500 2 1 2 0.0  56
4500 2 1 3 0.0  -1
4500 2 1 4 0.0  -1
4500 2 2 1 0.0  2
4500 2 2 2 0.0  -1
4500 2 2 3 0.0  56
4500 2 2 4 0.0  2
4500 2 3 1 0.0  56
4500 2 3 2 0.0  2
4500 2 3 3 0.0  -1
4500 2 3 4 0.0  -1
4500 2 4 1 0.0  56
4500 2 4 2 0.0  -1
4500 2 4 3 0.0  2
4500 2 4 4 0.0  4
4500 2 5 1 0.0  56
4500 2 5 2 0.0  -1
4500 2 5 3 0.0  4
4500 2 5 4 0.0  -1
4500 2 6 1 0.0  -1
4500 2 6 2 0.0  56
4500 2 6 3 0.0  22
4500 2 6 4 0.0  -1
4500 2 7 1 0.0  -1
4500 2 7 2 0.0  -1
4500 2 7 3 0.0  4
4500 2 7 4 0.0  -1
4500 2 8 1 0.0  -1
4500 2 8 2 0.0  -1
4500 2 8 3 0.0  56
4500 2 8 4 0.0  -1
4500 2 9 1 0.0  -1
4500 2 9 2 0.0  56
4500 2 9 3 0.0  -1
4500 2 9 4 0.0  3
4500 2 10 1 0.0  -1
4500 2 10 2 0.0  56
4500 2 10 3 0.0  -1
4500 2 10 4 0.0  -1
4500 2 11 1 0.0  2
4500 2 11 2 0.0  -1
4500 2 11 3 0.0  -1
4500 2 11 4 0.0  56
4500 2 12 1 0.0  -1
4500 2 12 2 0.0  -1
4500 2 12 3 0.0  56
4500 2 12 4 0.0  -1
4500 2 13 1 0.0  -1
4500 2 13 2 0.0  -1
4500 2 13 3 0.0  -1
4500 2 13 4 0.0  56
4500 2 14 1 0.0  2
4500 2 14 2 0.0  4
4500 2 14 3 0.0  2
4500 2 14 4 0.0  56
4500 2 15 1 0.0  -1
4500 2 15 2 0.0  56
4500 2 15 3 0.0  -1
4500 2 15 4 0.0  7
4500 2 16 1 0.0  -1
4500 2 16 2 0.0  4
4500 2 16 3 0.0  56
4500 2 16 4 0.0  4
4500 2 17 1 0.0  56
4500 2 17 2 0.0  -1
4500 2 17 3 0.0  -1
4500 2 17 4 0.0  -1
4500 2 18 1 0.0  -1
4500 2 18 2 0.0  56
4500 2 18 3 0.0  2
4500 2 18 4 0.0  -1
4500 2 19 1 0.0  -1
4500 2 19 2 0.0  -1
4500 2 19 3 0.0  -1
4500 2 19 4 0.0  56
4500 2 20 1 0.0  56
4500 2 20 2 0.0  -1
4500 2 20 3 0.0  3
4500 2 20 4 0.0  56
4500 2 21 1 0.0  14
4500 2 21 2 0.0  -1
4500 2 21 3 0.0  -1
4500 2 21 4 0.0  56
4500 2 22 1 0.0  -1
4500 2 22 2 0.0  56
4500 2 22 3 0.0  3
4500 2 22 4 0.0  -1
4500 2 23 1 0.0  -1
4500 2 23 2 0.0  56
4500 2 23 3 0.0  -1
4500 2 23 4 0.0  -1
4500 2 24 1 0.0  7
4500 2 24 2 0.0  56
4500 2 24 3 0.0  3
4500 2 24 4 0.0  3
4500 2 25 1 0.0  56
4500 2 25 2 0.0  7
4500 2 25 3 0.0  -1
4500 2 25 4 0.0  -1
5000 2 1 1 0.0  -1
5000 2 1 2 0.0  -1
5000 2 1 3 0.0  2
5000 2 1 4 0.0  -1
5000 2 2 1 0.0  56
5000 2 2 2 0.0  56
5000 2 2 3 0.0  -1
5000 2 2 4 0.0  3
5000 2 3 1 0.0  -1
5000 2 3 2 0.0  56
5000 2 3 3 0.0  56
5000 2 3 4 0.0  56
5000 2 4 1 0.0  6
5000 2 4 2 0.0  -1
5000 2 4 3 0.0  56
5000 2 4 4 0.0  -1
5000 2 5 1 0.0  56
5000 2 5 2 0.0  1
5000 2 5 3 0.0  -1
5000 2 5 4 0.0  2
5000 2 6 1 0.0  56
5000 2 6 2 0.0  8
5000 2 6 3 0.0  3
5000 2 6 4 0.0  -1
5000 2 7 1 0.0  56
5000 2 7 2 0.0  -1
5000 2 7 3 0.0  -1
5000 2 7 4 0.0  -1
5000 2 8 1 0.0  -1
5000 2 8 2 0.0  2
5000 2 8 3 0.0  -1
5000 2 8 4 0.0  56
5000 2 9 1 0.0  -1
5000 2 9 2 0.0  56
5000 2 9 3 0.0  -1
5000 2 9 4 0.0  3
5000 2 10 1 0.0  56
5000 2 10 2 0.0  -1
5000 2 10 3 0.0  -1
5000 2 10 4 0.0  -1
5000 2 11 1 0.0  -1
5000 2 11 2 0.0  56
5000 2 11 3 0.0  3
5000 2 11 4 0.0  -1
5000 2 12 1 0.0  -1
5000 2 12 2 0.0  56
5000 2 12 3 0.0  -1
5000 2 12 4 0.0  -1
5000 2 13 1 0.0  3
5000 2 13 2 0.0  -1
5000 2 13 3 0.0  -1
5000 2 13 4 0.0  56
5000 2 14 1 0.0  -1
5000 2 14 2 0.0  -1
5000 2 14 3 0.0  56
5000 2 14 4 0.0  -1
5000 2 15 1 0.0  -1
5000 2 15 2 0.0  56
5000 2 15 3 0.0  -1
5000 2 15 4 0.0  7
5000 2 16 1 0.0  56
5000 2 16 2 0.0  7
5000 2 16 3 0.0  -1
5000 2 16 4 0.0  -1
5000 2 17 1 0.0  56
5000 2 17 2 0.0  56
5000 2 17 3 0.0  3
5000 2 17 4 0.0  3
5000 2 18 1 0.0  2
5000 2 18 2 0.0  -1
5000 2 18 3 0.0  -1
5000 2 18 4 0.0  56
5000 2 19 1 0.0  5
5000 2 19 2 0.0  3
5000 2 19 3 0.0  56
5000 2 19 4 0.0  56
5000 2 20 1 0.0  -1
5000 2 20 2 0.0  -1
5000 2 20 3 0.0  -1
5000 2 20 4 0.0  56
5000 2 21 1 0.0  3
5000 2 21 2 0.0  -1
5000 2 21 3 0.0  -1
5000 2 21 4 0.0  56
5000 2 22 1 0.0  36
5000 2 22 2 0.0  56
5000 2 22 3 0.0  4
5000 2 22 4 0.0  -1
5000 2 23 1 0.0  56
5000 2 23 2 0.0  56
5000 2 23 3 0.0  -1
5000 2 23 4 0.0  2
5000 2 24 1 0.0  -1
5000 2 24 2 0.0  56
5000 2 24 3 0.0  11
5000 2 24 4 0.0  56
5000 2 25 1 0.0  -1
5000 2 25 2 0.0  56
5000 2 25 3 0.0  -1
5000 2 25 4 0.0  -1
