500 9 1 1 0.0  -1
500 9 1 2 0.0  -1
500 9 1 3 0.0  41
500 9 1 4 0.0  1
500 9 2 1 0.0  -1
500 9 2 2 0.0  41
500 9 2 3 0.0  -1
500 9 2 4 0.0  1
500 9 3 1 0.0  -1
500 9 3 2 0.0  -1
500 9 3 3 0.0  -1
500 9 3 4 0.0  41
500 9 4 1 0.0  3
500 9 4 2 0.0  1
500 9 4 3 0.0  -1
500 9 4 4 0.0  41
500 9 5 1 0.0  1
500 9 5 2 0.0  1
500 9 5 3 0.0  41
500 9 5 4 0.0  3
500 9 6 1 0.0  41
500 9 6 2 0.0  -1
500 9 6 3 0.0  -1
500 9 6 4 0.0  -1
500 9 7 1 0.0  -1
500 9 7 2 0.0  41
500 9 7 3 0.0  -1
500 9 7 4 0.0  -1
500 9 8 1 0.0  -1
500 9 8 2 0.0  -1
500 9 8 3 0.0  41
500 9 8 4 0.0  1
500 9 9 1 0.0  -1
500 9 9 2 0.0  1
500 9 9 3 0.0  -1
500 9 9 4 0.0  41
500 9 10 1 0.0  -1
500 9 10 2 0.0  -1
500 9 10 3 0.0  -1
500 9 10 4 0.0  41
500 9 11 1 0.0  -1
500 9 11 2 0.0  -1
500 9 11 3 0.0  -1
500 9 11 4 0.0  -1
500 9 12 1 0.0  41
500 9 12 2 0.0  -1
500 9 12 3 0.0  -1
500 9 12 4 0.0  -1
500 9 13 1 0.0  -1
500 9 13 2 0.0  -1
500 9 13 3 0.0  -1
500 9 13 4 0.0  41
500 9 14 1 0.0  41
500 9 14 2 0.0  -1
500 9 14 3 0.0  2
500 9 14 4 0.0  -1
500 9 15 1 0.0  1
500 9 15 2 0.0  41
500 9 15 3 0.0  -1
500 9 15 4 0.0  1
500 9 16 1 0.0  41
500 9 16 2 0.0  41
500 9 16 3 0.0  41
500 9 16 4 0.0  3
500 9 17 1 0.0  41
500 9 17 2 0.0  8
500 9 17 3 0.0  -1
500 9 17 4 0.0  -1
500 9 18 1 0.0  -1
500 9 18 2 0.0  41
500 9 18 3 0.0  -1
500 9 18 4 0.0  8
500 9 19 1 0.0  1
500 9 19 2 0.0  -1
500 9 19 3 0.0  1
500 9 19 4 0.0  41
500 9 20 1 0.0  -1
500 9 20 2 0.0  41
500 9 20 3 0.0  9
500 9 20 4 0.0  3
500 9 21 1 0.0  -1
500 9 21 2 0.0  41
500 9 21 3 0.0  -1
500 9 21 4 0.0  -1
500 9 22 1 0.0  3
500 9 22 2 0.0  41
500 9 22 3 0.0  41
500 9 22 4 0.0  -1
500 9 23 1 0.0  41
500 9 23 2 0.0  3
500 9 23 3 0.0  -1
500 9 23 4 0.0  -1
500 9 24 1 0.0  41
500 9 24 2 0.0  3
500 9 24 3 0.0  -1
500 9 24 4 0.0  3
500 9 25 1 0.0  -1
500 9 25 2 0.0  3
500 9 25 3 0.0  3
500 9 25 4 0.0  41
1000 9 1 1 0.0  -1
1000 9 1 2 0.0  -1
1000 9 1 3 0.0  -1
1000 9 1 4 0.0  41
1000 9 2 1 0.0  -1
1000 9 2 2 0.0  41
1000 9 2 3 0.0  -1
1000 9 2 4 0.0  -1
1000 9 3 1 0.0  -1
1000 9 3 2 0.0  -1
1000 9 3 3 0.0  41
1000 9 3 4 0.0  -1
1000 9 4 1 0.0  -1
1000 9 4 2 0.0  -1
1000 9 4 3 0.0  -1
1000 9 4 4 0.0  41
1000 9 5 1 0.0  -1
1000 9 5 2 0.0  -1
1000 9 5 3 0.0  -1
1000 9 5 4 0.0  41
1000 9 6 1 0.0  -1
1000 9 6 2 0.0  -1
1000 9 6 3 0.0  41
1000 9 6 4 0.0  11
1000 9 7 1 0.0  41
1000 9 7 2 0.0  41
1000 9 7 3 0.0  41
1000 9 7 4 0.0  -1
1000 9 8 1 0.0  -1
1000 9 8 2 0.0  -1
1000 9 8 3 0.0  -1
1000 9 8 4 0.0  41
1000 9 9 1 0.0  -1
1000 9 9 2 0.0  -1
1000 9 9 3 0.0  -1
1000 9 9 4 0.0  41
1000 9 10 1 0.0  -1
1000 9 10 2 0.0  41
1000 9 10 3 0.0  -1
1000 9 10 4 0.0  -1
1000 9 11 1 0.0  -1
1000 9 11 2 0.0  3
1000 9 11 3 0.0  -1
1000 9 11 4 0.0  41
1000 9 12 1 0.0  -1
1000 9 12 2 0.0  -1
1000 9 12 3 0.0  -1
1000 9 12 4 0.0  -1
1000 9 13 1 0.0  -1
1000 9 13 2 0.0  41
1000 9 13 3 0.0  -1
1000 9 13 4 0.0  41
1000 9 14 1 0.0  -1
1000 9 14 2 0.0  -1
1000 9 14 3 0.0  41
1000 9 14 4 0.0  -1
1000 9 15 1 0.0  15
1000 9 15 2 0.0  -1
1000 9 15 3 0.0  41
1000 9 15 4 0.0  -1
1000 9 16 1 0.0  -1
1000 9 16 2 0.0  41
1000 9 16 3 0.0  -1
1000 9 16 4 0.0  -1
1000 9 17 1 0.0  41
1000 9 17 2 0.0  -1
1000 9 17 3 0.0  -1
1000 9 17 4 0.0  -1
1000 9 18 1 0.0  41
1000 9 18 2 0.0  -1
1000 9 18 3 0.0  -1
1000 9 18 4 0.0  -1
1000 9 19 1 0.0  -1
1000 9 19 2 0.0  41
1000 9 19 3 0.0  -1
1000 9 19 4 0.0  -1
1000 9 20 1 0.0  -1
1000 9 20 2 0.0  -1
1000 9 20 3 0.0  -1
1000 9 20 4 0.0  41
1000 9 21 1 0.0  -1
1000 9 21 2 0.0  41
1000 9 21 3 0.0  -1
1000 9 21 4 0.0  -1
1000 9 22 1 0.0  -1
1000 9 22 2 0.0  -1
1000 9 22 3 0.0  41
1000 9 22 4 0.0  -1
1000 9 23 1 0.0  -1
1000 9 23 2 0.0  41
1000 9 23 3 0.0  -1
1000 9 23 4 0.0  9
1000 9 24 1 0.0  -1
1000 9 24 2 0.0  41
1000 9 24 3 0.0  23
1000 9 24 4 0.0  -1
1000 9 25 1 0.0  -1
1000 9 25 2 0.0  -1
1000 9 25 3 0.0  41
1000 9 25 4 0.0  -1
1500 9 1 1 0.0  41
1500 9 1 2 0.0  9
1500 9 1 3 0.0  -1
1500 9 1 4 0.0  23
1500 9 2 1 0.0  25
1500 9 2 2 0.0  41
1500 9 2 3 0.0  -1
1500 9 2 4 0.0  -1
1500 9 3 1 0.0  41
1500 9 3 2 0.0  -1
1500 9 3 3 0.0  -1
1500 9 3 4 0.0  -1
1500 9 4 1 0.0  -1
1500 9 4 2 0.0  -1
1500 9 4 3 0.0  -1
1500 9 4 4 0.0  41
1500 9 5 1 0.0  -1
1500 9 5 2 0.0  -1
1500 9 5 3 0.0  41
1500 9 5 4 0.0  -1
1500 9 6 1 0.0  45
1500 9 6 2 0.0  7
1500 9 6 3 0.0  -1
1500 9 6 4 0.0  -1
1500 9 7 1 0.0  41
1500 9 7 2 0.0  41
1500 9 7 3 0.0  41
1500 9 7 4 0.0  -1
1500 9 8 1 0.0  -1
1500 9 8 2 0.0  3
1500 9 8 3 0.0  -1
1500 9 8 4 0.0  45
1500 9 9 1 0.0  -1
1500 9 9 2 0.0  -1
1500 9 9 3 0.0  41
1500 9 9 4 0.0  3
1500 9 10 1 0.0  -1
1500 9 10 2 0.0  -1
1500 9 10 3 0.0  14
1500 9 10 4 0.0  41
1500 9 11 1 0.0  11
1500 9 11 2 0.0  -1
1500 9 11 3 0.0  41
1500 9 11 4 0.0  -1
1500 9 12 1 0.0  41
1500 9 12 2 0.0  -1
1500 9 12 3 0.0  -1
1500 9 12 4 0.0  -1
1500 9 13 1 0.0  -1
1500 9 13 2 0.0  41
1500 9 13 3 0.0  -1
1500 9 13 4 0.0  41
1500 9 14 1 0.0  41
1500 9 14 2 0.0  -1
1500 9 14 3 0.0  -1
1500 9 14 4 0.0  -1
1500 9 15 1 0.0  -1
1500 9 15 2 0.0  -1
1500 9 15 3 0.0  41
1500 9 15 4 0.0  25
1500 9 16 1 0.0  -1
1500 9 16 2 0.0  45
1500 9 16 3 0.0  -1
1500 9 16 4 0.0  -1
1500 9 17 1 0.0  45
1500 9 17 2 0.0  2
1500 9 17 3 0.0  -1
1500 9 17 4 0.0  11
1500 9 18 1 0.0  2
1500 9 18 2 0.0  45
1500 9 18 3 0.0  -1
1500 9 18 4 0.0  -1
1500 9 19 1 0.0  41
1500 9 19 2 0.0  -1
1500 9 19 3 0.0  14
1500 9 19 4 0.0  23
1500 9 20 1 0.0  -1
1500 9 20 2 0.0  -1
1500 9 20 3 0.0  3
1500 9 20 4 0.0  -1
1500 9 21 1 0.0  45
1500 9 21 2 0.0  -1
1500 9 21 3 0.0  11
1500 9 21 4 0.0  -1
1500 9 22 1 0.0  23
1500 9 22 2 0.0  -1
1500 9 22 3 0.0  41
1500 9 22 4 0.0  -1
1500 9 23 1 0.0  -1
1500 9 23 2 0.0  -1
1500 9 23 3 0.0  41
1500 9 23 4 0.0  41
1500 9 24 1 0.0  45
1500 9 24 2 0.0  -1
1500 9 24 3 0.0  11
1500 9 24 4 0.0  -1
1500 9 25 1 0.0  -1
1500 9 25 2 0.0  -1
1500 9 25 3 0.0  -1
1500 9 25 4 0.0  45
2000 9 1 1 0.0  14
2000 9 1 2 0.0  -1
2000 9 1 3 0.0  45
2000 9 1 4 0.0  -1
2000 9 2 1 0.0  -1
2000 9 2 2 0.0  -1
2000 9 2 3 0.0  -1
2000 9 2 4 0.0  45
2000 9 3 1 0.0  -1
2000 9 3 2 0.0  45
2000 9 3 3 0.0  -1
2000 9 3 4 0.0  -1
2000 9 4 1 0.0  -1
2000 9 4 2 0.0  2
2000 9 4 3 0.0  2
2000 9 4 4 0.0  45
2000 9 5 1 0.0  -1
2000 9 5 2 0.0  -1
2000 9 5 3 0.0  -1
2000 9 5 4 0.0  45
2000 9 6 1 0.0  -1
2000 9 6 2 0.0  45
2000 9 6 3 0.0  -1
2000 9 6 4 0.0  -1
2000 9 7 1 0.0  15
2000 9 7 2 0.0  45
2000 9 7 3 0.0  -1
2000 9 7 4 0.0  -1
2000 9 8 1 0.0  15
2000 9 8 2 0.0  -1
2000 9 8 3 0.0  -1
2000 9 8 4 0.0  45
2000 9 9 1 0.0  -1
2000 9 9 2 0.0  -1
2000 9 9 3 0.0  -1
2000 9 9 4 0.0  45
2000 9 10 1 0.0  45
2000 9 10 2 0.0  45
2000 9 10 3 0.0  -1
2000 9 10 4 0.0  -1
2000 9 11 1 0.0  -1
2000 9 11 2 0.0  45
2000 9 11 3 0.0  11
2000 9 11 4 0.0  -1
2000 9 12 1 0.0  45
2000 9 12 2 0.0  5
2000 9 12 3 0.0  -1
2000 9 12 4 0.0  -1
2000 9 13 1 0.0  -1
2000 9 13 2 0.0  -1
2000 9 13 3 0.0  -1
2000 9 13 4 0.0  45
2000 9 14 1 0.0  45
2000 9 14 2 0.0  -1
2000 9 14 3 0.0  -1
2000 9 14 4 0.0  -1
2000 9 15 1 0.0  45
2000 9 15 2 0.0  -1
2000 9 15 3 0.0  45
2000 9 15 4 0.0  -1
2000 9 16 1 0.0  -1
2000 9 16 2 0.0  45
2000 9 16 3 0.0  -1
2000 9 16 4 0.0  -1
2000 9 17 1 0.0  45
2000 9 17 2 0.0  2
2000 9 17 3 0.0  -1
2000 9 17 4 0.0  11
2000 9 18 1 0.0  2
2000 9 18 2 0.0  2
2000 9 18 3 0.0  45
2000 9 18 4 0.0  -1
2000 9 19 1 0.0  -1
2000 9 19 2 0.0  45
2000 9 19 3 0.0  -1
2000 9 19 4 0.0  -1
2000 9 20 1 0.0  -1
2000 9 20 2 0.0  -1
2000 9 20 3 0.0  10
2000 9 20 4 0.0  45
2000 9 21 1 0.0  -1
2000 9 21 2 0.0  45
2000 9 21 3 0.0  -1
2000 9 21 4 0.0  -1
2000 9 22 1 0.0  -1
2000 9 22 2 0.0  -1
2000 9 22 3 0.0  45
2000 9 22 4 0.0  -1
2000 9 23 1 0.0  -1
2000 9 23 2 0.0  45
2000 9 23 3 0.0  5
2000 9 23 4 0.0  -1
2000 9 24 1 0.0  2
2000 9 24 2 0.0  2
2000 9 24 3 0.0  -1
2000 9 24 4 0.0  45
2000 9 25 1 0.0  2
2000 9 25 2 0.0  -1
2000 9 25 3 0.0  2
2000 9 25 4 0.0  45
2500 9 1 1 0.0  -1
2500 9 1 2 0.0  -1
2500 9 1 3 0.0  428
2500 9 1 4 0.0  -1
2500 9 2 1 0.0  -1
2500 9 2 2 0.0  -1
2500 9 2 3 0.0  428
2500 9 2 4 0.0  7
2500 9 3 1 0.0  -1
2500 9 3 2 0.0  -1
2500 9 3 3 0.0  -1
2500 9 3 4 0.0  428
2500 9 4 1 0.0  428
2500 9 4 2 0.0  -1
2500 9 4 3 0.0  -1
2500 9 4 4 0.0  -1
2500 9 5 1 0.0  -1
2500 9 5 2 0.0  78
2500 9 5 3 0.0  -1
2500 9 5 4 0.0  -1
2500 9 6 1 0.0  428
2500 9 6 2 0.0  -1
2500 9 6 3 0.0  -1
2500 9 6 4 0.0  45
2500 9 7 1 0.0  -1
2500 9 7 2 0.0  428
2500 9 7 3 0.0  -1
2500 9 7 4 0.0  -1
2500 9 8 1 0.0  -1
2500 9 8 2 0.0  -1
2500 9 8 3 0.0  -1
2500 9 8 4 0.0  428
2500 9 9 1 0.0  -1
2500 9 9 2 0.0  -1
2500 9 9 3 0.0  428
2500 9 9 4 0.0  -1
2500 9 10 1 0.0  -1
2500 9 10 2 0.0  -1
2500 9 10 3 0.0  428
2500 9 10 4 0.0  -1
2500 9 11 1 0.0  -1
2500 9 11 2 0.0  -1
2500 9 11 3 0.0  -1
2500 9 11 4 0.0  428
2500 9 12 1 0.0  -1
2500 9 12 2 0.0  428
2500 9 12 3 0.0  -1
2500 9 12 4 0.0  -1
2500 9 13 1 0.0  428
2500 9 13 2 0.0  -1
2500 9 13 3 0.0  -1
2500 9 13 4 0.0  -1
2500 9 14 1 0.0  -1
2500 9 14 2 0.0  -1
2500 9 14 3 0.0  -1
2500 9 14 4 0.0  -1
2500 9 15 1 0.0  -1
2500 9 15 2 0.0  -1
2500 9 15 3 0.0  428
2500 9 15 4 0.0  39
2500 9 16 1 0.0  -1
2500 9 16 2 0.0  -1
2500 9 16 3 0.0  -1
2500 9 16 4 0.0  428
2500 9 17 1 0.0  -1
2500 9 17 2 0.0  428
2500 9 17 3 0.0  428
2500 9 17 4 0.0  -1
2500 9 18 1 0.0  -1
2500 9 18 2 0.0  -1
2500 9 18 3 0.0  -1
2500 9 18 4 0.0  78
2500 9 19 1 0.0  428
2500 9 19 2 0.0  78
2500 9 19 3 0.0  -1
2500 9 19 4 0.0  -1
2500 9 20 1 0.0  -1
2500 9 20 2 0.0  428
2500 9 20 3 0.0  -1
2500 9 20 4 0.0  -1
2500 9 21 1 0.0  -1
2500 9 21 2 0.0  428
2500 9 21 3 0.0  428
2500 9 21 4 0.0  78
2500 9 22 1 0.0  428
2500 9 22 2 0.0  428
2500 9 22 3 0.0  -1
2500 9 22 4 0.0  -1
2500 9 23 1 0.0  -1
2500 9 23 2 0.0  -1
2500 9 23 3 0.0  428
2500 9 23 4 0.0  -1
2500 9 24 1 0.0  -1
2500 9 24 2 0.0  -1
2500 9 24 3 0.0  -1
2500 9 24 4 0.0  428
2500 9 25 1 0.0  -1
2500 9 25 2 0.0  428
2500 9 25 3 0.0  3
2500 9 25 4 0.0  -1
3000 9 1 1 0.0  -1
3000 9 1 2 0.0  -1
3000 9 1 3 0.0  428
3000 9 1 4 0.0  -1
3000 9 2 1 0.0  -1
3000 9 2 2 0.0  -1
3000 9 2 3 0.0  -1
3000 9 2 4 0.0  23
3000 9 3 1 0.0  -1
3000 9 3 2 0.0  -1
3000 9 3 3 0.0  -1
3000 9 3 4 0.0  428
3000 9 4 1 0.0  -1
3000 9 4 2 0.0  -1
3000 9 4 3 0.0  -1
3000 9 4 4 0.0  428
3000 9 5 1 0.0  45
3000 9 5 2 0.0  -1
3000 9 5 3 0.0  -1
3000 9 5 4 0.0  428
3000 9 6 1 0.0  -1
3000 9 6 2 0.0  428
3000 9 6 3 0.0  -1
3000 9 6 4 0.0  -1
3000 9 7 1 0.0  428
3000 9 7 2 0.0  -1
3000 9 7 3 0.0  -1
3000 9 7 4 0.0  -1
3000 9 8 1 0.0  428
3000 9 8 2 0.0  39
3000 9 8 3 0.0  -1
3000 9 8 4 0.0  428
3000 9 9 1 0.0  428
3000 9 9 2 0.0  -1
3000 9 9 3 0.0  -1
3000 9 9 4 0.0  3
3000 9 10 1 0.0  -1
3000 9 10 2 0.0  39
3000 9 10 3 0.0  -1
3000 9 10 4 0.0  428
3000 9 11 1 0.0  428
3000 9 11 2 0.0  -1
3000 9 11 3 0.0  -1
3000 9 11 4 0.0  -1
3000 9 12 1 0.0  -1
3000 9 12 2 0.0  -1
3000 9 12 3 0.0  428
3000 9 12 4 0.0  428
3000 9 13 1 0.0  428
3000 9 13 2 0.0  -1
3000 9 13 3 0.0  -1
3000 9 13 4 0.0  -1
3000 9 14 1 0.0  3
3000 9 14 2 0.0  428
3000 9 14 3 0.0  -1
3000 9 14 4 0.0  5
3000 9 15 1 0.0  428
3000 9 15 2 0.0  -1
3000 9 15 3 0.0  2
3000 9 15 4 0.0  -1
3000 9 16 1 0.0  428
3000 9 16 2 0.0  -1
3000 9 16 3 0.0  -1
3000 9 16 4 0.0  -1
3000 9 17 1 0.0  428
3000 9 17 2 0.0  3
3000 9 17 3 0.0  -1
3000 9 17 4 0.0  -1
3000 9 18 1 0.0  -1
3000 9 18 2 0.0  -1
3000 9 18 3 0.0  428
3000 9 18 4 0.0  -1
3000 9 19 1 0.0  428
3000 9 19 2 0.0  3
3000 9 19 3 0.0  -1
3000 9 19 4 0.0  -1
3000 9 20 1 0.0  428
3000 9 20 2 0.0  -1
3000 9 20 3 0.0  -1
3000 9 20 4 0.0  -1
3000 9 21 1 0.0  428
3000 9 21 2 0.0  3
3000 9 21 3 0.0  428
3000 9 21 4 0.0  -1
3000 9 22 1 0.0  428
3000 9 22 2 0.0  428
3000 9 22 3 0.0  -1
3000 9 22 4 0.0  -1
3000 9 23 1 0.0  -1
3000 9 23 2 0.0  428
3000 9 23 3 0.0  -1
3000 9 23 4 0.0  -1
3000 9 24 1 0.0  428
3000 9 24 2 0.0  -1
3000 9 24 3 0.0  -1
3000 9 24 4 0.0  -1
3000 9 25 1 0.0  428
3000 9 25 2 0.0  -1
3000 9 25 3 0.0  -1
3000 9 25 4 0.0  -1
3500 9 1 1 0.0  -1
3500 9 1 2 0.0  428
3500 9 1 3 0.0  -1
3500 9 1 4 0.0  -1
3500 9 2 1 0.0  -1
3500 9 2 2 0.0  -1
3500 9 2 3 0.0  -1
3500 9 2 4 0.0  428
3500 9 3 1 0.0  -1
3500 9 3 2 0.0  428
3500 9 3 3 0.0  -1
3500 9 3 4 0.0  -1
3500 9 4 1 0.0  -1
3500 9 4 2 0.0  -1
3500 9 4 3 0.0  428
3500 9 4 4 0.0  -1
3500 9 5 1 0.0  -1
3500 9 5 2 0.0  -1
3500 9 5 3 0.0  428
3500 9 5 4 0.0  22
3500 9 6 1 0.0  -1
3500 9 6 2 0.0  428
3500 9 6 3 0.0  -1
3500 9 6 4 0.0  428
3500 9 7 1 0.0  2
3500 9 7 2 0.0  -1
3500 9 7 3 0.0  428
3500 9 7 4 0.0  2
3500 9 8 1 0.0  -1
3500 9 8 2 0.0  428
3500 9 8 3 0.0  -1
3500 9 8 4 0.0  -1
3500 9 9 1 0.0  428
3500 9 9 2 0.0  -1
3500 9 9 3 0.0  -1
3500 9 9 4 0.0  3
3500 9 10 1 0.0  -1
3500 9 10 2 0.0  23
3500 9 10 3 0.0  -1
3500 9 10 4 0.0  428
3500 9 11 1 0.0  -1
3500 9 11 2 0.0  -1
3500 9 11 3 0.0  -1
3500 9 11 4 0.0  428
3500 9 12 1 0.0  -1
3500 9 12 2 0.0  428
3500 9 12 3 0.0  -1
3500 9 12 4 0.0  -1
3500 9 13 1 0.0  -1
3500 9 13 2 0.0  312
3500 9 13 3 0.0  428
3500 9 13 4 0.0  -1
3500 9 14 1 0.0  -1
3500 9 14 2 0.0  -1
3500 9 14 3 0.0  -1
3500 9 14 4 0.0  428
3500 9 15 1 0.0  -1
3500 9 15 2 0.0  11
3500 9 15 3 0.0  428
3500 9 15 4 0.0  -1
3500 9 16 1 0.0  -1
3500 9 16 2 0.0  -1
3500 9 16 3 0.0  428
3500 9 16 4 0.0  -1
3500 9 17 1 0.0  -1
3500 9 17 2 0.0  -1
3500 9 17 3 0.0  -1
3500 9 17 4 0.0  428
3500 9 18 1 0.0  -1
3500 9 18 2 0.0  -1
3500 9 18 3 0.0  428
3500 9 18 4 0.0  -1
3500 9 19 1 0.0  -1
3500 9 19 2 0.0  11
3500 9 19 3 0.0  428
3500 9 19 4 0.0  -1
3500 9 20 1 0.0  428
3500 9 20 2 0.0  15
3500 9 20 3 0.0  -1
3500 9 20 4 0.0  -1
3500 9 21 1 0.0  -1
3500 9 21 2 0.0  -1
3500 9 21 3 0.0  428
3500 9 21 4 0.0  23
3500 9 22 1 0.0  428
3500 9 22 2 0.0  -1
3500 9 22 3 0.0  2
3500 9 22 4 0.0  -1
3500 9 23 1 0.0  2
3500 9 23 2 0.0  428
3500 9 23 3 0.0  48
3500 9 23 4 0.0  -1
3500 9 24 1 0.0  -1
3500 9 24 2 0.0  -1
3500 9 24 3 0.0  45
3500 9 24 4 0.0  428
3500 9 25 1 0.0  -1
3500 9 25 2 0.0  -1
3500 9 25 3 0.0  428
3500 9 25 4 0.0  -1
4000 9 1 1 0.0  -1
4000 9 1 2 0.0  -1
4000 9 1 3 0.0  428
4000 9 1 4 0.0  -1
4000 9 2 1 0.0  -1
4000 9 2 2 0.0  428
4000 9 2 3 0.0  -1
4000 9 2 4 0.0  -1
4000 9 3 1 0.0  428
4000 9 3 2 0.0  -1
4000 9 3 3 0.0  428
4000 9 3 4 0.0  12
4000 9 4 1 0.0  3
4000 9 4 2 0.0  -1
4000 9 4 3 0.0  428
4000 9 4 4 0.0  -1
4000 9 5 1 0.0  14
4000 9 5 2 0.0  -1
4000 9 5 3 0.0  -1
4000 9 5 4 0.0  428
4000 9 6 1 0.0  -1
4000 9 6 2 0.0  -1
4000 9 6 3 0.0  428
4000 9 6 4 0.0  -1
4000 9 7 1 0.0  -1
4000 9 7 2 0.0  -1
4000 9 7 3 0.0  39
4000 9 7 4 0.0  428
4000 9 8 1 0.0  -1
4000 9 8 2 0.0  -1
4000 9 8 3 0.0  428
4000 9 8 4 0.0  -1
4000 9 9 1 0.0  428
4000 9 9 2 0.0  -1
4000 9 9 3 0.0  78
4000 9 9 4 0.0  12
4000 9 10 1 0.0  428
4000 9 10 2 0.0  -1
4000 9 10 3 0.0  -1
4000 9 10 4 0.0  -1
4000 9 11 1 0.0  -1
4000 9 11 2 0.0  -1
4000 9 11 3 0.0  428
4000 9 11 4 0.0  11
4000 9 12 1 0.0  45
4000 9 12 2 0.0  -1
4000 9 12 3 0.0  -1
4000 9 12 4 0.0  428
4000 9 13 1 0.0  -1
4000 9 13 2 0.0  -1
4000 9 13 3 0.0  428
4000 9 13 4 0.0  -1
4000 9 14 1 0.0  2
4000 9 14 2 0.0  -1
4000 9 14 3 0.0  428
4000 9 14 4 0.0  2
4000 9 15 1 0.0  11
4000 9 15 2 0.0  428
4000 9 15 3 0.0  -1
4000 9 15 4 0.0  -1
4000 9 16 1 0.0  -1
4000 9 16 2 0.0  -1
4000 9 16 3 0.0  428
4000 9 16 4 0.0  -1
4000 9 17 1 0.0  -1
4000 9 17 2 0.0  428
4000 9 17 3 0.0  -1
4000 9 17 4 0.0  -1
4000 9 18 1 0.0  -1
4000 9 18 2 0.0  11
4000 9 18 3 0.0  -1
4000 9 18 4 0.0  428
4000 9 19 1 0.0  428
4000 9 19 2 0.0  428
4000 9 19 3 0.0  78
4000 9 19 4 0.0  -1
4000 9 20 1 0.0  428
4000 9 20 2 0.0  -1
4000 9 20 3 0.0  428
4000 9 20 4 0.0  -1
4000 9 21 1 0.0  312
4000 9 21 2 0.0  -1
4000 9 21 3 0.0  428
4000 9 21 4 0.0  -1
4000 9 22 1 0.0  -1
4000 9 22 2 0.0  3
4000 9 22 3 0.0  428
4000 9 22 4 0.0  3
4000 9 23 1 0.0  3
4000 9 23 2 0.0  -1
4000 9 23 3 0.0  3
4000 9 23 4 0.0  428
4000 9 24 1 0.0  -1
4000 9 24 2 0.0  428
4000 9 24 3 0.0  -1
4000 9 24 4 0.0  -1
4000 9 25 1 0.0  22
4000 9 25 2 0.0  -1
4000 9 25 3 0.0  428
4000 9 25 4 0.0  -1
4500 9 1 1 0.0  -1
4500 9 1 2 0.0  -1
4500 9 1 3 0.0  12
4500 9 1 4 0.0  428
4500 9 2 1 0.0  428
4500 9 2 2 0.0  -1
4500 9 2 3 0.0  -1
4500 9 2 4 0.0  -1
4500 9 3 1 0.0  16
4500 9 3 2 0.0  -1
4500 9 3 3 0.0  428
4500 9 3 4 0.0  -1
4500 9 4 1 0.0  -1
4500 9 4 2 0.0  -1
4500 9 4 3 0.0  428
4500 9 4 4 0.0  -1
4500 9 5 1 0.0  -1
4500 9 5 2 0.0  428
4500 9 5 3 0.0  78
4500 9 5 4 0.0  -1
4500 9 6 1 0.0  428
4500 9 6 2 0.0  2
4500 9 6 3 0.0  2
4500 9 6 4 0.0  3
4500 9 7 1 0.0  -1
4500 9 7 2 0.0  78
4500 9 7 3 0.0  428
4500 9 7 4 0.0  428
4500 9 8 1 0.0  428
4500 9 8 2 0.0  -1
4500 9 8 3 0.0  -1
4500 9 8 4 0.0  -1
4500 9 9 1 0.0  428
4500 9 9 2 0.0  -1
4500 9 9 3 0.0  -1
4500 9 9 4 0.0  428
4500 9 10 1 0.0  -1
4500 9 10 2 0.0  428
4500 9 10 3 0.0  -1
4500 9 10 4 0.0  -1
4500 9 11 1 0.0  -1
4500 9 11 2 0.0  -1
4500 9 11 3 0.0  -1
4500 9 11 4 0.0  428
4500 9 12 1 0.0  -1
4500 9 12 2 0.0  -1
4500 9 12 3 0.0  2
4500 9 12 4 0.0  428
4500 9 13 1 0.0  -1
4500 9 13 2 0.0  428
4500 9 13 3 0.0  10
4500 9 13 4 0.0  7
4500 9 14 1 0.0  428
4500 9 14 2 0.0  -1
4500 9 14 3 0.0  18
4500 9 14 4 0.0  -1
4500 9 15 1 0.0  -1
4500 9 15 2 0.0  428
4500 9 15 3 0.0  22
4500 9 15 4 0.0  -1
4500 9 16 1 0.0  428
4500 9 16 2 0.0  428
4500 9 16 3 0.0  5
4500 9 16 4 0.0  -1
4500 9 17 1 0.0  12
4500 9 17 2 0.0  12
4500 9 17 3 0.0  12
4500 9 17 4 0.0  428
4500 9 18 1 0.0  -1
4500 9 18 2 0.0  428
4500 9 18 3 0.0  2
4500 9 18 4 0.0  7
4500 9 19 1 0.0  -1
4500 9 19 2 0.0  -1
4500 9 19 3 0.0  -1
4500 9 19 4 0.0  428
4500 9 20 1 0.0  -1
4500 9 20 2 0.0  428
4500 9 20 3 0.0  -1
4500 9 20 4 0.0  2
4500 9 21 1 0.0  -1
4500 9 21 2 0.0  -1
4500 9 21 3 0.0  428
4500 9 21 4 0.0  -1
4500 9 22 1 0.0  -1
4500 9 22 2 0.0  -1
4500 9 22 3 0.0  428
4500 9 22 4 0.0  -1
4500 9 23 1 0.0  -1
4500 9 23 2 0.0  -1
4500 9 23 3 0.0  -1
4500 9 23 4 0.0  428
4500 9 24 1 0.0  -1
4500 9 24 2 0.0  -1
4500 9 24 3 0.0  -1
4500 9 24 4 0.0  -1
4500 9 25 1 0.0  22
4500 9 25 2 0.0  -1
4500 9 25 3 0.0  428
4500 9 25 4 0.0  -1
5000 9 1 1 0.0  428
5000 9 1 2 0.0  -1
5000 9 1 3 0.0  39
5000 9 1 4 0.0  -1
5000 9 2 1 0.0  428
5000 9 2 2 0.0  -1
5000 9 2 3 0.0  -1
5000 9 2 4 0.0  -1
5000 9 3 1 0.0  96
5000 9 3 2 0.0  -1
5000 9 3 3 0.0  -1
5000 9 3 4 0.0  -1
5000 9 4 1 0.0  -1
5000 9 4 2 0.0  428
5000 9 4 3 0.0  12
5000 9 4 4 0.0  -1
5000 9 5 1 0.0  -1
5000 9 5 2 0.0  -1
5000 9 5 3 0.0  -1
5000 9 5 4 0.0  428
5000 9 6 1 0.0  -1
5000 9 6 2 0.0  -1
5000 9 6 3 0.0  -1
5000 9 6 4 0.0  428
5000 9 7 1 0.0  428
5000 9 7 2 0.0  -1
5000 9 7 3 0.0  -1
5000 9 7 4 0.0  3
5000 9 8 1 0.0  78
5000 9 8 2 0.0  428
5000 9 8 3 0.0  -1
5000 9 8 4 0.0  -1
5000 9 9 1 0.0  -1
5000 9 9 2 0.0  -1
5000 9 9 3 0.0  428
5000 9 9 4 0.0  -1
5000 9 10 1 0.0  -1
5000 9 10 2 0.0  -1
5000 9 10 3 0.0  428
5000 9 10 4 0.0  -1
5000 9 11 1 0.0  312
5000 9 11 2 0.0  428
5000 9 11 3 0.0  -1
5000 9 11 4 0.0  -1
5000 9 12 1 0.0  428
5000 9 12 2 0.0  3
5000 9 12 3 0.0  -1
5000 9 12 4 0.0  -1
5000 9 13 1 0.0  -1
5000 9 13 2 0.0  428
5000 9 13 3 0.0  -1
5000 9 13 4 0.0  -1
5000 9 14 1 0.0  -1
5000 9 14 2 0.0  428
5000 9 14 3 0.0  -1
5000 9 14 4 0.0  -1
5000 9 15 1 0.0  -1
5000 9 15 2 0.0  -1
5000 9 15 3 0.0  -1
5000 9 15 4 0.0  428
5000 9 16 1 0.0  3
5000 9 16 2 0.0  -1
5000 9 16 3 0.0  428
5000 9 16 4 0.0  -1
5000 9 17 1 0.0  -1
5000 9 17 2 0.0  428
5000 9 17 3 0.0  23
5000 9 17 4 0.0  -1
5000 9 18 1 0.0  -1
5000 9 18 2 0.0  -1
5000 9 18 3 0.0  2
5000 9 18 4 0.0  428
5000 9 19 1 0.0  428
5000 9 19 2 0.0  -1
5000 9 19 3 0.0  -1
5000 9 19 4 0.0  -1
5000 9 20 1 0.0  428
5000 9 20 2 0.0  -1
5000 9 20 3 0.0  2
5000 9 20 4 0.0  -1
5000 9 21 1 0.0  12
5000 9 21 2 0.0  428
5000 9 21 3 0.0  -1
5000 9 21 4 0.0  -1
5000 9 22 1 0.0  -1
5000 9 22 2 0.0  428
5000 9 22 3 0.0  3
5000 9 22 4 0.0  -1
5000 9 23 1 0.0  -1
5000 9 23 2 0.0  -1
5000 9 23 3 0.0  -1
5000 9 23 4 0.0  428
5000 9 24 1 0.0  2
5000 9 24 2 0.0  -1
5000 9 24 3 0.0  428
5000 9 24 4 0.0  -1
5000 9 25 1 0.0  -1
5000 9 25 2 0.0  428
5000 9 25 3 0.0  -1
5000 9 25 4 0.0  -1
500 10 1 1 0.0  -1
500 10 1 2 0.0  2
500 10 1 3 0.0  2
500 10 1 4 0.0  -1
500 10 2 1 0.0  -1
500 10 2 2 0.0  2
500 10 2 3 0.0  10
500 10 2 4 0.0  -1
500 10 3 1 0.0  9
500 10 3 2 0.0  10
500 10 3 3 0.0  10
500 10 3 4 0.0  2
500 10 4 1 0.0  10
500 10 4 2 0.0  5
500 10 4 3 0.0  -1
500 10 4 4 0.0  -1
500 10 5 1 0.0  9
500 10 5 2 0.0  -1
500 10 5 3 0.0  -1
500 10 5 4 0.0  10
500 10 6 1 0.0  2
500 10 6 2 0.0  10
500 10 6 3 0.0  2
500 10 6 4 0.0  -1
500 10 7 1 0.0  -1
500 10 7 2 0.0  10
500 10 7 3 0.0  7
500 10 7 4 0.0  10
500 10 8 1 0.0  10
500 10 8 2 0.0  2
500 10 8 3 0.0  -1
500 10 8 4 0.0  -1
500 10 9 1 0.0  10
500 10 9 2 0.0  -1
500 10 9 3 0.0  -1
500 10 9 4 0.0  10
500 10 10 1 0.0  9
500 10 10 2 0.0  10
500 10 10 3 0.0  -1
500 10 10 4 0.0  -1
500 10 11 1 0.0  -1
500 10 11 2 0.0  10
500 10 11 3 0.0  -1
500 10 11 4 0.0  10
500 10 12 1 0.0  10
500 10 12 2 0.0  -1
500 10 12 3 0.0  2
500 10 12 4 0.0  -1
500 10 13 1 0.0  10
500 10 13 2 0.0  -1
500 10 13 3 0.0  6
500 10 13 4 0.0  -1
500 10 14 1 0.0  -1
500 10 14 2 0.0  -1
500 10 14 3 0.0  -1
500 10 14 4 0.0  10
500 10 15 1 0.0  -1
500 10 15 2 0.0  6
500 10 15 3 0.0  -1
500 10 15 4 0.0  10
500 10 16 1 0.0  10
500 10 16 2 0.0  -1
500 10 16 3 0.0  -1
500 10 16 4 0.0  -1
500 10 17 1 0.0  2
500 10 17 2 0.0  -1
500 10 17 3 0.0  10
500 10 17 4 0.0  6
500 10 18 1 0.0  10
500 10 18 2 0.0  -1
500 10 18 3 0.0  -1
500 10 18 4 0.0  -1
500 10 19 1 0.0  9
500 10 19 2 0.0  10
500 10 19 3 0.0  -1
500 10 19 4 0.0  2
500 10 20 1 0.0  -1
500 10 20 2 0.0  -1
500 10 20 3 0.0  10
500 10 20 4 0.0  -1
500 10 21 1 0.0  2
500 10 21 2 0.0  2
500 10 21 3 0.0  -1
500 10 21 4 0.0  10
500 10 22 1 0.0  7
500 10 22 2 0.0  -1
500 10 22 3 0.0  10
500 10 22 4 0.0  -1
500 10 23 1 0.0  -1
500 10 23 2 0.0  -1
500 10 23 3 0.0  10
500 10 23 4 0.0  10
500 10 24 1 0.0  2
500 10 24 2 0.0  -1
500 10 24 3 0.0  2
500 10 24 4 0.0  10
500 10 25 1 0.0  10
500 10 25 2 0.0  -1
500 10 25 3 0.0  10
500 10 25 4 0.0  9
1000 10 1 1 0.0  -1
1000 10 1 2 0.0  -1
1000 10 1 3 0.0  -1
1000 10 1 4 0.0  70
1000 10 2 1 0.0  70
1000 10 2 2 0.0  15
1000 10 2 3 0.0  -1
1000 10 2 4 0.0  -1
1000 10 3 1 0.0  70
1000 10 3 2 0.0  -1
1000 10 3 3 0.0  -1
1000 10 3 4 0.0  -1
1000 10 4 1 0.0  -1
1000 10 4 2 0.0  -1
1000 10 4 3 0.0  70
1000 10 4 4 0.0  -1
1000 10 5 1 0.0  -1
1000 10 5 2 0.0  10
1000 10 5 3 0.0  70
1000 10 5 4 0.0  12
1000 10 6 1 0.0  -1
1000 10 6 2 0.0  70
1000 10 6 3 0.0  -1
1000 10 6 4 0.0  -1
1000 10 7 1 0.0  -1
1000 10 7 2 0.0  70
1000 10 7 3 0.0  -1
1000 10 7 4 0.0  -1
1000 10 8 1 0.0  -1
1000 10 8 2 0.0  -1
1000 10 8 3 0.0  70
1000 10 8 4 0.0  8
1000 10 9 1 0.0  -1
1000 10 9 2 0.0  2
1000 10 9 3 0.0  -1
1000 10 9 4 0.0  70
1000 10 10 1 0.0  -1
1000 10 10 2 0.0  70
1000 10 10 3 0.0  -1
1000 10 10 4 0.0  -1
1000 10 11 1 0.0  70
1000 10 11 2 0.0  -1
1000 10 11 3 0.0  -1
1000 10 11 4 0.0  -1
1000 10 12 1 0.0  -1
1000 10 12 2 0.0  70
1000 10 12 3 0.0  8
1000 10 12 4 0.0  -1
1000 10 13 1 0.0  70
1000 10 13 2 0.0  15
1000 10 13 3 0.0  -1
1000 10 13 4 0.0  -1
1000 10 14 1 0.0  -1
1000 10 14 2 0.0  -1
1000 10 14 3 0.0  -1
1000 10 14 4 0.0  -1
1000 10 15 1 0.0  -1
1000 10 15 2 0.0  -1
1000 10 15 3 0.0  70
1000 10 15 4 0.0  -1
1000 10 16 1 0.0  -1
1000 10 16 2 0.0  -1
1000 10 16 3 0.0  -1
1000 10 16 4 0.0  70
1000 10 17 1 0.0  -1
1000 10 17 2 0.0  -1
1000 10 17 3 0.0  -1
1000 10 17 4 0.0  70
1000 10 18 1 0.0  -1
1000 10 18 2 0.0  -1
1000 10 18 3 0.0  70
1000 10 18 4 0.0  -1
1000 10 19 1 0.0  70
1000 10 19 2 0.0  -1
1000 10 19 3 0.0  -1
1000 10 19 4 0.0  10
1000 10 20 1 0.0  -1
1000 10 20 2 0.0  -1
1000 10 20 3 0.0  -1
1000 10 20 4 0.0  70
1000 10 21 1 0.0  -1
1000 10 21 2 0.0  49
1000 10 21 3 0.0  -1
1000 10 21 4 0.0  70
1000 10 22 1 0.0  -1
1000 10 22 2 0.0  -1
1000 10 22 3 0.0  -1
1000 10 22 4 0.0  70
1000 10 23 1 0.0  -1
1000 10 23 2 0.0  10
1000 10 23 3 0.0  -1
1000 10 23 4 0.0  70
1000 10 24 1 0.0  -1
1000 10 24 2 0.0  -1
1000 10 24 3 0.0  -1
1000 10 24 4 0.0  70
1000 10 25 1 0.0  70
1000 10 25 2 0.0  -1
1000 10 25 3 0.0  -1
1000 10 25 4 0.0  -1
1500 10 1 1 0.0  344
1500 10 1 2 0.0  -1
1500 10 1 3 0.0  -1
1500 10 1 4 0.0  344
1500 10 2 1 0.0  -1
1500 10 2 2 0.0  344
1500 10 2 3 0.0  -1
1500 10 2 4 0.0  -1
1500 10 3 1 0.0  -1
1500 10 3 2 0.0  -1
1500 10 3 3 0.0  -1
1500 10 3 4 0.0  344
1500 10 4 1 0.0  -1
1500 10 4 2 0.0  344
1500 10 4 3 0.0  -1
1500 10 4 4 0.0  -1
1500 10 5 1 0.0  -1
1500 10 5 2 0.0  -1
1500 10 5 3 0.0  344
1500 10 5 4 0.0  -1
1500 10 6 1 0.0  -1
1500 10 6 2 0.0  -1
1500 10 6 3 0.0  344
1500 10 6 4 0.0  -1
1500 10 7 1 0.0  -1
1500 10 7 2 0.0  -1
1500 10 7 3 0.0  -1
1500 10 7 4 0.0  344
1500 10 8 1 0.0  -1
1500 10 8 2 0.0  -1
1500 10 8 3 0.0  -1
1500 10 8 4 0.0  344
1500 10 9 1 0.0  -1
1500 10 9 2 0.0  344
1500 10 9 3 0.0  -1
1500 10 9 4 0.0  -1
1500 10 10 1 0.0  4
1500 10 10 2 0.0  344
1500 10 10 3 0.0  344
1500 10 10 4 0.0  -1
1500 10 11 1 0.0  18
1500 10 11 2 0.0  -1
1500 10 11 3 0.0  -1
1500 10 11 4 0.0  344
1500 10 12 1 0.0  -1
1500 10 12 2 0.0  -1
1500 10 12 3 0.0  -1
1500 10 12 4 0.0  -1
1500 10 13 1 0.0  -1
1500 10 13 2 0.0  -1
1500 10 13 3 0.0  344
1500 10 13 4 0.0  -1
1500 10 14 1 0.0  -1
1500 10 14 2 0.0  -1
1500 10 14 3 0.0  344
1500 10 14 4 0.0  344
1500 10 15 1 0.0  -1
1500 10 15 2 0.0  344
1500 10 15 3 0.0  -1
1500 10 15 4 0.0  -1
1500 10 16 1 0.0  -1
1500 10 16 2 0.0  18
1500 10 16 3 0.0  147
1500 10 16 4 0.0  -1
1500 10 17 1 0.0  -1
1500 10 17 2 0.0  -1
1500 10 17 3 0.0  -1
1500 10 17 4 0.0  344
1500 10 18 1 0.0  -1
1500 10 18 2 0.0  3
1500 10 18 3 0.0  -1
1500 10 18 4 0.0  344
1500 10 19 1 0.0  344
1500 10 19 2 0.0  -1
1500 10 19 3 0.0  -1
1500 10 19 4 0.0  -1
1500 10 20 1 0.0  21
1500 10 20 2 0.0  -1
1500 10 20 3 0.0  344
1500 10 20 4 0.0  -1
1500 10 21 1 0.0  -1
1500 10 21 2 0.0  -1
1500 10 21 3 0.0  344
1500 10 21 4 0.0  -1
1500 10 22 1 0.0  344
1500 10 22 2 0.0  -1
1500 10 22 3 0.0  -1
1500 10 22 4 0.0  -1
1500 10 23 1 0.0  -1
1500 10 23 2 0.0  -1
1500 10 23 3 0.0  -1
1500 10 23 4 0.0  344
1500 10 24 1 0.0  344
1500 10 24 2 0.0  -1
1500 10 24 3 0.0  -1
1500 10 24 4 0.0  -1
1500 10 25 1 0.0  -1
1500 10 25 2 0.0  344
1500 10 25 3 0.0  -1
1500 10 25 4 0.0  -1
2000 10 1 1 0.0  -1
2000 10 1 2 0.0  -1
2000 10 1 3 0.0  -1
2000 10 1 4 0.0  344
2000 10 2 1 0.0  344
2000 10 2 2 0.0  4
2000 10 2 3 0.0  -1
2000 10 2 4 0.0  45
2000 10 3 1 0.0  -1
2000 10 3 2 0.0  -1
2000 10 3 3 0.0  -1
2000 10 3 4 0.0  344
2000 10 4 1 0.0  -1
2000 10 4 2 0.0  344
2000 10 4 3 0.0  -1
2000 10 4 4 0.0  -1
2000 10 5 1 0.0  344
2000 10 5 2 0.0  -1
2000 10 5 3 0.0  -1
2000 10 5 4 0.0  -1
2000 10 6 1 0.0  -1
2000 10 6 2 0.0  344
2000 10 6 3 0.0  -1
2000 10 6 4 0.0  -1
2000 10 7 1 0.0  344
2000 10 7 2 0.0  344
2000 10 7 3 0.0  -1
2000 10 7 4 0.0  -1
2000 10 8 1 0.0  344
2000 10 8 2 0.0  -1
2000 10 8 3 0.0  -1
2000 10 8 4 0.0  -1
2000 10 9 1 0.0  -1
2000 10 9 2 0.0  -1
2000 10 9 3 0.0  344
2000 10 9 4 0.0  344
2000 10 10 1 0.0  344
2000 10 10 2 0.0  -1
2000 10 10 3 0.0  -1
2000 10 10 4 0.0  -1
2000 10 11 1 0.0  344
2000 10 11 2 0.0  -1
2000 10 11 3 0.0  -1
2000 10 11 4 0.0  -1
2000 10 12 1 0.0  -1
2000 10 12 2 0.0  344
2000 10 12 3 0.0  -1
2000 10 12 4 0.0  344
2000 10 13 1 0.0  344
2000 10 13 2 0.0  -1
2000 10 13 3 0.0  -1
2000 10 13 4 0.0  -1
2000 10 14 1 0.0  -1
2000 10 14 2 0.0  344
2000 10 14 3 0.0  -1
2000 10 14 4 0.0  -1
2000 10 15 1 0.0  -1
2000 10 15 2 0.0  344
2000 10 15 3 0.0  -1
2000 10 15 4 0.0  4
2000 10 16 1 0.0  -1
2000 10 16 2 0.0  -1
2000 10 16 3 0.0  344
2000 10 16 4 0.0  -1
2000 10 17 1 0.0  -1
2000 10 17 2 0.0  344
2000 10 17 3 0.0  -1
2000 10 17 4 0.0  -1
2000 10 18 1 0.0  -1
2000 10 18 2 0.0  -1
2000 10 18 3 0.0  -1
2000 10 18 4 0.0  344
2000 10 19 1 0.0  344
2000 10 19 2 0.0  -1
2000 10 19 3 0.0  -1
2000 10 19 4 0.0  344
2000 10 20 1 0.0  344
2000 10 20 2 0.0  -1
2000 10 20 3 0.0  -1
2000 10 20 4 0.0  344
2000 10 21 1 0.0  344
2000 10 21 2 0.0  -1
2000 10 21 3 0.0  -1
2000 10 21 4 0.0  -1
2000 10 22 1 0.0  344
2000 10 22 2 0.0  -1
2000 10 22 3 0.0  -1
2000 10 22 4 0.0  -1
2000 10 23 1 0.0  -1
2000 10 23 2 0.0  344
2000 10 23 3 0.0  -1
2000 10 23 4 0.0  -1
2000 10 24 1 0.0  34
2000 10 24 2 0.0  -1
2000 10 24 3 0.0  344
2000 10 24 4 0.0  -1
2000 10 25 1 0.0  -1
2000 10 25 2 0.0  -1
2000 10 25 3 0.0  344
2000 10 25 4 0.0  344
2500 10 1 1 0.0  -1
2500 10 1 2 0.0  -1
2500 10 1 3 0.0  344
2500 10 1 4 0.0  -1
2500 10 2 1 0.0  -1
2500 10 2 2 0.0  344
2500 10 2 3 0.0  9
2500 10 2 4 0.0  -1
2500 10 3 1 0.0  -1
2500 10 3 2 0.0  -1
2500 10 3 3 0.0  344
2500 10 3 4 0.0  -1
2500 10 4 1 0.0  3
2500 10 4 2 0.0  -1
2500 10 4 3 0.0  344
2500 10 4 4 0.0  -1
2500 10 5 1 0.0  -1
2500 10 5 2 0.0  -1
2500 10 5 3 0.0  -1
2500 10 5 4 0.0  344
2500 10 6 1 0.0  -1
2500 10 6 2 0.0  -1
2500 10 6 3 0.0  344
2500 10 6 4 0.0  -1
2500 10 7 1 0.0  20
2500 10 7 2 0.0  344
2500 10 7 3 0.0  -1
2500 10 7 4 0.0  344
2500 10 8 1 0.0  -1
2500 10 8 2 0.0  -1
2500 10 8 3 0.0  344
2500 10 8 4 0.0  -1
2500 10 9 1 0.0  33
2500 10 9 2 0.0  -1
2500 10 9 3 0.0  -1
2500 10 9 4 0.0  9
2500 10 10 1 0.0  -1
2500 10 10 2 0.0  -1
2500 10 10 3 0.0  -1
2500 10 10 4 0.0  344
2500 10 11 1 0.0  8
2500 10 11 2 0.0  -1
2500 10 11 3 0.0  -1
2500 10 11 4 0.0  344
2500 10 12 1 0.0  344
2500 10 12 2 0.0  -1
2500 10 12 3 0.0  6
2500 10 12 4 0.0  -1
2500 10 13 1 0.0  -1
2500 10 13 2 0.0  344
2500 10 13 3 0.0  344
2500 10 13 4 0.0  -1
2500 10 14 1 0.0  344
2500 10 14 2 0.0  -1
2500 10 14 3 0.0  -1
2500 10 14 4 0.0  -1
2500 10 15 1 0.0  13
2500 10 15 2 0.0  3
2500 10 15 3 0.0  344
2500 10 15 4 0.0  3
2500 10 16 1 0.0  344
2500 10 16 2 0.0  34
2500 10 16 3 0.0  -1
2500 10 16 4 0.0  -1
2500 10 17 1 0.0  -1
2500 10 17 2 0.0  -1
2500 10 17 3 0.0  344
2500 10 17 4 0.0  -1
2500 10 18 1 0.0  -1
2500 10 18 2 0.0  344
2500 10 18 3 0.0  -1
2500 10 18 4 0.0  -1
2500 10 19 1 0.0  -1
2500 10 19 2 0.0  -1
2500 10 19 3 0.0  -1
2500 10 19 4 0.0  344
2500 10 20 1 0.0  344
2500 10 20 2 0.0  -1
2500 10 20 3 0.0  -1
2500 10 20 4 0.0  -1
2500 10 21 1 0.0  344
2500 10 21 2 0.0  26
2500 10 21 3 0.0  -1
2500 10 21 4 0.0  -1
2500 10 22 1 0.0  344
2500 10 22 2 0.0  -1
2500 10 22 3 0.0  8
2500 10 22 4 0.0  -1
2500 10 23 1 0.0  34
2500 10 23 2 0.0  344
2500 10 23 3 0.0  8
2500 10 23 4 0.0  -1
2500 10 24 1 0.0  26
2500 10 24 2 0.0  -1
2500 10 24 3 0.0  -1
2500 10 24 4 0.0  344
2500 10 25 1 0.0  -1
2500 10 25 2 0.0  344
2500 10 25 3 0.0  -1
2500 10 25 4 0.0  -1
3000 10 1 1 0.0  -1
3000 10 1 2 0.0  32
3000 10 1 3 0.0  344
3000 10 1 4 0.0  -1
3000 10 2 1 0.0  -1
3000 10 2 2 0.0  344
3000 10 2 3 0.0  -1
3000 10 2 4 0.0  -1
3000 10 3 1 0.0  18
3000 10 3 2 0.0  -1
3000 10 3 3 0.0  -1
3000 10 3 4 0.0  344
3000 10 4 1 0.0  -1
3000 10 4 2 0.0  -1
3000 10 4 3 0.0  -1
3000 10 4 4 0.0  344
3000 10 5 1 0.0  344
3000 10 5 2 0.0  5
3000 10 5 3 0.0  -1
3000 10 5 4 0.0  -1
3000 10 6 1 0.0  -1
3000 10 6 2 0.0  -1
3000 10 6 3 0.0  344
3000 10 6 4 0.0  -1
3000 10 7 1 0.0  -1
3000 10 7 2 0.0  344
3000 10 7 3 0.0  -1
3000 10 7 4 0.0  -1
3000 10 8 1 0.0  -1
3000 10 8 2 0.0  -1
3000 10 8 3 0.0  15
3000 10 8 4 0.0  -1
3000 10 9 1 0.0  -1
3000 10 9 2 0.0  -1
3000 10 9 3 0.0  344
3000 10 9 4 0.0  -1
3000 10 10 1 0.0  -1
3000 10 10 2 0.0  344
3000 10 10 3 0.0  -1
3000 10 10 4 0.0  32
3000 10 11 1 0.0  45
3000 10 11 2 0.0  -1
3000 10 11 3 0.0  17
3000 10 11 4 0.0  344
3000 10 12 1 0.0  -1
3000 10 12 2 0.0  -1
3000 10 12 3 0.0  344
3000 10 12 4 0.0  -1
3000 10 13 1 0.0  344
3000 10 13 2 0.0  -1
3000 10 13 3 0.0  -1
3000 10 13 4 0.0  -1
3000 10 14 1 0.0  -1
3000 10 14 2 0.0  344
3000 10 14 3 0.0  -1
3000 10 14 4 0.0  -1
3000 10 15 1 0.0  -1
3000 10 15 2 0.0  -1
3000 10 15 3 0.0  344
3000 10 15 4 0.0  -1
3000 10 16 1 0.0  344
3000 10 16 2 0.0  -1
3000 10 16 3 0.0  -1
3000 10 16 4 0.0  -1
3000 10 17 1 0.0  9
3000 10 17 2 0.0  -1
3000 10 17 3 0.0  -1
3000 10 17 4 0.0  344
3000 10 18 1 0.0  344
3000 10 18 2 0.0  -1
3000 10 18 3 0.0  -1
3000 10 18 4 0.0  -1
3000 10 19 1 0.0  344
3000 10 19 2 0.0  -1
3000 10 19 3 0.0  -1
3000 10 19 4 0.0  -1
3000 10 20 1 0.0  344
3000 10 20 2 0.0  -1
3000 10 20 3 0.0  -1
3000 10 20 4 0.0  -1
3000 10 21 1 0.0  -1
3000 10 21 2 0.0  -1
3000 10 21 3 0.0  -1
3000 10 21 4 0.0  344
3000 10 22 1 0.0  -1
3000 10 22 2 0.0  -1
3000 10 22 3 0.0  -1
3000 10 22 4 0.0  344
3000 10 23 1 0.0  -1
3000 10 23 2 0.0  -1
3000 10 23 3 0.0  344
3000 10 23 4 0.0  -1
3000 10 24 1 0.0  -1
3000 10 24 2 0.0  -1
3000 10 24 3 0.0  344
3000 10 24 4 0.0  -1
3000 10 25 1 0.0  6
3000 10 25 2 0.0  -1
3000 10 25 3 0.0  -1
3000 10 25 4 0.0  344
3500 10 1 1 0.0  -1
3500 10 1 2 0.0  18
3500 10 1 3 0.0  -1
3500 10 1 4 0.0  344
3500 10 2 1 0.0  -1
3500 10 2 2 0.0  -1
3500 10 2 3 0.0  344
3500 10 2 4 0.0  -1
3500 10 3 1 0.0  -1
3500 10 3 2 0.0  -1
3500 10 3 3 0.0  344
3500 10 3 4 0.0  33
3500 10 4 1 0.0  -1
3500 10 4 2 0.0  -1
3500 10 4 3 0.0  -1
3500 10 4 4 0.0  344
3500 10 5 1 0.0  -1
3500 10 5 2 0.0  -1
3500 10 5 3 0.0  344
3500 10 5 4 0.0  -1
3500 10 6 1 0.0  -1
3500 10 6 2 0.0  -1
3500 10 6 3 0.0  344
3500 10 6 4 0.0  -1
3500 10 7 1 0.0  -1
3500 10 7 2 0.0  -1
3500 10 7 3 0.0  -1
3500 10 7 4 0.0  344
3500 10 8 1 0.0  -1
3500 10 8 2 0.0  344
3500 10 8 3 0.0  -1
3500 10 8 4 0.0  4
3500 10 9 1 0.0  344
3500 10 9 2 0.0  -1
3500 10 9 3 0.0  -1
3500 10 9 4 0.0  17
3500 10 10 1 0.0  -1
3500 10 10 2 0.0  344
3500 10 10 3 0.0  -1
3500 10 10 4 0.0  32
3500 10 11 1 0.0  344
3500 10 11 2 0.0  -1
3500 10 11 3 0.0  -1
3500 10 11 4 0.0  -1
3500 10 12 1 0.0  344
3500 10 12 2 0.0  -1
3500 10 12 3 0.0  -1
3500 10 12 4 0.0  -1
3500 10 13 1 0.0  -1
3500 10 13 2 0.0  -1
3500 10 13 3 0.0  -1
3500 10 13 4 0.0  344
3500 10 14 1 0.0  -1
3500 10 14 2 0.0  -1
3500 10 14 3 0.0  344
3500 10 14 4 0.0  -1
3500 10 15 1 0.0  344
3500 10 15 2 0.0  -1
3500 10 15 3 0.0  -1
3500 10 15 4 0.0  -1
3500 10 16 1 0.0  -1
3500 10 16 2 0.0  -1
3500 10 16 3 0.0  -1
3500 10 16 4 0.0  344
3500 10 17 1 0.0  344
3500 10 17 2 0.0  18
3500 10 17 3 0.0  -1
3500 10 17 4 0.0  -1
3500 10 18 1 0.0  -1
3500 10 18 2 0.0  -1
3500 10 18 3 0.0  -1
3500 10 18 4 0.0  344
3500 10 19 1 0.0  -1
3500 10 19 2 0.0  -1
3500 10 19 3 0.0  3
3500 10 19 4 0.0  -1
3500 10 20 1 0.0  344
3500 10 20 2 0.0  -1
3500 10 20 3 0.0  -1
3500 10 20 4 0.0  34
3500 10 21 1 0.0  344
3500 10 21 2 0.0  -1
3500 10 21 3 0.0  23
3500 10 21 4 0.0  -1
3500 10 22 1 0.0  -1
3500 10 22 2 0.0  -1
3500 10 22 3 0.0  -1
3500 10 22 4 0.0  344
3500 10 23 1 0.0  -1
3500 10 23 2 0.0  -1
3500 10 23 3 0.0  344
3500 10 23 4 0.0  9
3500 10 24 1 0.0  344
3500 10 24 2 0.0  -1
3500 10 24 3 0.0  -1
3500 10 24 4 0.0  -1
3500 10 25 1 0.0  -1
3500 10 25 2 0.0  344
3500 10 25 3 0.0  -1
3500 10 25 4 0.0  -1
4000 10 1 1 0.0  -1
4000 10 1 2 0.0  4
4000 10 1 3 0.0  344
4000 10 1 4 0.0  -1
4000 10 2 1 0.0  -1
4000 10 2 2 0.0  -1
4000 10 2 3 0.0  344
4000 10 2 4 0.0  -1
4000 10 3 1 0.0  -1
4000 10 3 2 0.0  -1
4000 10 3 3 0.0  344
4000 10 3 4 0.0  33
4000 10 4 1 0.0  -1
4000 10 4 2 0.0  344
4000 10 4 3 0.0  -1
4000 10 4 4 0.0  -1
4000 10 5 1 0.0  -1
4000 10 5 2 0.0  -1
4000 10 5 3 0.0  344
4000 10 5 4 0.0  -1
4000 10 6 1 0.0  147
4000 10 6 2 0.0  -1
4000 10 6 3 0.0  -1
4000 10 6 4 0.0  344
4000 10 7 1 0.0  -1
4000 10 7 2 0.0  344
4000 10 7 3 0.0  -1
4000 10 7 4 0.0  -1
4000 10 8 1 0.0  -1
4000 10 8 2 0.0  -1
4000 10 8 3 0.0  43
4000 10 8 4 0.0  344
4000 10 9 1 0.0  344
4000 10 9 2 0.0  -1
4000 10 9 3 0.0  -1
4000 10 9 4 0.0  -1
4000 10 10 1 0.0  344
4000 10 10 2 0.0  -1
4000 10 10 3 0.0  -1
4000 10 10 4 0.0  -1
4000 10 11 1 0.0  32
4000 10 11 2 0.0  15
4000 10 11 3 0.0  43
4000 10 11 4 0.0  -1
4000 10 12 1 0.0  344
4000 10 12 2 0.0  -1
4000 10 12 3 0.0  -1
4000 10 12 4 0.0  -1
4000 10 13 1 0.0  8
4000 10 13 2 0.0  344
4000 10 13 3 0.0  29
4000 10 13 4 0.0  -1
4000 10 14 1 0.0  -1
4000 10 14 2 0.0  344
4000 10 14 3 0.0  -1
4000 10 14 4 0.0  -1
4000 10 15 1 0.0  -1
4000 10 15 2 0.0  -1
4000 10 15 3 0.0  344
4000 10 15 4 0.0  12
4000 10 16 1 0.0  344
4000 10 16 2 0.0  -1
4000 10 16 3 0.0  -1
4000 10 16 4 0.0  344
4000 10 17 1 0.0  -1
4000 10 17 2 0.0  15
4000 10 17 3 0.0  344
4000 10 17 4 0.0  -1
4000 10 18 1 0.0  344
4000 10 18 2 0.0  344
4000 10 18 3 0.0  -1
4000 10 18 4 0.0  -1
4000 10 19 1 0.0  344
4000 10 19 2 0.0  -1
4000 10 19 3 0.0  -1
4000 10 19 4 0.0  -1
4000 10 20 1 0.0  -1
4000 10 20 2 0.0  -1
4000 10 20 3 0.0  344
4000 10 20 4 0.0  -1
4000 10 21 1 0.0  20
4000 10 21 2 0.0  15
4000 10 21 3 0.0  12
4000 10 21 4 0.0  344
4000 10 22 1 0.0  -1
4000 10 22 2 0.0  344
4000 10 22 3 0.0  -1
4000 10 22 4 0.0  15
4000 10 23 1 0.0  -1
4000 10 23 2 0.0  344
4000 10 23 3 0.0  -1
4000 10 23 4 0.0  147
4000 10 24 1 0.0  -1
4000 10 24 2 0.0  8
4000 10 24 3 0.0  5
4000 10 24 4 0.0  344
4000 10 25 1 0.0  -1
4000 10 25 2 0.0  -1
4000 10 25 3 0.0  344
4000 10 25 4 0.0  -1
4500 10 1 1 0.0  -1
4500 10 1 2 0.0  -1
4500 10 1 3 0.0  344
4500 10 1 4 0.0  -1
4500 10 2 1 0.0  344
4500 10 2 2 0.0  -1
4500 10 2 3 0.0  -1
4500 10 2 4 0.0  344
4500 10 3 1 0.0  -1
4500 10 3 2 0.0  344
4500 10 3 3 0.0  -1
4500 10 3 4 0.0  -1
4500 10 4 1 0.0  -1
4500 10 4 2 0.0  344
4500 10 4 3 0.0  -1
4500 10 4 4 0.0  344
4500 10 5 1 0.0  -1
4500 10 5 2 0.0  344
4500 10 5 3 0.0  -1
4500 10 5 4 0.0  -1
4500 10 6 1 0.0  -1
4500 10 6 2 0.0  344
4500 10 6 3 0.0  -1
4500 10 6 4 0.0  -1
4500 10 7 1 0.0  -1
4500 10 7 2 0.0  -1
4500 10 7 3 0.0  344
4500 10 7 4 0.0  -1
4500 10 8 1 0.0  -1
4500 10 8 2 0.0  -1
4500 10 8 3 0.0  344
4500 10 8 4 0.0  -1
4500 10 9 1 0.0  -1
4500 10 9 2 0.0  -1
4500 10 9 3 0.0  344
4500 10 9 4 0.0  4
4500 10 10 1 0.0  -1
4500 10 10 2 0.0  344
4500 10 10 3 0.0  -1
4500 10 10 4 0.0  -1
4500 10 11 1 0.0  344
4500 10 11 2 0.0  -1
4500 10 11 3 0.0  -1
4500 10 11 4 0.0  -1
4500 10 12 1 0.0  -1
4500 10 12 2 0.0  344
4500 10 12 3 0.0  -1
4500 10 12 4 0.0  -1
4500 10 13 1 0.0  -1
4500 10 13 2 0.0  344
4500 10 13 3 0.0  -1
4500 10 13 4 0.0  -1
4500 10 14 1 0.0  -1
4500 10 14 2 0.0  -1
4500 10 14 3 0.0  -1
4500 10 14 4 0.0  344
4500 10 15 1 0.0  25
4500 10 15 2 0.0  25
4500 10 15 3 0.0  20
4500 10 15 4 0.0  344
4500 10 16 1 0.0  344
4500 10 16 2 0.0  -1
4500 10 16 3 0.0  344
4500 10 16 4 0.0  -1
4500 10 17 1 0.0  344
4500 10 17 2 0.0  -1
4500 10 17 3 0.0  344
4500 10 17 4 0.0  5
4500 10 18 1 0.0  344
4500 10 18 2 0.0  -1
4500 10 18 3 0.0  -1
4500 10 18 4 0.0  344
4500 10 19 1 0.0  -1
4500 10 19 2 0.0  344
4500 10 19 3 0.0  -1
4500 10 19 4 0.0  -1
4500 10 20 1 0.0  -1
4500 10 20 2 0.0  -1
4500 10 20 3 0.0  -1
4500 10 20 4 0.0  344
4500 10 21 1 0.0  12
4500 10 21 2 0.0  344
4500 10 21 3 0.0  344
4500 10 21 4 0.0  -1
4500 10 22 1 0.0  -1
4500 10 22 2 0.0  -1
4500 10 22 3 0.0  -1
4500 10 22 4 0.0  -1
4500 10 23 1 0.0  344
4500 10 23 2 0.0  -1
4500 10 23 3 0.0  -1
4500 10 23 4 0.0  -1
4500 10 24 1 0.0  344
4500 10 24 2 0.0  -1
4500 10 24 3 0.0  344
4500 10 24 4 0.0  -1
4500 10 25 1 0.0  344
4500 10 25 2 0.0  -1
4500 10 25 3 0.0  -1
4500 10 25 4 0.0  -1
5000 10 1 1 0.0  -1
5000 10 1 2 0.0  -1
5000 10 1 3 0.0  -1
5000 10 1 4 0.0  344
5000 10 2 1 0.0  344
5000 10 2 2 0.0  -1
5000 10 2 3 0.0  -1
5000 10 2 4 0.0  -1
5000 10 3 1 0.0  344
5000 10 3 2 0.0  -1
5000 10 3 3 0.0  -1
5000 10 3 4 0.0  -1
5000 10 4 1 0.0  -1
5000 10 4 2 0.0  344
5000 10 4 3 0.0  -1
5000 10 4 4 0.0  -1
5000 10 5 1 0.0  -1
5000 10 5 2 0.0  -1
5000 10 5 3 0.0  -1
5000 10 5 4 0.0  -1
5000 10 6 1 0.0  20
5000 10 6 2 0.0  -1
5000 10 6 3 0.0  -1
5000 10 6 4 0.0  344
5000 10 7 1 0.0  344
5000 10 7 2 0.0  -1
5000 10 7 3 0.0  -1
5000 10 7 4 0.0  -1
5000 10 8 1 0.0  344
5000 10 8 2 0.0  -1
5000 10 8 3 0.0  -1
5000 10 8 4 0.0  -1
5000 10 9 1 0.0  344
5000 10 9 2 0.0  -1
5000 10 9 3 0.0  344
5000 10 9 4 0.0  -1
5000 10 10 1 0.0  -1
5000 10 10 2 0.0  344
5000 10 10 3 0.0  -1
5000 10 10 4 0.0  -1
5000 10 11 1 0.0  -1
5000 10 11 2 0.0  344
5000 10 11 3 0.0  -1
5000 10 11 4 0.0  18
5000 10 12 1 0.0  344
5000 10 12 2 0.0  8
5000 10 12 3 0.0  8
5000 10 12 4 0.0  -1
5000 10 13 1 0.0  -1
5000 10 13 2 0.0  -1
5000 10 13 3 0.0  -1
5000 10 13 4 0.0  344
5000 10 14 1 0.0  344
5000 10 14 2 0.0  -1
5000 10 14 3 0.0  -1
5000 10 14 4 0.0  -1
5000 10 15 1 0.0  -1
5000 10 15 2 0.0  344
5000 10 15 3 0.0  -1
5000 10 15 4 0.0  -1
5000 10 16 1 0.0  -1
5000 10 16 2 0.0  15
5000 10 16 3 0.0  -1
5000 10 16 4 0.0  344
5000 10 17 1 0.0  -1
5000 10 17 2 0.0  -1
5000 10 17 3 0.0  -1
5000 10 17 4 0.0  344
5000 10 18 1 0.0  -1
5000 10 18 2 0.0  344
5000 10 18 3 0.0  -1
5000 10 18 4 0.0  -1
5000 10 19 1 0.0  -1
5000 10 19 2 0.0  -1
5000 10 19 3 0.0  344
5000 10 19 4 0.0  -1
5000 10 20 1 0.0  -1
5000 10 20 2 0.0  -1
5000 10 20 3 0.0  -1
5000 10 20 4 0.0  344
5000 10 21 1 0.0  -1
5000 10 21 2 0.0  -1
5000 10 21 3 0.0  344
5000 10 21 4 0.0  -1
5000 10 22 1 0.0  344
5000 10 22 2 0.0  -1
5000 10 22 3 0.0  -1
5000 10 22 4 0.0  -1
5000 10 23 1 0.0  344
5000 10 23 2 0.0  -1
5000 10 23 3 0.0  -1
5000 10 23 4 0.0  344
5000 10 24 1 0.0  344
5000 10 24 2 0.0  344
5000 10 24 3 0.0  -1
5000 10 24 4 0.0  4
5000 10 25 1 0.0  -1
5000 10 25 2 0.0  -1
5000 10 25 3 0.0  344
5000 10 25 4 0.0  344
