1 100 0.0 25 1
2 100 0.0 25 1
3 100 0.0 25 1
4 100 0.0 25 1
5 100 0.0 25 1
6 100 0.0 25 1
7 100 0.0 25 1
8 100 0.0 25 1
9 100 0.0 25 1
10 100 0.0 25 1
11 100 0.0 25 1
12 100 0.0 25 1
13 100 0.0 25 1
14 100 0.0 25 1
15 100 0.0 25 1
16 100 0.0 25 1
17 100 0.0 25 1
18 100 0.0 25 1
19 100 0.0 25 1
20 100 0.0 25 1
21 100 0.0 25 1
22 100 0.0 25 1
23 100 0.0 25 2
24 100 0.0 25 2
25 100 0.0 25 2
26 100 0.0 25 2
27 100 0.0 25 2
28 100 0.0 25 2
29 100 0.0 25 2
30 100 0.0 25 2
31 100 0.0 25 2
32 100 0.0 25 2
33 100 0.0 25 2
34 100 0.0 25 2
35 100 0.0 25 2
36 100 0.0 25 2
37 100 0.0 25 2
38 100 0.0 25 2
39 100 0.0 25 2
40 100 0.0 25 2
41 100 0.0 25 2
42 100 0.0 25 2
43 100 0.0 25 2
44 100 0.0 25 2
45 100 0.0 25 2
46 100 0.0 25 2
47 100 0.0 25 2
48 100 0.0 25 2
49 100 0.0 25 3
50 100 0.0 25 3
51 100 0.0 25 3
52 100 0.0 25 3
53 100 0.0 25 3
54 100 0.0 25 3
55 100 0.0 25 4
56 100 0.0 25 4
57 100 0.0 25 4
58 100 0.0 25 4
59 100 0.0 25 4
60 100 0.0 25 4
61 100 0.0 25 4
62 100 0.0 25 4
63 100 0.0 25 4
64 100 0.0 25 4
65 100 0.0 25 4
66 100 0.0 25 4
67 100 0.0 25 4
68 100 0.0 25 4
69 100 0.0 25 4
70 100 0.0 25 4
71 100 0.0 25 4
72 100 0.0 25 4
73 100 0.0 25 4
74 100 0.0 25 4
75 100 0.0 25 4
76 100 0.0 25 4
77 100 0.0 25 4
78 100 0.0 25 4
79 100 0.0 25 4
80 100 0.0 25 4
81 100 0.0 25 4
82 100 0.0 25 4
83 100 0.0 25 4
84 100 0.0 25 4
85 100 0.0 25 4
86 100 0.0 25 4
87 100 0.0 25 4
88 100 0.0 25 4
89 100 0.0 25 4
90 100 0.0 25 4
91 100 0.0 25 4
92 100 0.0 25 4
93 100 0.0 25 4
94 100 0.0 25 4
95 100 0.0 25 4
96 100 0.0 25 4
97 100 0.0 25 4
98 100 0.0 25 4
99 100 0.0 25 4
100 100 0.0 25 4
101 100 0.0 25 4
102 100 0.0 25 4
103 100 0.0 25 4
104 100 0.0 25 4
105 100 0.0 25 4
106 100 0.0 25 4
107 100 0.0 25 4
108 100 0.0 25 4
109 100 0.0 25 4
110 100 0.0 25 4
111 100 0.0 25 4
112 100 0.0 25 5
113 100 0.0 25 5
114 100 0.0 25 5
115 100 0.0 25 5
116 100 0.0 25 5
117 100 0.0 25 5
118 100 0.0 25 7
119 100 0.0 25 7
120 100 0.0 25 7
121 100 0.0 25 7
122 100 0.0 25 7
123 100 0.0 25 7
124 100 0.0 25 7
125 100 0.0 25 7
126 100 0.0 25 7
127 100 0.0 25 7
128 100 0.0 25 7
129 100 0.0 25 7
130 100 0.0 25 8
131 100 0.0 25 8
132 100 0.0 25 8
133 100 0.0 25 8
134 100 0.0 25 8
135 100 0.0 25 8
136 100 0.0 25 8
137 100 0.0 25 8
138 100 0.0 25 8
139 100 0.0 25 8
140 100 0.0 25 8
141 100 0.0 25 8
142 100 0.0 25 8
143 100 0.0 25 8
144 100 0.0 25 8
145 100 0.0 25 8
146 100 0.0 25 8
147 100 0.0 25 8
148 100 0.0 25 8
149 100 0.0 25 8
150 100 0.0 25 8
151 100 0.0 25 8
152 100 0.0 25 8
153 100 0.0 25 8
154 100 0.0 25 8
155 100 0.0 25 8
156 100 0.0 25 8
157 100 0.0 25 8
158 100 0.0 25 8
159 100 0.0 25 8
160 100 0.0 25 8
161 100 0.0 25 8
162 100 0.0 25 8
163 100 0.0 25 8
164 100 0.0 25 8
165 100 0.0 25 8
166 100 0.0 25 8
167 100 0.0 25 8
168 100 0.0 25 8
169 100 0.0 25 8
170 100 0.0 25 8
171 100 0.0 25 8
172 100 0.0 25 8
173 100 0.0 25 8
174 100 0.0 25 8
175 100 0.0 25 8
176 100 0.0 25 8
177 100 0.0 25 8
178 100 0.0 25 8
179 100 0.0 25 8
180 100 0.0 25 8
181 100 0.0 25 8
182 100 0.0 25 8
183 100 0.0 25 8
184 100 0.0 25 8
185 100 0.0 25 8
186 100 0.0 25 8
187 100 0.0 25 8
188 100 0.0 25 8
189 100 0.0 25 8
190 100 0.0 25 8
191 100 0.0 25 8
192 100 0.0 25 8
193 100 0.0 25 8
194 100 0.0 25 8
195 100 0.0 25 8
196 100 0.0 25 8
197 100 0.0 25 8
198 100 0.0 25 8
199 100 0.0 25 8
200 100 0.0 25 8
201 100 0.0 25 8
202 100 0.0 25 8
203 100 0.0 25 8
204 100 0.0 25 9
205 100 0.0 25 9
206 100 0.0 25 9
207 100 0.0 25 9
208 100 0.0 25 9
209 100 0.0 25 9
210 100 0.0 25 9
211 100 0.0 25 9
212 100 0.0 25 9
213 100 0.0 25 9
214 100 0.0 25 9
215 100 0.0 25 9
216 100 0.0 25 9
217 100 0.0 25 9
218 100 0.0 25 9
219 100 0.0 25 9
220 100 0.0 25 9
221 100 0.0 25 9
222 100 0.0 25 9
223 100 0.0 25 9
224 100 0.0 25 9
225 100 0.0 25 9
226 100 0.0 25 9
227 100 0.0 25 9
228 100 0.0 25 9
229 100 0.0 25 9
230 100 0.0 25 9
231 100 0.0 25 9
232 100 0.0 25 9
233 100 0.0 25 9
234 100 0.0 25 9
235 100 0.0 25 9
236 100 0.0 25 9
237 100 0.0 25 9
238 100 0.0 25 9
239 100 0.0 25 9
240 100 0.0 25 9
241 100 0.0 25 9
242 100 0.0 25 9
243 100 0.0 25 9
244 100 0.0 25 9
245 100 0.0 25 9
246 100 0.0 25 9
247 100 0.0 25 9
248 100 0.0 25 9
249 100 0.0 25 9
250 100 0.0 25 9
251 100 0.0 25 9
252 100 0.0 25 9
253 100 0.0 25 9
254 100 0.0 25 9
255 100 0.0 25 9
256 100 0.0 25 9
257 100 0.0 25 9
258 100 0.0 25 9
259 100 0.0 25 9
260 100 0.0 25 9
261 100 0.0 25 9
262 100 0.0 25 9
263 100 0.0 25 9
264 100 0.0 25 9
265 100 0.0 25 9
266 100 0.0 25 9
267 100 0.0 25 9
268 100 0.0 25 9
269 100 0.0 25 9
270 100 0.0 25 9
271 100 0.0 25 9
272 100 0.0 25 9
273 100 0.0 25 9
274 100 0.0 25 9
275 100 0.0 25 9
276 100 0.0 25 9
277 100 0.0 25 9
278 100 0.0 25 9
279 100 0.0 25 9
280 100 0.0 25 9
281 100 0.0 25 9
282 100 0.0 25 9
283 100 0.0 25 9
284 100 0.0 25 9
285 100 0.0 25 9
286 100 0.0 25 9
287 100 0.0 25 9
288 100 0.0 25 9
289 100 0.0 25 9
290 100 0.0 25 9
291 100 0.0 25 9
292 100 0.0 25 9
293 100 0.0 25 9
294 100 0.0 25 9
295 100 0.0 25 9
296 100 0.0 25 9
297 100 0.0 25 9
298 100 0.0 25 9
299 100 0.0 25 9
300 100 0.0 25 9
301 100 0.0 25 9
302 100 0.0 25 9
303 100 0.0 25 9
304 100 0.0 25 9
305 100 0.0 25 9
306 100 0.0 25 9
307 100 0.0 25 9
308 100 0.0 25 9
309 100 0.0 25 9
310 100 0.0 25 9
311 100 0.0 25 9
312 100 0.0 25 9
313 100 0.0 25 9
314 100 0.0 25 9
315 100 0.0 25 9
316 100 0.0 25 9
317 100 0.0 25 9
318 100 0.0 25 9
319 100 0.0 25 9
320 100 0.0 25 9
321 100 0.0 25 9
322 100 0.0 25 9
323 100 0.0 25 9
324 100 0.0 25 9
325 100 0.0 25 9
326 100 0.0 25 9
327 100 0.0 25 9
328 100 0.0 25 9
329 100 0.0 25 9
330 100 0.0 25 9
331 100 0.0 25 9
332 100 0.0 25 9
333 100 0.0 25 9
334 100 0.0 25 9
335 100 0.0 25 9
336 100 0.0 25 9
337 100 0.0 25 9
338 100 0.0 25 9
339 100 0.0 25 9
340 100 0.0 25 9
341 100 0.0 25 9
342 100 0.0 25 9
343 100 0.0 25 9
344 100 0.0 25 9
345 100 0.0 25 9
346 100 0.0 25 9
347 100 0.0 25 9
348 100 0.0 25 9
349 100 0.0 25 9
350 100 0.0 25 9
351 100 0.0 25 9
352 100 0.0 25 9
353 100 0.0 25 9
354 100 0.0 25 9
355 100 0.0 25 9
356 100 0.0 25 9
357 100 0.0 25 9
358 100 0.0 25 9
359 100 0.0 25 9
360 100 0.0 25 9
361 100 0.0 25 9
362 100 0.0 25 9
363 100 0.0 25 9
364 100 0.0 25 9
365 100 0.0 25 9
366 100 0.0 25 9
367 100 0.0 25 9
368 100 0.0 25 9
369 100 0.0 25 9
370 100 0.0 25 9
371 100 0.0 25 9
372 100 0.0 25 9
373 100 0.0 25 9
374 100 0.0 25 9
375 100 0.0 25 9
376 100 0.0 25 9
377 100 0.0 25 9
378 100 0.0 25 9
379 100 0.0 25 9
380 100 0.0 25 9
381 100 0.0 25 9
382 100 0.0 25 9
383 100 0.0 25 9
384 100 0.0 25 9
385 100 0.0 25 9
386 100 0.0 25 9
387 100 0.0 25 9
388 100 0.0 25 9
389 100 0.0 25 9
390 100 0.0 25 9
391 100 0.0 25 9
392 100 0.0 25 9
393 100 0.0 25 9
394 100 0.0 25 9
395 100 0.0 25 9
396 100 0.0 25 9
397 100 0.0 25 9
398 100 0.0 25 9
399 100 0.0 25 9
400 100 0.0 25 9
401 100 0.0 25 9
402 100 0.0 25 9
403 100 0.0 25 9
404 100 0.0 25 9
405 100 0.0 25 9
406 100 0.0 25 9
407 100 0.0 25 9
408 100 0.0 25 9
409 100 0.0 25 9
410 100 0.0 25 9
411 100 0.0 25 9
412 100 0.0 25 9
413 100 0.0 25 9
414 100 0.0 25 9
415 100 0.0 25 9
416 100 0.0 25 9
417 100 0.0 25 9
418 100 0.0 25 9
419 100 0.0 25 9
420 100 0.0 25 9
421 100 0.0 25 9
422 100 0.0 25 9
423 100 0.0 25 9
424 100 0.0 25 9
425 100 0.0 25 9
426 100 0.0 25 9
427 100 0.0 25 9
428 100 0.0 25 9
429 100 0.0 25 9
430 100 0.0 25 9
431 100 0.0 25 9
432 100 0.0 25 9
433 100 0.0 25 9
434 100 0.0 25 9
435 100 0.0 25 9
436 100 0.0 25 9
437 100 0.0 25 9
438 100 0.0 25 9
439 100 0.0 25 9
440 100 0.0 25 9
441 100 0.0 25 9
442 100 0.0 25 9
443 100 0.0 25 9
444 100 0.0 25 9
445 100 0.0 25 9
446 100 0.0 25 9
447 100 0.0 25 9
448 100 0.0 25 9
449 100 0.0 25 9
450 100 0.0 25 9
451 100 0.0 25 9
452 100 0.0 25 9
453 100 0.0 25 9
454 100 0.0 25 9
455 100 0.0 25 9
456 100 0.0 25 9
457 100 0.0 25 9
458 100 0.0 25 9
459 100 0.0 25 9
460 100 0.0 25 9
461 100 0.0 25 9
462 100 0.0 25 9
463 100 0.0 25 9
464 100 0.0 25 9
465 100 0.0 25 9
466 100 0.0 25 9
467 100 0.0 25 9
468 100 0.0 25 9
469 100 0.0 25 9
470 100 0.0 25 9
471 100 0.0 25 9
472 100 0.0 25 9
473 100 0.0 25 9
474 100 0.0 25 9
475 100 0.0 25 9
476 100 0.0 25 9
477 100 0.0 25 9
478 100 0.0 25 9
479 100 0.0 25 9
480 100 0.0 25 9
481 100 0.0 25 9
482 100 0.0 25 9
483 100 0.0 25 9
484 100 0.0 25 9
485 100 0.0 25 9
486 100 0.0 25 9
487 100 0.0 25 9
488 100 0.0 25 9
489 100 0.0 25 9
490 100 0.0 25 9
491 100 0.0 25 9
492 100 0.0 25 9
493 100 0.0 25 9
494 100 0.0 25 9
495 100 0.0 25 9
496 100 0.0 25 9
497 100 0.0 25 9
498 100 0.0 25 9
499 100 0.0 25 9
500 100 0.0 25 9
501 100 0.0 25 9
502 100 0.0 25 9
503 100 0.0 25 9
504 100 0.0 25 9
505 100 0.0 25 9
506 100 0.0 25 9
507 100 0.0 25 9
508 100 0.0 25 9
509 100 0.0 25 9
510 100 0.0 25 9
511 100 0.0 25 9
512 100 0.0 25 9
513 100 0.0 25 9
514 100 0.0 25 9
515 100 0.0 25 9
516 100 0.0 25 9
517 100 0.0 25 9
518 100 0.0 25 9
519 100 0.0 25 9
520 100 0.0 25 9
521 100 0.0 25 9
522 100 0.0 25 9
523 100 0.0 25 9
524 100 0.0 25 9
525 100 0.0 25 9
526 100 0.0 25 9
527 100 0.0 25 9
528 100 0.0 25 9
529 100 0.0 25 9
530 100 0.0 25 9
531 100 0.0 25 9
532 100 0.0 25 9
533 100 0.0 25 9
534 100 0.0 25 9
535 100 0.0 25 9
536 100 0.0 25 9
537 100 0.0 25 9
538 100 0.0 25 9
539 100 0.0 25 9
540 100 0.0 25 9
541 100 0.0 25 9
542 100 0.0 25 9
543 100 0.0 25 9
544 100 0.0 25 9
545 100 0.0 25 9
546 100 0.0 25 9
547 100 0.0 25 9
548 100 0.0 25 9
549 100 0.0 25 9
550 100 0.0 25 9
551 100 0.0 25 9
552 100 0.0 25 9
553 100 0.0 25 9
554 100 0.0 25 9
555 100 0.0 25 9
556 100 0.0 25 9
557 100 0.0 25 9
558 100 0.0 25 9
559 100 0.0 25 9
560 100 0.0 25 9
561 100 0.0 25 9
562 100 0.0 25 9
563 100 0.0 25 9
564 100 0.0 25 9
565 100 0.0 25 9
566 100 0.0 25 9
567 100 0.0 25 9
568 100 0.0 25 9
569 100 0.0 25 9
570 100 0.0 25 9
571 100 0.0 25 9
572 100 0.0 25 9
573 100 0.0 25 9
574 100 0.0 25 9
575 100 0.0 25 9
576 100 0.0 25 9
577 100 0.0 25 9
578 100 0.0 25 9
579 100 0.0 25 9
580 100 0.0 25 9
581 100 0.0 25 9
582 100 0.0 25 9
583 100 0.0 25 9
584 100 0.0 25 9
585 100 0.0 25 9
586 100 0.0 25 9
587 100 0.0 25 9
588 100 0.0 25 9
589 100 0.0 25 9
590 100 0.0 25 9
591 100 0.0 25 9
592 100 0.0 25 9
593 100 0.0 25 9
594 100 0.0 25 9
595 100 0.0 25 9
596 100 0.0 25 9
597 100 0.0 25 9
598 100 0.0 25 9
599 100 0.0 25 9
600 100 0.0 25 9
601 100 0.0 25 9
602 100 0.0 25 9
603 100 0.0 25 9
604 100 0.0 25 9
605 100 0.0 25 9
606 100 0.0 25 9
607 100 0.0 25 9
608 100 0.0 25 9
609 100 0.0 25 9
610 100 0.0 25 9
611 100 0.0 25 9
612 100 0.0 25 9
613 100 0.0 25 9
614 100 0.0 25 9
615 100 0.0 25 9
616 100 0.0 25 9
617 100 0.0 25 9
618 100 0.0 25 9
619 100 0.0 25 9
620 100 0.0 25 9
621 100 0.0 25 9
622 100 0.0 25 9
623 100 0.0 25 9
624 100 0.0 25 9
625 100 0.0 25 9
626 100 0.0 25 9
627 100 0.0 25 9
628 100 0.0 25 9
629 100 0.0 25 9
630 100 0.0 25 9
631 100 0.0 25 9
632 100 0.0 25 9
633 100 0.0 25 9
634 100 0.0 25 9
635 100 0.0 25 9
636 100 0.0 25 9
637 100 0.0 25 9
638 100 0.0 25 9
639 100 0.0 25 9
640 100 0.0 25 9
641 100 0.0 25 9
642 100 0.0 25 9
643 100 0.0 25 9
644 100 0.0 25 9
645 100 0.0 25 9
646 100 0.0 25 9
647 100 0.0 25 9
648 100 0.0 25 9
649 100 0.0 25 9
650 100 0.0 25 9
651 100 0.0 25 9
652 100 0.0 25 9
653 100 0.0 25 9
654 100 0.0 25 9
655 100 0.0 25 9
656 100 0.0 25 9
657 100 0.0 25 9
658 100 0.0 25 9
659 100 0.0 25 9
660 100 0.0 25 9
661 100 0.0 25 9
662 100 0.0 25 9
663 100 0.0 25 9
664 100 0.0 25 9
665 100 0.0 25 9
666 100 0.0 25 9
667 100 0.0 25 9
668 100 0.0 25 9
669 100 0.0 25 9
670 100 0.0 25 9
671 100 0.0 25 9
672 100 0.0 25 9
673 100 0.0 25 9
674 100 0.0 25 9
675 100 0.0 25 9
676 100 0.0 25 9
677 100 0.0 25 9
678 100 0.0 25 9
679 100 0.0 25 9
680 100 0.0 25 9
681 100 0.0 25 9
682 100 0.0 25 9
683 100 0.0 25 9
684 100 0.0 25 9
685 100 0.0 25 9
686 100 0.0 25 9
687 100 0.0 25 9
688 100 0.0 25 9
689 100 0.0 25 9
690 100 0.0 25 9
691 100 0.0 25 9
692 100 0.0 25 9
693 100 0.0 25 9
694 100 0.0 25 9
695 100 0.0 25 9
696 100 0.0 25 9
697 100 0.0 25 9
698 100 0.0 25 9
699 100 0.0 25 9
700 100 0.0 25 9
701 100 0.0 25 9
702 100 0.0 25 9
703 100 0.0 25 9
704 100 0.0 25 9
705 100 0.0 25 9
706 100 0.0 25 9
707 100 0.0 25 9
708 100 0.0 25 9
709 100 0.0 25 9
710 100 0.0 25 9
711 100 0.0 25 9
712 100 0.0 25 9
713 100 0.0 25 9
714 100 0.0 25 9
715 100 0.0 25 9
716 100 0.0 25 9
717 100 0.0 25 9
718 100 0.0 25 9
719 100 0.0 25 9
720 100 0.0 25 11
721 100 0.0 25 11
722 100 0.0 25 11
723 100 0.0 25 11
724 100 0.0 25 11
725 100 0.0 25 11
726 100 0.0 25 11
727 100 0.0 25 11
728 100 0.0 25 11
729 100 0.0 25 11
730 100 0.0 25 11
731 100 0.0 25 11
732 100 0.0 25 11
733 100 0.0 25 11
734 100 0.0 25 16
735 100 0.0 25 16
736 100 0.0 25 16
737 100 0.0 25 16
738 100 0.0 25 16
739 100 0.0 25 16
740 100 0.0 25 16
741 100 0.0 25 16
742 100 0.0 25 16
743 100 0.0 25 16
744 100 0.0 25 16
745 100 0.0 25 16
746 100 0.0 25 16
747 100 0.0 25 16
748 100 0.0 25 16
749 100 0.0 25 16
750 100 0.0 25 16
751 100 0.0 25 16
752 100 0.0 25 16
753 100 0.0 25 16
754 100 0.0 25 16
755 100 0.0 25 16
756 100 0.0 25 16
757 100 0.0 25 16
758 100 0.0 25 16
759 100 0.0 25 16
760 100 0.0 25 16
761 100 0.0 25 16
762 100 0.0 25 16
763 100 0.0 25 16
764 100 0.0 25 16
765 100 0.0 25 16
766 100 0.0 25 16
767 100 0.0 25 16
768 100 0.0 25 16
769 100 0.0 25 16
770 100 0.0 25 16
771 100 0.0 25 17
772 100 0.0 25 17
773 100 0.0 25 17
774 100 0.0 25 17
775 100 0.0 25 17
776 100 0.0 25 17
777 100 0.0 25 17
778 100 0.0 25 17
779 100 0.0 25 17
780 100 0.0 25 17
781 100 0.0 25 17
782 100 0.0 25 17
783 100 0.0 25 17
784 100 0.0 25 17
785 100 0.0 25 17
786 100 0.0 25 17
787 100 0.0 25 17
788 100 0.0 25 17
789 100 0.0 25 17
790 100 0.0 25 17
791 100 0.0 25 17
792 100 0.0 25 17
793 100 0.0 25 17
794 100 0.0 25 17
795 100 0.0 25 17
796 100 0.0 25 17
797 100 0.0 25 17
798 100 0.0 25 17
799 100 0.0 25 17
800 100 0.0 25 17
801 100 0.0 25 17
802 100 0.0 25 17
803 100 0.0 25 17
804 100 0.0 25 17
805 100 0.0 25 17
806 100 0.0 25 17
807 100 0.0 25 17
808 100 0.0 25 17
809 100 0.0 25 17
810 100 0.0 25 17
811 100 0.0 25 17
812 100 0.0 25 17
813 100 0.0 25 17
814 100 0.0 25 17
815 100 0.0 25 17
816 100 0.0 25 17
817 100 0.0 25 18
818 100 0.0 25 18
819 100 0.0 25 18
820 100 0.0 25 18
821 100 0.0 25 18
822 100 0.0 25 18
823 100 0.0 25 18
824 100 0.0 25 18
825 100 0.0 25 18
826 100 0.0 25 18
827 100 0.0 25 18
828 100 0.0 25 18
829 100 0.0 25 18
830 100 0.0 25 18
831 100 0.0 25 18
832 100 0.0 25 18
833 100 0.0 25 18
834 100 0.0 25 18
835 100 0.0 25 18
836 100 0.0 25 18
837 100 0.0 25 18
838 100 0.0 25 18
839 100 0.0 25 18
840 100 0.0 25 18
841 100 0.0 25 18
842 100 0.0 25 18
843 100 0.0 25 18
844 100 0.0 25 18
845 100 0.0 25 18
846 100 0.0 25 18
847 100 0.0 25 18
848 100 0.0 25 18
849 100 0.0 25 18
850 100 0.0 25 18
851 100 0.0 25 18
852 100 0.0 25 18
853 100 0.0 25 18
854 100 0.0 25 18
855 100 0.0 25 18
856 100 0.0 25 18
857 100 0.0 25 18
858 100 0.0 25 18
859 100 0.0 25 18
860 100 0.0 25 18
861 100 0.0 25 18
862 100 0.0 25 18
863 100 0.0 25 18
864 100 0.0 25 18
865 100 0.0 25 18
866 100 0.0 25 18
867 100 0.0 25 18
868 100 0.0 25 18
869 100 0.0 25 18
870 100 0.0 25 18
871 100 0.0 25 18
872 100 0.0 25 18
873 100 0.0 25 18
874 100 0.0 25 18
875 100 0.0 25 18
876 100 0.0 25 18
877 100 0.0 25 18
878 100 0.0 25 18
879 100 0.0 25 18
880 100 0.0 25 18
881 100 0.0 25 18
882 100 0.0 25 18
883 100 0.0 25 18
884 100 0.0 25 18
885 100 0.0 25 18
886 100 0.0 25 18
887 100 0.0 25 18
888 100 0.0 25 18
889 100 0.0 25 18
890 100 0.0 25 18
891 100 0.0 25 18
892 100 0.0 25 18
893 100 0.0 25 18
894 100 0.0 25 18
895 100 0.0 25 18
896 100 0.0 25 18
897 100 0.0 25 18
898 100 0.0 25 18
899 100 0.0 25 18
900 100 0.0 25 18
901 100 0.0 25 18
902 100 0.0 25 18
903 100 0.0 25 18
904 100 0.0 25 18
905 100 0.0 25 18
906 100 0.0 25 18
907 100 0.0 25 18
908 100 0.0 25 18
909 100 0.0 25 18
910 100 0.0 25 18
911 100 0.0 25 18
912 100 0.0 25 18
913 100 0.0 25 18
914 100 0.0 25 18
915 100 0.0 25 18
916 100 0.0 25 18
917 100 0.0 25 18
918 100 0.0 25 18
919 100 0.0 25 18
920 100 0.0 25 18
921 100 0.0 25 18
922 100 0.0 25 18
923 100 0.0 25 18
924 100 0.0 25 18
925 100 0.0 25 18
926 100 0.0 25 18
927 100 0.0 25 18
928 100 0.0 25 18
929 100 0.0 25 18
930 100 0.0 25 18
931 100 0.0 25 18
932 100 0.0 25 18
933 100 0.0 25 18
934 100 0.0 25 18
935 100 0.0 25 18
936 100 0.0 25 18
937 100 0.0 25 18
938 100 0.0 25 18
939 100 0.0 25 18
940 100 0.0 25 18
941 100 0.0 25 18
942 100 0.0 25 18
943 100 0.0 25 18
944 100 0.0 25 18
945 100 0.0 25 18
946 100 0.0 25 18
947 100 0.0 25 18
948 100 0.0 25 18
949 100 0.0 25 18
950 100 0.0 25 18
951 100 0.0 25 18
952 100 0.0 25 18
953 100 0.0 25 18
954 100 0.0 25 18
955 100 0.0 25 18
956 100 0.0 25 18
957 100 0.0 25 18
958 100 0.0 25 18
959 100 0.0 25 18
960 100 0.0 25 18
961 100 0.0 25 18
962 100 0.0 25 18
963 100 0.0 25 18
964 100 0.0 25 18
965 100 0.0 25 18
966 100 0.0 25 18
967 100 0.0 25 18
968 100 0.0 25 18
969 100 0.0 25 18
970 100 0.0 25 18
971 100 0.0 25 18
972 100 0.0 25 18
973 100 0.0 25 18
974 100 0.0 25 18
975 100 0.0 25 18
976 100 0.0 25 18
977 100 0.0 25 18
978 100 0.0 25 18
979 100 0.0 25 18
980 100 0.0 25 18
981 100 0.0 25 18
982 100 0.0 25 18
983 100 0.0 25 18
984 100 0.0 25 18
985 100 0.0 25 18
986 100 0.0 25 18
987 100 0.0 25 18
988 100 0.0 25 18
989 100 0.0 25 18
990 100 0.0 25 18
991 100 0.0 25 18
992 100 0.0 25 18
993 100 0.0 25 18
994 100 0.0 25 18
995 100 0.0 25 18
996 100 0.0 25 18
997 100 0.0 25 18
998 100 0.0 25 18
999 100 0.0 25 18
1000 100 0.0 25 18
1001 100 0.0 25 18
1002 100 0.0 25 18
1003 100 0.0 25 18
1004 100 0.0 25 18
1005 100 0.0 25 18
1006 100 0.0 25 18
1007 100 0.0 25 18
1008 100 0.0 25 18
1009 100 0.0 25 18
1010 100 0.0 25 18
1011 100 0.0 25 18
1012 100 0.0 25 18
1013 100 0.0 25 18
1014 100 0.0 25 18
1015 100 0.0 25 18
1016 100 0.0 25 18
1017 100 0.0 25 18
1018 100 0.0 25 18
1019 100 0.0 25 18
1020 100 0.0 25 18
1021 100 0.0 25 18
1022 100 0.0 25 18
1023 100 0.0 25 18
1024 100 0.0 25 18
1025 100 0.0 25 18
1026 100 0.0 25 18
1027 100 0.0 25 18
1028 100 0.0 25 18
1029 100 0.0 25 18
1030 100 0.0 25 18
1031 100 0.0 25 18
1032 100 0.0 25 18
1033 100 0.0 25 18
1034 100 0.0 25 18
1035 100 0.0 25 18
1036 100 0.0 25 18
1037 100 0.0 25 18
1038 100 0.0 25 18
1039 100 0.0 25 18
1040 100 0.0 25 18
1041 100 0.0 25 18
1042 100 0.0 25 18
1043 100 0.0 25 18
1044 100 0.0 25 18
1045 100 0.0 25 18
1046 100 0.0 25 18
1047 100 0.0 25 18
1048 100 0.0 25 18
1049 100 0.0 25 18
1050 100 0.0 25 18
1051 100 0.0 25 18
1052 100 0.0 25 18
1053 100 0.0 25 18
1054 100 0.0 25 18
1055 100 0.0 25 18
1056 100 0.0 25 18
1057 100 0.0 25 18
1058 100 0.0 25 18
1059 100 0.0 25 18
1060 100 0.0 25 18
1061 100 0.0 25 18
1062 100 0.0 25 18
1063 100 0.0 25 18
1064 100 0.0 25 18
1065 100 0.0 25 18
1066 100 0.0 25 18
1067 100 0.0 25 18
1068 100 0.0 25 18
1069 100 0.0 25 18
1070 100 0.0 25 18
1071 100 0.0 25 18
1072 100 0.0 25 18
1073 100 0.0 25 18
1074 100 0.0 25 18
1075 100 0.0 25 18
1076 100 0.0 25 18
1077 100 0.0 25 18
1078 100 0.0 25 18
1079 100 0.0 25 18
1080 100 0.0 25 18
1081 100 0.0 25 18
1082 100 0.0 25 18
1083 100 0.0 25 18
1084 100 0.0 25 18
1085 100 0.0 25 18
1086 100 0.0 25 18
1087 100 0.0 25 18
1088 100 0.0 25 18
1089 100 0.0 25 18
1090 100 0.0 25 18
1091 100 0.0 25 18
1092 100 0.0 25 18
1093 100 0.0 25 18
1094 100 0.0 25 18
1095 100 0.0 25 18
1096 100 0.0 25 18
1097 100 0.0 25 18
1098 100 0.0 25 18
1099 100 0.0 25 18
1100 100 0.0 25 18
1101 100 0.0 25 18
1102 100 0.0 25 18
1103 100 0.0 25 18
1104 100 0.0 25 18
1105 100 0.0 25 18
1106 100 0.0 25 18
1107 100 0.0 25 18
1108 100 0.0 25 18
1109 100 0.0 25 18
1110 100 0.0 25 18
1111 100 0.0 25 18
1112 100 0.0 25 18
1113 100 0.0 25 18
1114 100 0.0 25 18
1115 100 0.0 25 18
1116 100 0.0 25 18
1117 100 0.0 25 18
1118 100 0.0 25 18
1119 100 0.0 25 18
1120 100 0.0 25 18
1121 100 0.0 25 18
1122 100 0.0 25 18
1123 100 0.0 25 18
1124 100 0.0 25 18
1125 100 0.0 25 18
1126 100 0.0 25 18
1127 100 0.0 25 18
1128 100 0.0 25 18
1129 100 0.0 25 18
1130 100 0.0 25 18
1131 100 0.0 25 18
1132 100 0.0 25 18
1133 100 0.0 25 18
1134 100 0.0 25 18
1135 100 0.0 25 18
1136 100 0.0 25 18
1137 100 0.0 25 18
1138 100 0.0 25 18
1139 100 0.0 25 18
1140 100 0.0 25 18
1141 100 0.0 25 18
1142 100 0.0 25 18
1143 100 0.0 25 18
1144 100 0.0 25 18
1145 100 0.0 25 18
1146 100 0.0 25 18
1147 100 0.0 25 18
1148 100 0.0 25 18
1149 100 0.0 25 18
1150 100 0.0 25 18
1151 100 0.0 25 18
1152 100 0.0 25 18
1153 100 0.0 25 18
1154 100 0.0 25 18
1155 100 0.0 25 18
1156 100 0.0 25 18
1157 100 0.0 25 18
1158 100 0.0 25 18
1159 100 0.0 25 18
1160 100 0.0 25 18
1161 100 0.0 25 18
1162 100 0.0 25 18
1163 100 0.0 25 18
1164 100 0.0 25 18
1165 100 0.0 25 18
1166 100 0.0 25 18
1167 100 0.0 25 18
1168 100 0.0 25 18
1169 100 0.0 25 18
1170 100 0.0 25 18
1171 100 0.0 25 18
1172 100 0.0 25 18
1173 100 0.0 25 18
1174 100 0.0 25 18
1175 100 0.0 25 18
1176 100 0.0 25 18
1177 100 0.0 25 18
1178 100 0.0 25 18
1179 100 0.0 25 18
1180 100 0.0 25 18
1181 100 0.0 25 18
1182 100 0.0 25 18
1183 100 0.0 25 18
1184 100 0.0 25 18
1185 100 0.0 25 18
1186 100 0.0 25 18
1187 100 0.0 25 18
1188 100 0.0 25 18
1189 100 0.0 25 18
1190 100 0.0 25 18
1191 100 0.0 25 18
1192 100 0.0 25 18
1193 100 0.0 25 18
1194 100 0.0 25 18
1195 100 0.0 25 18
1196 100 0.0 25 18
1197 100 0.0 25 18
1198 100 0.0 25 18
1199 100 0.0 25 18
1200 100 0.0 25 18
1201 100 0.0 25 18
1202 100 0.0 25 18
1203 100 0.0 25 18
1204 100 0.0 25 18
1205 100 0.0 25 18
1206 100 0.0 25 18
1207 100 0.0 25 18
1208 100 0.0 25 18
1209 100 0.0 25 18
1210 100 0.0 25 18
1211 100 0.0 25 18
1212 100 0.0 25 18
1213 100 0.0 25 18
1214 100 0.0 25 18
1215 100 0.0 25 18
1216 100 0.0 25 18
1217 100 0.0 25 18
1218 100 0.0 25 18
1219 100 0.0 25 18
1220 100 0.0 25 18
1221 100 0.0 25 18
1222 100 0.0 25 18
1223 100 0.0 25 18
1224 100 0.0 25 18
1225 100 0.0 25 18
1226 100 0.0 25 18
1227 100 0.0 25 18
1228 100 0.0 25 18
1229 100 0.0 25 18
1230 100 0.0 25 18
1231 100 0.0 25 18
1232 100 0.0 25 18
1233 100 0.0 25 18
1234 100 0.0 25 18
1235 100 0.0 25 18
1236 100 0.0 25 18
1237 100 0.0 25 18
1238 100 0.0 25 18
1239 100 0.0 25 18
1240 100 0.0 25 18
1241 100 0.0 25 18
1242 100 0.0 25 18
1243 100 0.0 25 18
1244 100 0.0 25 18
1245 100 0.0 25 18
1246 100 0.0 25 18
1247 100 0.0 25 18
1248 100 0.0 25 18
1249 100 0.0 25 18
1250 100 0.0 25 18
1251 100 0.0 25 18
1252 100 0.0 25 18
1253 100 0.0 25 18
1254 100 0.0 25 18
1255 100 0.0 25 18
1256 100 0.0 25 18
1257 100 0.0 25 18
1258 100 0.0 25 18
1259 100 0.0 25 18
1260 100 0.0 25 18
1261 100 0.0 25 18
1262 100 0.0 25 18
1263 100 0.0 25 18
1264 100 0.0 25 18
1265 100 0.0 25 18
1266 100 0.0 25 18
1267 100 0.0 25 18
1268 100 0.0 25 18
1269 100 0.0 25 18
1270 100 0.0 25 18
1271 100 0.0 25 18
1272 100 0.0 25 18
1273 100 0.0 25 18
1274 100 0.0 25 18
1275 100 0.0 25 18
1276 100 0.0 25 18
1277 100 0.0 25 18
1278 100 0.0 25 18
1279 100 0.0 25 18
1280 100 0.0 25 18
1281 100 0.0 25 18
1282 100 0.0 25 18
1283 100 0.0 25 18
1284 100 0.0 25 18
1285 100 0.0 25 18
1286 100 0.0 25 18
1287 100 0.0 25 18
1288 100 0.0 25 18
1289 100 0.0 25 18
1290 100 0.0 25 18
1291 100 0.0 25 18
1292 100 0.0 25 18
1293 100 0.0 25 18
1294 100 0.0 25 18
1295 100 0.0 25 18
1296 100 0.0 25 18
1297 100 0.0 25 18
1298 100 0.0 25 18
1299 100 0.0 25 18
1300 100 0.0 25 18
1301 100 0.0 25 18
1302 100 0.0 25 18
1303 100 0.0 25 18
1304 100 0.0 25 18
1305 100 0.0 25 18
1306 100 0.0 25 18
1307 100 0.0 25 18
1308 100 0.0 25 18
1309 100 0.0 25 18
1310 100 0.0 25 18
1311 100 0.0 25 18
1312 100 0.0 25 18
1313 100 0.0 25 18
1314 100 0.0 25 18
1315 100 0.0 25 18
1316 100 0.0 25 18
1317 100 0.0 25 18
1318 100 0.0 25 18
1319 100 0.0 25 18
1320 100 0.0 25 18
1321 100 0.0 25 18
1322 100 0.0 25 18
1323 100 0.0 25 18
1324 100 0.0 25 18
1325 100 0.0 25 18
1326 100 0.0 25 18
1327 100 0.0 25 18
1328 100 0.0 25 18
1329 100 0.0 25 18
1330 100 0.0 25 18
1331 100 0.0 25 18
1332 100 0.0 25 18
1333 100 0.0 25 18
1334 100 0.0 25 18
1335 100 0.0 25 18
1336 100 0.0 25 18
1337 100 0.0 25 18
1338 100 0.0 25 18
1339 100 0.0 25 18
1340 100 0.0 25 18
1341 100 0.0 25 18
1342 100 0.0 25 18
1343 100 0.0 25 18
1344 100 0.0 25 18
1345 100 0.0 25 18
1346 100 0.0 25 18
1347 100 0.0 25 18
1348 100 0.0 25 18
1349 100 0.0 25 18
1350 100 0.0 25 18
1351 100 0.0 25 18
1352 100 0.0 25 18
1353 100 0.0 25 18
1354 100 0.0 25 18
1355 100 0.0 25 18
1356 100 0.0 25 18
1357 100 0.0 25 18
1358 100 0.0 25 18
1359 100 0.0 25 18
1360 100 0.0 25 18
1361 100 0.0 25 18
1362 100 0.0 25 18
1363 100 0.0 25 18
1364 100 0.0 25 18
1365 100 0.0 25 18
1366 100 0.0 25 18
1367 100 0.0 25 18
1368 100 0.0 25 18
1369 100 0.0 25 18
1370 100 0.0 25 18
1371 100 0.0 25 18
1372 100 0.0 25 18
1373 100 0.0 25 18
1374 100 0.0 25 18
1375 100 0.0 25 18
1376 100 0.0 25 18
1377 100 0.0 25 18
1378 100 0.0 25 18
1379 100 0.0 25 18
1380 100 0.0 25 18
1381 100 0.0 25 18
1382 100 0.0 25 18
1383 100 0.0 25 18
1384 100 0.0 25 18
1385 100 0.0 25 18
1386 100 0.0 25 18
1387 100 0.0 25 18
1388 100 0.0 25 18
1389 100 0.0 25 18
1390 100 0.0 25 18
1391 100 0.0 25 18
1392 100 0.0 25 18
1393 100 0.0 25 18
1394 100 0.0 25 18
1395 100 0.0 25 18
1396 100 0.0 25 18
1397 100 0.0 25 18
1398 100 0.0 25 18
1399 100 0.0 25 18
1400 100 0.0 25 18
1401 100 0.0 25 18
1402 100 0.0 25 18
1403 100 0.0 25 18
1404 100 0.0 25 18
1405 100 0.0 25 18
1406 100 0.0 25 18
1407 100 0.0 25 18
1408 100 0.0 25 18
1409 100 0.0 25 18
1410 100 0.0 25 18
1411 100 0.0 25 18
1412 100 0.0 25 18
1413 100 0.0 25 18
1414 100 0.0 25 18
1415 100 0.0 25 18
1416 100 0.0 25 18
1417 100 0.0 25 18
1418 100 0.0 25 18
1419 100 0.0 25 18
1420 100 0.0 25 18
1421 100 0.0 25 18
1422 100 0.0 25 18
1423 100 0.0 25 18
1424 100 0.0 25 18
1425 100 0.0 25 18
1426 100 0.0 25 18
1427 100 0.0 25 18
1428 100 0.0 25 18
1429 100 0.0 25 18
1430 100 0.0 25 18
1431 100 0.0 25 18
1432 100 0.0 25 18
1433 100 0.0 25 18
1434 100 0.0 25 18
1435 100 0.0 25 18
1436 100 0.0 25 18
1437 100 0.0 25 18
1438 100 0.0 25 18
1439 100 0.0 25 18
1440 100 0.0 25 18
1441 100 0.0 25 18
1442 100 0.0 25 18
1443 100 0.0 25 18
1444 100 0.0 25 18
1445 100 0.0 25 18
1446 100 0.0 25 18
1447 100 0.0 25 18
1448 100 0.0 25 18
1449 100 0.0 25 18
1450 100 0.0 25 18
1451 100 0.0 25 18
1452 100 0.0 25 18
1453 100 0.0 25 18
1454 100 0.0 25 18
1455 100 0.0 25 18
1456 100 0.0 25 18
1457 100 0.0 25 18
1458 100 0.0 25 18
1459 100 0.0 25 18
1460 100 0.0 25 18
1461 100 0.0 25 18
1462 100 0.0 25 18
1463 100 0.0 25 18
1464 100 0.0 25 18
1465 100 0.0 25 18
1466 100 0.0 25 18
1467 100 0.0 25 18
1468 100 0.0 25 18
1469 100 0.0 25 18
1470 100 0.0 25 18
1471 100 0.0 25 18
1472 100 0.0 25 18
1473 100 0.0 25 18
1474 100 0.0 25 18
1475 100 0.0 25 18
1476 100 0.0 25 18
1477 100 0.0 25 18
1478 100 0.0 25 18
1479 100 0.0 25 18
1480 100 0.0 25 18
1481 100 0.0 25 18
1482 100 0.0 25 18
1483 100 0.0 25 18
1484 100 0.0 25 18
1485 100 0.0 25 18
1486 100 0.0 25 18
1487 100 0.0 25 18
1488 100 0.0 25 18
1489 100 0.0 25 18
1490 100 0.0 25 18
1491 100 0.0 25 18
1492 100 0.0 25 18
1493 100 0.0 25 18
1494 100 0.0 25 18
1495 100 0.0 25 18
1496 100 0.0 25 18
1497 100 0.0 25 18
1498 100 0.0 25 18
1499 100 0.0 25 18
1500 100 0.0 25 18
1501 100 0.0 25 18
1502 100 0.0 25 18
1503 100 0.0 25 18
1504 100 0.0 25 18
1505 100 0.0 25 18
1506 100 0.0 25 18
1507 100 0.0 25 18
1508 100 0.0 25 18
1509 100 0.0 25 18
1510 100 0.0 25 18
1511 100 0.0 25 18
1512 100 0.0 25 18
1513 100 0.0 25 18
1514 100 0.0 25 18
1515 100 0.0 25 18
1516 100 0.0 25 18
1517 100 0.0 25 18
1518 100 0.0 25 18
1519 100 0.0 25 18
1520 100 0.0 25 18
1521 100 0.0 25 18
1522 100 0.0 25 18
1523 100 0.0 25 18
1524 100 0.0 25 18
1525 100 0.0 25 18
1526 100 0.0 25 18
1527 100 0.0 25 18
1528 100 0.0 25 18
1529 100 0.0 25 18
1530 100 0.0 25 18
1531 100 0.0 25 18
1532 100 0.0 25 18
1533 100 0.0 25 18
1534 100 0.0 25 18
1535 100 0.0 25 18
1536 100 0.0 25 18
1537 100 0.0 25 18
1538 100 0.0 25 18
1539 100 0.0 25 18
1540 100 0.0 25 18
1541 100 0.0 25 18
1542 100 0.0 25 18
1543 100 0.0 25 18
1544 100 0.0 25 18
1545 100 0.0 25 18
1546 100 0.0 25 18
1547 100 0.0 25 18
1548 100 0.0 25 18
1549 100 0.0 25 18
1550 100 0.0 25 18
1551 100 0.0 25 18
1552 100 0.0 25 18
1553 100 0.0 25 18
1554 100 0.0 25 18
1555 100 0.0 25 18
1556 100 0.0 25 18
1557 100 0.0 25 18
1558 100 0.0 25 18
1559 100 0.0 25 18
1560 100 0.0 25 18
1561 100 0.0 25 18
1562 100 0.0 25 18
1563 100 0.0 25 18
1564 100 0.0 25 18
1565 100 0.0 25 18
1566 100 0.0 25 18
1567 100 0.0 25 18
1568 100 0.0 25 18
1569 100 0.0 25 18
1570 100 0.0 25 18
1571 100 0.0 25 18
1572 100 0.0 25 18
1573 100 0.0 25 18
1574 100 0.0 25 18
1575 100 0.0 25 18
1576 100 0.0 25 18
1577 100 0.0 25 18
1578 100 0.0 25 18
1579 100 0.0 25 18
1580 100 0.0 25 18
1581 100 0.0 25 18
1582 100 0.0 25 18
1583 100 0.0 25 18
1584 100 0.0 25 18
1585 100 0.0 25 18
1586 100 0.0 25 18
1587 100 0.0 25 18
1588 100 0.0 25 18
1589 100 0.0 25 18
1590 100 0.0 25 18
1591 100 0.0 25 18
1592 100 0.0 25 18
1593 100 0.0 25 18
1594 100 0.0 25 18
1595 100 0.0 25 18
1596 100 0.0 25 18
1597 100 0.0 25 18
1598 100 0.0 25 18
1599 100 0.0 25 18
1600 100 0.0 25 18
1601 100 0.0 25 18
1602 100 0.0 25 18
1603 100 0.0 25 18
1604 100 0.0 25 18
1605 100 0.0 25 18
1606 100 0.0 25 18
1607 100 0.0 25 18
1608 100 0.0 25 18
1609 100 0.0 25 18
1610 100 0.0 25 18
1611 100 0.0 25 18
1612 100 0.0 25 18
1613 100 0.0 25 18
1614 100 0.0 25 18
1615 100 0.0 25 18
1616 100 0.0 25 18
1617 100 0.0 25 18
1618 100 0.0 25 18
1619 100 0.0 25 18
1620 100 0.0 25 18
1621 100 0.0 25 18
1622 100 0.0 25 18
1623 100 0.0 25 18
1624 100 0.0 25 18
1625 100 0.0 25 18
1626 100 0.0 25 18
1627 100 0.0 25 18
1628 100 0.0 25 18
1629 100 0.0 25 18
1630 100 0.0 25 18
1631 100 0.0 25 18
1632 100 0.0 25 18
1633 100 0.0 25 18
1634 100 0.0 25 18
1635 100 0.0 25 18
1636 100 0.0 25 18
1637 100 0.0 25 18
1638 100 0.0 25 18
1639 100 0.0 25 18
1640 100 0.0 25 18
1641 100 0.0 25 18
1642 100 0.0 25 18
1643 100 0.0 25 18
1644 100 0.0 25 18
1645 100 0.0 25 18
1646 100 0.0 25 18
1647 100 0.0 25 18
1648 100 0.0 25 18
1649 100 0.0 25 18
1650 100 0.0 25 18
1651 100 0.0 25 18
1652 100 0.0 25 18
1653 100 0.0 25 18
1654 100 0.0 25 18
1655 100 0.0 25 18
1656 100 0.0 25 18
1657 100 0.0 25 18
1658 100 0.0 25 18
1659 100 0.0 25 18
1660 100 0.0 25 18
1661 100 0.0 25 18
1662 100 0.0 25 18
1663 100 0.0 25 18
1664 100 0.0 25 18
1665 100 0.0 25 18
1666 100 0.0 25 18
1667 100 0.0 25 18
1668 100 0.0 25 18
1669 100 0.0 25 18
1670 100 0.0 25 18
1671 100 0.0 25 18
1672 100 0.0 25 18
1673 100 0.0 25 18
1674 100 0.0 25 18
1675 100 0.0 25 18
1676 100 0.0 25 18
1677 100 0.0 25 18
1678 100 0.0 25 18
1679 100 0.0 25 18
1680 100 0.0 25 18
1681 100 0.0 25 18
1682 100 0.0 25 18
1683 100 0.0 25 18
1684 100 0.0 25 18
1685 100 0.0 25 18
1686 100 0.0 25 18
1687 100 0.0 25 18
1688 100 0.0 25 18
1689 100 0.0 25 18
1690 100 0.0 25 18
1691 100 0.0 25 18
1692 100 0.0 25 18
1693 100 0.0 25 18
1694 100 0.0 25 18
1695 100 0.0 25 18
1696 100 0.0 25 18
1697 100 0.0 25 18
1698 100 0.0 25 18
1699 100 0.0 25 18
1700 100 0.0 25 18
1701 100 0.0 25 18
1702 100 0.0 25 18
1703 100 0.0 25 18
1704 100 0.0 25 18
1705 100 0.0 25 18
1706 100 0.0 25 18
1707 100 0.0 25 18
1708 100 0.0 25 18
1709 100 0.0 25 18
1710 100 0.0 25 18
1711 100 0.0 25 18
1712 100 0.0 25 18
1713 100 0.0 25 18
1714 100 0.0 25 18
1715 100 0.0 25 18
1716 100 0.0 25 18
1717 100 0.0 25 18
1718 100 0.0 25 18
1719 100 0.0 25 18
1720 100 0.0 25 18
1721 100 0.0 25 18
1722 100 0.0 25 18
1723 100 0.0 25 18
1724 100 0.0 25 18
1725 100 0.0 25 18
1726 100 0.0 25 18
1727 100 0.0 25 18
1728 100 0.0 25 18
1729 100 0.0 25 18
1730 100 0.0 25 18
1731 100 0.0 25 18
1732 100 0.0 25 18
1733 100 0.0 25 18
1734 100 0.0 25 18
1735 100 0.0 25 18
1736 100 0.0 25 18
1737 100 0.0 25 18
1738 100 0.0 25 18
1739 100 0.0 25 18
1740 100 0.0 25 18
1741 100 0.0 25 18
1742 100 0.0 25 18
1743 100 0.0 25 18
1744 100 0.0 25 18
1745 100 0.0 25 18
1746 100 0.0 25 18
1747 100 0.0 25 18
1748 100 0.0 25 18
1749 100 0.0 25 18
1750 100 0.0 25 18
1751 100 0.0 25 18
1752 100 0.0 25 18
1753 100 0.0 25 18
1754 100 0.0 25 18
1755 100 0.0 25 18
1756 100 0.0 25 18
1757 100 0.0 25 18
1758 100 0.0 25 18
1759 100 0.0 25 18
1760 100 0.0 25 18
1761 100 0.0 25 18
1762 100 0.0 25 18
1763 100 0.0 25 18
1764 100 0.0 25 18
1765 100 0.0 25 18
1766 100 0.0 25 18
1767 100 0.0 25 18
1768 100 0.0 25 18
1769 100 0.0 25 18
1770 100 0.0 25 18
1771 100 0.0 25 18
1772 100 0.0 25 18
1773 100 0.0 25 18
1774 100 0.0 25 18
1775 100 0.0 25 18
1776 100 0.0 25 18
1777 100 0.0 25 18
1778 100 0.0 25 18
1779 100 0.0 25 18
1780 100 0.0 25 18
1781 100 0.0 25 18
1782 100 0.0 25 18
1783 100 0.0 25 18
1784 100 0.0 25 18
1785 100 0.0 25 18
1786 100 0.0 25 18
1787 100 0.0 25 18
1788 100 0.0 25 18
1789 100 0.0 25 18
1790 100 0.0 25 18
1791 100 0.0 25 18
1792 100 0.0 25 18
1793 100 0.0 25 18
1794 100 0.0 25 18
1795 100 0.0 25 18
1796 100 0.0 25 18
1797 100 0.0 25 18
1798 100 0.0 25 18
1799 100 0.0 25 18
1800 100 0.0 25 18
1801 100 0.0 25 18
1802 100 0.0 25 18
1803 100 0.0 25 18
1804 100 0.0 25 18
1805 100 0.0 25 18
1806 100 0.0 25 18
1807 100 0.0 25 18
1808 100 0.0 25 18
1809 100 0.0 25 18
1810 100 0.0 25 18
1811 100 0.0 25 18
1812 100 0.0 25 18
1813 100 0.0 25 18
1814 100 0.0 25 18
1815 100 0.0 25 18
1816 100 0.0 25 18
1817 100 0.0 25 18
1818 100 0.0 25 18
1819 100 0.0 25 18
1820 100 0.0 25 18
1821 100 0.0 25 18
1822 100 0.0 25 18
1823 100 0.0 25 18
1824 100 0.0 25 18
1825 100 0.0 25 18
1826 100 0.0 25 18
1827 100 0.0 25 18
1828 100 0.0 25 18
1829 100 0.0 25 18
1830 100 0.0 25 18
1831 100 0.0 25 18
1832 100 0.0 25 18
1833 100 0.0 25 18
1834 100 0.0 25 18
1835 100 0.0 25 18
1836 100 0.0 25 18
1837 100 0.0 25 18
1838 100 0.0 25 18
1839 100 0.0 25 18
1840 100 0.0 25 18
1841 100 0.0 25 18
1842 100 0.0 25 18
1843 100 0.0 25 18
1844 100 0.0 25 18
1845 100 0.0 25 18
1846 100 0.0 25 18
1847 100 0.0 25 18
1848 100 0.0 25 18
1849 100 0.0 25 18
1850 100 0.0 25 18
1851 100 0.0 25 18
1852 100 0.0 25 18
1853 100 0.0 25 18
1854 100 0.0 25 18
1855 100 0.0 25 18
1856 100 0.0 25 18
1857 100 0.0 25 18
1858 100 0.0 25 18
1859 100 0.0 25 18
1860 100 0.0 25 18
1861 100 0.0 25 18
1862 100 0.0 25 18
1863 100 0.0 25 18
1864 100 0.0 25 18
1865 100 0.0 25 18
1866 100 0.0 25 18
1867 100 0.0 25 18
1868 100 0.0 25 18
1869 100 0.0 25 18
1870 100 0.0 25 18
1871 100 0.0 25 18
1872 100 0.0 25 18
1873 100 0.0 25 18
1874 100 0.0 25 18
1875 100 0.0 25 18
1876 100 0.0 25 18
1877 100 0.0 25 18
1878 100 0.0 25 18
1879 100 0.0 25 18
1880 100 0.0 25 18
1881 100 0.0 25 18
1882 100 0.0 25 18
1883 100 0.0 25 18
1884 100 0.0 25 18
1885 100 0.0 25 18
1886 100 0.0 25 18
1887 100 0.0 25 18
1888 100 0.0 25 18
1889 100 0.0 25 18
1890 100 0.0 25 18
1891 100 0.0 25 18
1892 100 0.0 25 18
1893 100 0.0 25 18
1894 100 0.0 25 18
1895 100 0.0 25 18
1896 100 0.0 25 18
1897 100 0.0 25 18
1898 100 0.0 25 18
1899 100 0.0 25 18
1900 100 0.0 25 18
1901 100 0.0 25 18
1902 100 0.0 25 18
1903 100 0.0 25 18
1904 100 0.0 25 18
1905 100 0.0 25 18
1906 100 0.0 25 18
1907 100 0.0 25 18
1908 100 0.0 25 18
1909 100 0.0 25 18
1910 100 0.0 25 18
1911 100 0.0 25 18
1912 100 0.0 25 18
1913 100 0.0 25 18
1914 100 0.0 25 18
1915 100 0.0 25 18
1916 100 0.0 25 18
1917 100 0.0 25 18
1918 100 0.0 25 18
1919 100 0.0 25 18
1920 100 0.0 25 18
1921 100 0.0 25 18
1922 100 0.0 25 18
1923 100 0.0 25 18
1924 100 0.0 25 18
1925 100 0.0 25 18
1926 100 0.0 25 18
1927 100 0.0 25 18
1928 100 0.0 25 18
1929 100 0.0 25 18
1930 100 0.0 25 18
1931 100 0.0 25 18
1932 100 0.0 25 18
1933 100 0.0 25 18
1934 100 0.0 25 18
1935 100 0.0 25 18
1936 100 0.0 25 18
1937 100 0.0 25 18
1938 100 0.0 25 18
1939 100 0.0 25 18
1940 100 0.0 25 18
1941 100 0.0 25 18
1942 100 0.0 25 18
1943 100 0.0 25 18
1944 100 0.0 25 18
1945 100 0.0 25 18
1946 100 0.0 25 18
1947 100 0.0 25 18
1948 100 0.0 25 18
1949 100 0.0 25 18
1950 100 0.0 25 18
1951 100 0.0 25 18
1952 100 0.0 25 18
1953 100 0.0 25 18
1954 100 0.0 25 18
1955 100 0.0 25 18
1956 100 0.0 25 18
1957 100 0.0 25 18
1958 100 0.0 25 18
1959 100 0.0 25 18
1960 100 0.0 25 18
1961 100 0.0 25 18
1962 100 0.0 25 18
1963 100 0.0 25 18
1964 100 0.0 25 18
1965 100 0.0 25 18
1966 100 0.0 25 18
1967 100 0.0 25 18
1968 100 0.0 25 18
1969 100 0.0 25 18
1970 100 0.0 25 18
1971 100 0.0 25 18
1972 100 0.0 25 18
1973 100 0.0 25 18
1974 100 0.0 25 18
1975 100 0.0 25 18
1976 100 0.0 25 18
1977 100 0.0 25 18
1978 100 0.0 25 18
1979 100 0.0 25 18
1980 100 0.0 25 18
1981 100 0.0 25 18
1982 100 0.0 25 18
1983 100 0.0 25 18
1984 100 0.0 25 18
1985 100 0.0 25 18
1986 100 0.0 25 18
1987 100 0.0 25 18
1988 100 0.0 25 18
1989 100 0.0 25 18
1990 100 0.0 25 18
1991 100 0.0 25 18
1992 100 0.0 25 18
1993 100 0.0 25 18
1994 100 0.0 25 18
1995 100 0.0 25 18
1996 100 0.0 25 18
1997 100 0.0 25 18
1998 100 0.0 25 18
1999 100 0.0 25 18
2000 100 0.0 25 18
2001 100 0.0 25 18
2002 100 0.0 25 18
2003 100 0.0 25 18
2004 100 0.0 25 18
2005 100 0.0 25 18
2006 100 0.0 25 18
2007 100 0.0 25 18
2008 100 0.0 25 18
2009 100 0.0 25 18
2010 100 0.0 25 18
2011 100 0.0 25 18
2012 100 0.0 25 18
2013 100 0.0 25 18
2014 100 0.0 25 18
2015 100 0.0 25 18
2016 100 0.0 25 18
2017 100 0.0 25 18
2018 100 0.0 25 18
2019 100 0.0 25 18
2020 100 0.0 25 18
2021 100 0.0 25 18
2022 100 0.0 25 18
2023 100 0.0 25 18
2024 100 0.0 25 18
2025 100 0.0 25 18
2026 100 0.0 25 18
2027 100 0.0 25 18
2028 100 0.0 25 18
2029 100 0.0 25 18
2030 100 0.0 25 18
2031 100 0.0 25 18
2032 100 0.0 25 18
2033 100 0.0 25 18
2034 100 0.0 25 18
2035 100 0.0 25 18
2036 100 0.0 25 18
2037 100 0.0 25 18
2038 100 0.0 25 18
2039 100 0.0 25 18
2040 100 0.0 25 18
2041 100 0.0 25 18
2042 100 0.0 25 18
2043 100 0.0 25 18
2044 100 0.0 25 18
2045 100 0.0 25 18
2046 100 0.0 25 18
2047 100 0.0 25 18
2048 100 0.0 25 18
2049 100 0.0 25 18
2050 100 0.0 25 18
2051 100 0.0 25 18
2052 100 0.0 25 18
2053 100 0.0 25 18
2054 100 0.0 25 18
2055 100 0.0 25 18
2056 100 0.0 25 18
2057 100 0.0 25 18
2058 100 0.0 25 18
2059 100 0.0 25 18
2060 100 0.0 25 18
2061 100 0.0 25 18
2062 100 0.0 25 18
2063 100 0.0 25 18
2064 100 0.0 25 18
2065 100 0.0 25 18
2066 100 0.0 25 18
2067 100 0.0 25 18
2068 100 0.0 25 18
2069 100 0.0 25 18
2070 100 0.0 25 18
2071 100 0.0 25 18
2072 100 0.0 25 18
2073 100 0.0 25 18
2074 100 0.0 25 18
2075 100 0.0 25 18
2076 100 0.0 25 18
2077 100 0.0 25 18
2078 100 0.0 25 18
2079 100 0.0 25 18
2080 100 0.0 25 18
2081 100 0.0 25 18
2082 100 0.0 25 18
2083 100 0.0 25 18
2084 100 0.0 25 18
2085 100 0.0 25 18
2086 100 0.0 25 18
2087 100 0.0 25 18
2088 100 0.0 25 18
2089 100 0.0 25 18
2090 100 0.0 25 18
2091 100 0.0 25 18
2092 100 0.0 25 18
2093 100 0.0 25 18
2094 100 0.0 25 18
2095 100 0.0 25 18
2096 100 0.0 25 18
2097 100 0.0 25 18
2098 100 0.0 25 18
2099 100 0.0 25 18
2100 100 0.0 25 18
2101 100 0.0 25 18
2102 100 0.0 25 18
2103 100 0.0 25 18
2104 100 0.0 25 18
2105 100 0.0 25 18
2106 100 0.0 25 18
2107 100 0.0 25 18
2108 100 0.0 25 18
2109 100 0.0 25 18
2110 100 0.0 25 18
2111 100 0.0 25 18
2112 100 0.0 25 18
2113 100 0.0 25 18
2114 100 0.0 25 18
2115 100 0.0 25 18
2116 100 0.0 25 18
2117 100 0.0 25 18
2118 100 0.0 25 18
2119 100 0.0 25 18
2120 100 0.0 25 18
2121 100 0.0 25 18
2122 100 0.0 25 18
2123 100 0.0 25 18
2124 100 0.0 25 18
2125 100 0.0 25 18
2126 100 0.0 25 18
2127 100 0.0 25 18
2128 100 0.0 25 18
2129 100 0.0 25 18
2130 100 0.0 25 18
2131 100 0.0 25 18
2132 100 0.0 25 18
2133 100 0.0 25 18
2134 100 0.0 25 18
2135 100 0.0 25 18
2136 100 0.0 25 18
2137 100 0.0 25 18
2138 100 0.0 25 18
2139 100 0.0 25 18
2140 100 0.0 25 18
2141 100 0.0 25 18
2142 100 0.0 25 18
2143 100 0.0 25 18
2144 100 0.0 25 18
2145 100 0.0 25 18
2146 100 0.0 25 18
2147 100 0.0 25 18
2148 100 0.0 25 18
2149 100 0.0 25 18
2150 100 0.0 25 18
2151 100 0.0 25 18
2152 100 0.0 25 18
2153 100 0.0 25 18
2154 100 0.0 25 18
2155 100 0.0 25 18
2156 100 0.0 25 18
2157 100 0.0 25 18
2158 100 0.0 25 18
2159 100 0.0 25 18
2160 100 0.0 25 18
2161 100 0.0 25 18
2162 100 0.0 25 18
2163 100 0.0 25 18
2164 100 0.0 25 18
2165 100 0.0 25 18
2166 100 0.0 25 18
2167 100 0.0 25 18
2168 100 0.0 25 18
2169 100 0.0 25 18
2170 100 0.0 25 18
2171 100 0.0 25 18
2172 100 0.0 25 18
2173 100 0.0 25 18
2174 100 0.0 25 18
2175 100 0.0 25 18
2176 100 0.0 25 18
2177 100 0.0 25 18
2178 100 0.0 25 18
2179 100 0.0 25 18
2180 100 0.0 25 18
2181 100 0.0 25 18
2182 100 0.0 25 18
2183 100 0.0 25 18
2184 100 0.0 25 18
2185 100 0.0 25 18
2186 100 0.0 25 18
2187 100 0.0 25 18
2188 100 0.0 25 18
2189 100 0.0 25 18
2190 100 0.0 25 18
2191 100 0.0 25 18
2192 100 0.0 25 18
2193 100 0.0 25 18
2194 100 0.0 25 18
2195 100 0.0 25 18
2196 100 0.0 25 18
2197 100 0.0 25 18
2198 100 0.0 25 18
2199 100 0.0 25 18
2200 100 0.0 25 18
2201 100 0.0 25 18
2202 100 0.0 25 18
2203 100 0.0 25 18
2204 100 0.0 25 18
2205 100 0.0 25 18
2206 100 0.0 25 18
2207 100 0.0 25 18
2208 100 0.0 25 18
2209 100 0.0 25 18
2210 100 0.0 25 18
2211 100 0.0 25 18
2212 100 0.0 25 18
2213 100 0.0 25 18
2214 100 0.0 25 18
2215 100 0.0 25 18
2216 100 0.0 25 18
2217 100 0.0 25 18
2218 100 0.0 25 18
2219 100 0.0 25 18
2220 100 0.0 25 18
2221 100 0.0 25 18
2222 100 0.0 25 18
2223 100 0.0 25 18
2224 100 0.0 25 18
2225 100 0.0 25 18
2226 100 0.0 25 18
2227 100 0.0 25 18
2228 100 0.0 25 18
2229 100 0.0 25 18
2230 100 0.0 25 18
2231 100 0.0 25 18
2232 100 0.0 25 18
2233 100 0.0 25 18
2234 100 0.0 25 18
2235 100 0.0 25 18
2236 100 0.0 25 18
2237 100 0.0 25 18
2238 100 0.0 25 18
2239 100 0.0 25 18
2240 100 0.0 25 18
2241 100 0.0 25 18
2242 100 0.0 25 18
2243 100 0.0 25 18
2244 100 0.0 25 18
2245 100 0.0 25 18
2246 100 0.0 25 18
2247 100 0.0 25 18
2248 100 0.0 25 18
2249 100 0.0 25 18
2250 100 0.0 25 18
2251 100 0.0 25 18
2252 100 0.0 25 18
2253 100 0.0 25 18
2254 100 0.0 25 18
2255 100 0.0 25 18
2256 100 0.0 25 18
2257 100 0.0 25 18
2258 100 0.0 25 18
2259 100 0.0 25 18
2260 100 0.0 25 18
2261 100 0.0 25 18
2262 100 0.0 25 18
2263 100 0.0 25 18
2264 100 0.0 25 18
2265 100 0.0 25 18
2266 100 0.0 25 18
2267 100 0.0 25 18
2268 100 0.0 25 18
2269 100 0.0 25 18
2270 100 0.0 25 18
2271 100 0.0 25 18
2272 100 0.0 25 18
2273 100 0.0 25 18
2274 100 0.0 25 18
2275 100 0.0 25 18
2276 100 0.0 25 18
2277 100 0.0 25 18
2278 100 0.0 25 18
2279 100 0.0 25 18
2280 100 0.0 25 18
2281 100 0.0 25 18
2282 100 0.0 25 18
2283 100 0.0 25 18
2284 100 0.0 25 18
2285 100 0.0 25 18
2286 100 0.0 25 18
2287 100 0.0 25 18
2288 100 0.0 25 18
2289 100 0.0 25 18
2290 100 0.0 25 18
2291 100 0.0 25 18
2292 100 0.0 25 18
2293 100 0.0 25 18
2294 100 0.0 25 18
2295 100 0.0 25 18
2296 100 0.0 25 18
2297 100 0.0 25 18
2298 100 0.0 25 18
2299 100 0.0 25 18
2300 100 0.0 25 18
2301 100 0.0 25 18
2302 100 0.0 25 18
2303 100 0.0 25 18
2304 100 0.0 25 18
2305 100 0.0 25 18
2306 100 0.0 25 18
2307 100 0.0 25 18
2308 100 0.0 25 18
2309 100 0.0 25 18
2310 100 0.0 25 18
2311 100 0.0 25 18
2312 100 0.0 25 18
2313 100 0.0 25 18
2314 100 0.0 25 18
2315 100 0.0 25 18
2316 100 0.0 25 18
2317 100 0.0 25 18
2318 100 0.0 25 18
2319 100 0.0 25 18
2320 100 0.0 25 18
2321 100 0.0 25 18
2322 100 0.0 25 18
2323 100 0.0 25 18
2324 100 0.0 25 18
2325 100 0.0 25 18
2326 100 0.0 25 18
2327 100 0.0 25 18
2328 100 0.0 25 18
2329 100 0.0 25 18
2330 100 0.0 25 18
2331 100 0.0 25 18
2332 100 0.0 25 18
2333 100 0.0 25 18
2334 100 0.0 25 18
2335 100 0.0 25 18
2336 100 0.0 25 18
2337 100 0.0 25 18
2338 100 0.0 25 18
2339 100 0.0 25 18
2340 100 0.0 25 18
2341 100 0.0 25 18
2342 100 0.0 25 18
2343 100 0.0 25 18
2344 100 0.0 25 18
2345 100 0.0 25 18
2346 100 0.0 25 18
2347 100 0.0 25 18
2348 100 0.0 25 18
2349 100 0.0 25 18
2350 100 0.0 25 18
2351 100 0.0 25 18
2352 100 0.0 25 18
2353 100 0.0 25 18
2354 100 0.0 25 18
2355 100 0.0 25 18
2356 100 0.0 25 18
2357 100 0.0 25 18
2358 100 0.0 25 18
2359 100 0.0 25 18
2360 100 0.0 25 18
2361 100 0.0 25 18
2362 100 0.0 25 18
2363 100 0.0 25 18
2364 100 0.0 25 18
2365 100 0.0 25 18
2366 100 0.0 25 18
2367 100 0.0 25 18
2368 100 0.0 25 18
2369 100 0.0 25 18
2370 100 0.0 25 18
2371 100 0.0 25 18
2372 100 0.0 25 18
2373 100 0.0 25 18
2374 100 0.0 25 18
2375 100 0.0 25 18
2376 100 0.0 25 18
2377 100 0.0 25 18
2378 100 0.0 25 18
2379 100 0.0 25 18
2380 100 0.0 25 18
2381 100 0.0 25 18
2382 100 0.0 25 18
2383 100 0.0 25 18
2384 100 0.0 25 18
2385 100 0.0 25 18
2386 100 0.0 25 18
2387 100 0.0 25 18
2388 100 0.0 25 18
2389 100 0.0 25 18
2390 100 0.0 25 18
2391 100 0.0 25 18
2392 100 0.0 25 18
2393 100 0.0 25 18
2394 100 0.0 25 18
2395 100 0.0 25 18
2396 100 0.0 25 18
2397 100 0.0 25 18
2398 100 0.0 25 18
2399 100 0.0 25 18
2400 100 0.0 25 18
2401 100 0.0 25 18
2402 100 0.0 25 18
2403 100 0.0 25 18
2404 100 0.0 25 18
2405 100 0.0 25 18
2406 100 0.0 25 18
2407 100 0.0 25 18
2408 100 0.0 25 18
2409 100 0.0 25 18
2410 100 0.0 25 18
2411 100 0.0 25 18
2412 100 0.0 25 18
2413 100 0.0 25 18
2414 100 0.0 25 18
2415 100 0.0 25 18
2416 100 0.0 25 18
2417 100 0.0 25 18
2418 100 0.0 25 18
2419 100 0.0 25 18
2420 100 0.0 25 18
2421 100 0.0 25 18
2422 100 0.0 25 18
2423 100 0.0 25 18
2424 100 0.0 25 18
2425 100 0.0 25 18
2426 100 0.0 25 18
2427 100 0.0 25 18
2428 100 0.0 25 18
2429 100 0.0 25 18
2430 100 0.0 25 18
2431 100 0.0 25 18
2432 100 0.0 25 18
2433 100 0.0 25 18
2434 100 0.0 25 18
2435 100 0.0 25 18
2436 100 0.0 25 18
2437 100 0.0 25 18
2438 100 0.0 25 18
2439 100 0.0 25 18
2440 100 0.0 25 18
2441 100 0.0 25 18
2442 100 0.0 25 18
2443 100 0.0 25 18
2444 100 0.0 25 18
2445 100 0.0 25 18
2446 100 0.0 25 18
2447 100 0.0 25 18
2448 100 0.0 25 18
2449 100 0.0 25 18
2450 100 0.0 25 18
2451 100 0.0 25 18
2452 100 0.0 25 18
2453 100 0.0 25 18
2454 100 0.0 25 18
2455 100 0.0 25 18
2456 100 0.0 25 18
2457 100 0.0 25 18
2458 100 0.0 25 18
2459 100 0.0 25 18
2460 100 0.0 25 18
2461 100 0.0 25 18
2462 100 0.0 25 18
2463 100 0.0 25 18
2464 100 0.0 25 18
2465 100 0.0 25 18
2466 100 0.0 25 18
2467 100 0.0 25 18
2468 100 0.0 25 18
2469 100 0.0 25 18
2470 100 0.0 25 18
2471 100 0.0 25 18
2472 100 0.0 25 18
2473 100 0.0 25 18
2474 100 0.0 25 18
2475 100 0.0 25 18
2476 100 0.0 25 18
2477 100 0.0 25 18
2478 100 0.0 25 18
2479 100 0.0 25 18
2480 100 0.0 25 18
2481 100 0.0 25 18
2482 100 0.0 25 18
2483 100 0.0 25 18
2484 100 0.0 25 18
2485 100 0.0 25 18
2486 100 0.0 25 18
2487 100 0.0 25 18
2488 100 0.0 25 18
2489 100 0.0 25 18
2490 100 0.0 25 18
2491 100 0.0 25 18
2492 100 0.0 25 18
2493 100 0.0 25 18
2494 100 0.0 25 18
2495 100 0.0 25 18
2496 100 0.0 25 18
2497 100 0.0 25 18
2498 100 0.0 25 18
2499 100 0.0 25 18
2500 100 0.0 25 18
2501 100 0.0 25 18
2502 100 0.0 25 18
2503 100 0.0 25 18
2504 100 0.0 25 18
2505 100 0.0 25 18
2506 100 0.0 25 18
2507 100 0.0 25 18
2508 100 0.0 25 18
2509 100 0.0 25 18
2510 100 0.0 25 18
2511 100 0.0 25 18
2512 100 0.0 25 18
2513 100 0.0 25 18
2514 100 0.0 25 18
2515 100 0.0 25 18
2516 100 0.0 25 18
2517 100 0.0 25 18
2518 100 0.0 25 18
2519 100 0.0 25 18
2520 100 0.0 25 18
2521 100 0.0 25 18
2522 100 0.0 25 18
2523 100 0.0 25 18
2524 100 0.0 25 18
2525 100 0.0 25 18
2526 100 0.0 25 18
2527 100 0.0 25 18
2528 100 0.0 25 18
2529 100 0.0 25 18
2530 100 0.0 25 18
2531 100 0.0 25 18
2532 100 0.0 25 18
2533 100 0.0 25 18
2534 100 0.0 25 18
2535 100 0.0 25 18
2536 100 0.0 25 18
2537 100 0.0 25 18
2538 100 0.0 25 18
2539 100 0.0 25 18
2540 100 0.0 25 18
2541 100 0.0 25 18
2542 100 0.0 25 18
2543 100 0.0 25 18
2544 100 0.0 25 18
2545 100 0.0 25 18
2546 100 0.0 25 18
2547 100 0.0 25 18
2548 100 0.0 25 18
2549 100 0.0 25 18
2550 100 0.0 25 18
2551 100 0.0 25 18
2552 100 0.0 25 18
2553 100 0.0 25 18
2554 100 0.0 25 18
2555 100 0.0 25 18
2556 100 0.0 25 18
2557 100 0.0 25 18
2558 100 0.0 25 18
2559 100 0.0 25 18
2560 100 0.0 25 18
2561 100 0.0 25 18
2562 100 0.0 25 18
2563 100 0.0 25 18
2564 100 0.0 25 18
2565 100 0.0 25 18
2566 100 0.0 25 18
2567 100 0.0 25 18
2568 100 0.0 25 18
2569 100 0.0 25 18
2570 100 0.0 25 18
2571 100 0.0 25 18
2572 100 0.0 25 18
2573 100 0.0 25 18
2574 100 0.0 25 18
2575 100 0.0 25 18
2576 100 0.0 25 18
2577 100 0.0 25 18
2578 100 0.0 25 18
2579 100 0.0 25 18
2580 100 0.0 25 18
2581 100 0.0 25 18
2582 100 0.0 25 18
2583 100 0.0 25 18
2584 100 0.0 25 18
2585 100 0.0 25 18
2586 100 0.0 25 18
2587 100 0.0 25 18
2588 100 0.0 25 18
2589 100 0.0 25 18
2590 100 0.0 25 18
2591 100 0.0 25 18
2592 100 0.0 25 18
2593 100 0.0 25 18
2594 100 0.0 25 18
2595 100 0.0 25 18
2596 100 0.0 25 18
2597 100 0.0 25 18
2598 100 0.0 25 18
2599 100 0.0 25 18
2600 100 0.0 25 18
2601 100 0.0 25 18
2602 100 0.0 25 18
2603 100 0.0 25 18
2604 100 0.0 25 18
2605 100 0.0 25 18
2606 100 0.0 25 18
2607 100 0.0 25 18
2608 100 0.0 25 18
2609 100 0.0 25 18
2610 100 0.0 25 18
2611 100 0.0 25 18
2612 100 0.0 25 18
2613 100 0.0 25 18
2614 100 0.0 25 18
2615 100 0.0 25 18
2616 100 0.0 25 18
2617 100 0.0 25 18
2618 100 0.0 25 18
2619 100 0.0 25 18
2620 100 0.0 25 18
2621 100 0.0 25 18
2622 100 0.0 25 18
2623 100 0.0 25 18
2624 100 0.0 25 18
2625 100 0.0 25 18
2626 100 0.0 25 18
2627 100 0.0 25 18
2628 100 0.0 25 18
2629 100 0.0 25 18
2630 100 0.0 25 18
2631 100 0.0 25 18
2632 100 0.0 25 18
2633 100 0.0 25 18
2634 100 0.0 25 18
2635 100 0.0 25 18
2636 100 0.0 25 18
2637 100 0.0 25 18
2638 100 0.0 25 18
2639 100 0.0 25 18
2640 100 0.0 25 18
2641 100 0.0 25 18
2642 100 0.0 25 18
2643 100 0.0 25 18
2644 100 0.0 25 18
2645 100 0.0 25 18
2646 100 0.0 25 18
2647 100 0.0 25 18
2648 100 0.0 25 18
2649 100 0.0 25 18
2650 100 0.0 25 18
2651 100 0.0 25 18
2652 100 0.0 25 18
2653 100 0.0 25 18
2654 100 0.0 25 18
2655 100 0.0 25 18
2656 100 0.0 25 18
2657 100 0.0 25 18
2658 100 0.0 25 18
2659 100 0.0 25 18
2660 100 0.0 25 18
2661 100 0.0 25 18
2662 100 0.0 25 18
2663 100 0.0 25 18
2664 100 0.0 25 18
2665 100 0.0 25 18
2666 100 0.0 25 18
2667 100 0.0 25 18
2668 100 0.0 25 18
2669 100 0.0 25 18
2670 100 0.0 25 18
2671 100 0.0 25 18
2672 100 0.0 25 18
2673 100 0.0 25 18
2674 100 0.0 25 18
2675 100 0.0 25 18
2676 100 0.0 25 18
2677 100 0.0 25 18
2678 100 0.0 25 18
2679 100 0.0 25 18
2680 100 0.0 25 18
2681 100 0.0 25 18
2682 100 0.0 25 18
2683 100 0.0 25 18
2684 100 0.0 25 18
2685 100 0.0 25 18
2686 100 0.0 25 18
2687 100 0.0 25 18
2688 100 0.0 25 18
2689 100 0.0 25 18
2690 100 0.0 25 18
2691 100 0.0 25 18
2692 100 0.0 25 18
2693 100 0.0 25 18
2694 100 0.0 25 18
2695 100 0.0 25 18
2696 100 0.0 25 18
2697 100 0.0 25 18
2698 100 0.0 25 18
2699 100 0.0 25 18
2700 100 0.0 25 18
2701 100 0.0 25 18
2702 100 0.0 25 18
2703 100 0.0 25 18
2704 100 0.0 25 18
2705 100 0.0 25 18
2706 100 0.0 25 18
2707 100 0.0 25 18
2708 100 0.0 25 18
2709 100 0.0 25 18
2710 100 0.0 25 18
2711 100 0.0 25 18
2712 100 0.0 25 18
2713 100 0.0 25 18
2714 100 0.0 25 18
2715 100 0.0 25 18
2716 100 0.0 25 18
2717 100 0.0 25 18
2718 100 0.0 25 18
2719 100 0.0 25 18
2720 100 0.0 25 18
2721 100 0.0 25 18
2722 100 0.0 25 18
2723 100 0.0 25 18
2724 100 0.0 25 18
2725 100 0.0 25 18
2726 100 0.0 25 18
2727 100 0.0 25 18
2728 100 0.0 25 18
2729 100 0.0 25 18
2730 100 0.0 25 18
2731 100 0.0 25 18
2732 100 0.0 25 18
2733 100 0.0 25 18
2734 100 0.0 25 18
2735 100 0.0 25 18
2736 100 0.0 25 18
2737 100 0.0 25 18
2738 100 0.0 25 18
2739 100 0.0 25 18
2740 100 0.0 25 18
2741 100 0.0 25 18
2742 100 0.0 25 18
2743 100 0.0 25 18
2744 100 0.0 25 18
2745 100 0.0 25 18
2746 100 0.0 25 18
2747 100 0.0 25 18
2748 100 0.0 25 18
2749 100 0.0 25 18
2750 100 0.0 25 18
2751 100 0.0 25 18
2752 100 0.0 25 18
2753 100 0.0 25 18
2754 100 0.0 25 18
2755 100 0.0 25 18
2756 100 0.0 25 18
2757 100 0.0 25 18
2758 100 0.0 25 18
2759 100 0.0 25 18
2760 100 0.0 25 18
2761 100 0.0 25 18
2762 100 0.0 25 18
2763 100 0.0 25 18
2764 100 0.0 25 18
2765 100 0.0 25 18
2766 100 0.0 25 18
2767 100 0.0 25 18
2768 100 0.0 25 18
2769 100 0.0 25 18
2770 100 0.0 25 18
2771 100 0.0 25 18
2772 100 0.0 25 18
2773 100 0.0 25 18
2774 100 0.0 25 18
2775 100 0.0 25 18
2776 100 0.0 25 18
2777 100 0.0 25 18
2778 100 0.0 25 18
2779 100 0.0 25 18
2780 100 0.0 25 18
2781 100 0.0 25 18
2782 100 0.0 25 18
2783 100 0.0 25 18
2784 100 0.0 25 18
2785 100 0.0 25 18
2786 100 0.0 25 18
2787 100 0.0 25 18
2788 100 0.0 25 18
2789 100 0.0 25 18
2790 100 0.0 25 18
2791 100 0.0 25 18
2792 100 0.0 25 18
2793 100 0.0 25 18
2794 100 0.0 25 18
2795 100 0.0 25 18
2796 100 0.0 25 18
2797 100 0.0 25 18
2798 100 0.0 25 18
2799 100 0.0 25 18
2800 100 0.0 25 18
2801 100 0.0 25 18
2802 100 0.0 25 18
2803 100 0.0 25 18
2804 100 0.0 25 18
2805 100 0.0 25 18
2806 100 0.0 25 18
2807 100 0.0 25 18
2808 100 0.0 25 18
2809 100 0.0 25 18
2810 100 0.0 25 18
2811 100 0.0 25 18
2812 100 0.0 25 18
2813 100 0.0 25 18
2814 100 0.0 25 18
2815 100 0.0 25 18
2816 100 0.0 25 18
2817 100 0.0 25 18
2818 100 0.0 25 18
2819 100 0.0 25 18
2820 100 0.0 25 18
2821 100 0.0 25 18
2822 100 0.0 25 18
2823 100 0.0 25 18
2824 100 0.0 25 18
2825 100 0.0 25 18
2826 100 0.0 25 18
2827 100 0.0 25 18
2828 100 0.0 25 18
2829 100 0.0 25 18
2830 100 0.0 25 18
2831 100 0.0 25 18
2832 100 0.0 25 18
2833 100 0.0 25 18
2834 100 0.0 25 18
2835 100 0.0 25 18
2836 100 0.0 25 18
2837 100 0.0 25 18
2838 100 0.0 25 18
2839 100 0.0 25 18
2840 100 0.0 25 18
2841 100 0.0 25 18
2842 100 0.0 25 18
2843 100 0.0 25 18
2844 100 0.0 25 18
2845 100 0.0 25 18
2846 100 0.0 25 18
2847 100 0.0 25 18
2848 100 0.0 25 18
2849 100 0.0 25 18
2850 100 0.0 25 18
2851 100 0.0 25 18
2852 100 0.0 25 18
2853 100 0.0 25 18
2854 100 0.0 25 18
2855 100 0.0 25 18
2856 100 0.0 25 18
2857 100 0.0 25 18
2858 100 0.0 25 18
2859 100 0.0 25 18
2860 100 0.0 25 18
2861 100 0.0 25 18
2862 100 0.0 25 18
2863 100 0.0 25 18
2864 100 0.0 25 18
2865 100 0.0 25 18
2866 100 0.0 25 18
2867 100 0.0 25 18
2868 100 0.0 25 18
2869 100 0.0 25 18
2870 100 0.0 25 18
2871 100 0.0 25 18
2872 100 0.0 25 18
2873 100 0.0 25 18
2874 100 0.0 25 18
2875 100 0.0 25 18
2876 100 0.0 25 18
2877 100 0.0 25 18
2878 100 0.0 25 18
2879 100 0.0 25 18
2880 100 0.0 25 18
2881 100 0.0 25 18
2882 100 0.0 25 18
2883 100 0.0 25 18
2884 100 0.0 25 18
2885 100 0.0 25 18
2886 100 0.0 25 18
2887 100 0.0 25 18
2888 100 0.0 25 18
2889 100 0.0 25 18
2890 100 0.0 25 18
2891 100 0.0 25 18
2892 100 0.0 25 18
2893 100 0.0 25 18
2894 100 0.0 25 18
2895 100 0.0 25 18
2896 100 0.0 25 18
2897 100 0.0 25 18
2898 100 0.0 25 18
2899 100 0.0 25 18
2900 100 0.0 25 18
2901 100 0.0 25 18
2902 100 0.0 25 18
2903 100 0.0 25 18
2904 100 0.0 25 18
2905 100 0.0 25 18
2906 100 0.0 25 18
2907 100 0.0 25 18
2908 100 0.0 25 18
2909 100 0.0 25 18
2910 100 0.0 25 18
2911 100 0.0 25 18
2912 100 0.0 25 18
2913 100 0.0 25 18
2914 100 0.0 25 18
2915 100 0.0 25 18
2916 100 0.0 25 18
2917 100 0.0 25 18
2918 100 0.0 25 18
2919 100 0.0 25 18
2920 100 0.0 25 18
2921 100 0.0 25 18
2922 100 0.0 25 18
2923 100 0.0 25 18
2924 100 0.0 25 18
2925 100 0.0 25 18
2926 100 0.0 25 18
2927 100 0.0 25 18
2928 100 0.0 25 18
2929 100 0.0 25 18
2930 100 0.0 25 18
2931 100 0.0 25 18
2932 100 0.0 25 18
2933 100 0.0 25 18
2934 100 0.0 25 18
2935 100 0.0 25 18
2936 100 0.0 25 18
2937 100 0.0 25 18
2938 100 0.0 25 18
2939 100 0.0 25 18
2940 100 0.0 25 18
2941 100 0.0 25 18
2942 100 0.0 25 18
2943 100 0.0 25 18
2944 100 0.0 25 18
2945 100 0.0 25 18
2946 100 0.0 25 18
2947 100 0.0 25 18
2948 100 0.0 25 18
2949 100 0.0 25 18
2950 100 0.0 25 18
2951 100 0.0 25 18
2952 100 0.0 25 18
2953 100 0.0 25 18
2954 100 0.0 25 18
2955 100 0.0 25 18
2956 100 0.0 25 18
2957 100 0.0 25 18
2958 100 0.0 25 18
2959 100 0.0 25 18
2960 100 0.0 25 18
2961 100 0.0 25 18
2962 100 0.0 25 18
2963 100 0.0 25 18
2964 100 0.0 25 18
2965 100 0.0 25 18
2966 100 0.0 25 18
2967 100 0.0 25 18
2968 100 0.0 25 18
2969 100 0.0 25 18
2970 100 0.0 25 18
2971 100 0.0 25 18
2972 100 0.0 25 18
2973 100 0.0 25 18
2974 100 0.0 25 18
2975 100 0.0 25 18
2976 100 0.0 25 18
2977 100 0.0 25 18
2978 100 0.0 25 18
2979 100 0.0 25 18
2980 100 0.0 25 18
2981 100 0.0 25 18
2982 100 0.0 25 18
2983 100 0.0 25 18
2984 100 0.0 25 18
2985 100 0.0 25 18
2986 100 0.0 25 18
2987 100 0.0 25 18
2988 100 0.0 25 18
2989 100 0.0 25 18
2990 100 0.0 25 18
2991 100 0.0 25 18
2992 100 0.0 25 18
2993 100 0.0 25 18
2994 100 0.0 25 18
2995 100 0.0 25 18
2996 100 0.0 25 18
2997 100 0.0 25 18
2998 100 0.0 25 18
2999 100 0.0 25 18
3000 100 0.0 25 18
3001 100 0.0 25 18
3002 100 0.0 25 18
3003 100 0.0 25 18
3004 100 0.0 25 18
3005 100 0.0 25 18
3006 100 0.0 25 18
3007 100 0.0 25 18
3008 100 0.0 25 18
3009 100 0.0 25 18
3010 100 0.0 25 18
3011 100 0.0 25 18
3012 100 0.0 25 18
3013 100 0.0 25 18
3014 100 0.0 25 18
3015 100 0.0 25 18
3016 100 0.0 25 18
3017 100 0.0 25 18
3018 100 0.0 25 18
3019 100 0.0 25 18
3020 100 0.0 25 18
3021 100 0.0 25 18
3022 100 0.0 25 18
3023 100 0.0 25 18
3024 100 0.0 25 18
3025 100 0.0 25 18
3026 100 0.0 25 18
3027 100 0.0 25 18
3028 100 0.0 25 18
3029 100 0.0 25 18
3030 100 0.0 25 18
3031 100 0.0 25 18
3032 100 0.0 25 18
3033 100 0.0 25 18
3034 100 0.0 25 18
3035 100 0.0 25 18
3036 100 0.0 25 18
3037 100 0.0 25 18
3038 100 0.0 25 18
3039 100 0.0 25 18
3040 100 0.0 25 18
3041 100 0.0 25 18
3042 100 0.0 25 18
3043 100 0.0 25 18
3044 100 0.0 25 18
3045 100 0.0 25 18
3046 100 0.0 25 18
3047 100 0.0 25 18
3048 100 0.0 25 18
3049 100 0.0 25 18
3050 100 0.0 25 18
3051 100 0.0 25 18
3052 100 0.0 25 18
3053 100 0.0 25 18
3054 100 0.0 25 18
3055 100 0.0 25 18
3056 100 0.0 25 18
3057 100 0.0 25 18
3058 100 0.0 25 18
3059 100 0.0 25 18
3060 100 0.0 25 18
3061 100 0.0 25 18
3062 100 0.0 25 18
3063 100 0.0 25 18
3064 100 0.0 25 18
3065 100 0.0 25 18
3066 100 0.0 25 18
3067 100 0.0 25 18
3068 100 0.0 25 18
3069 100 0.0 25 18
3070 100 0.0 25 18
3071 100 0.0 25 18
3072 100 0.0 25 18
3073 100 0.0 25 18
3074 100 0.0 25 18
3075 100 0.0 25 18
3076 100 0.0 25 18
3077 100 0.0 25 18
3078 100 0.0 25 18
3079 100 0.0 25 18
3080 100 0.0 25 18
3081 100 0.0 25 18
3082 100 0.0 25 18
3083 100 0.0 25 18
3084 100 0.0 25 18
3085 100 0.0 25 18
3086 100 0.0 25 18
3087 100 0.0 25 18
3088 100 0.0 25 18
3089 100 0.0 25 18
3090 100 0.0 25 18
3091 100 0.0 25 18
3092 100 0.0 25 18
3093 100 0.0 25 18
3094 100 0.0 25 18
3095 100 0.0 25 18
3096 100 0.0 25 18
3097 100 0.0 25 18
3098 100 0.0 25 18
3099 100 0.0 25 18
3100 100 0.0 25 18
3101 100 0.0 25 18
3102 100 0.0 25 18
3103 100 0.0 25 18
3104 100 0.0 25 18
3105 100 0.0 25 18
3106 100 0.0 25 18
3107 100 0.0 25 18
3108 100 0.0 25 18
3109 100 0.0 25 18
3110 100 0.0 25 18
3111 100 0.0 25 18
3112 100 0.0 25 18
3113 100 0.0 25 18
3114 100 0.0 25 18
3115 100 0.0 25 18
3116 100 0.0 25 18
3117 100 0.0 25 18
3118 100 0.0 25 18
3119 100 0.0 25 18
3120 100 0.0 25 18
3121 100 0.0 25 18
3122 100 0.0 25 18
3123 100 0.0 25 18
3124 100 0.0 25 18
3125 100 0.0 25 18
3126 100 0.0 25 18
3127 100 0.0 25 18
3128 100 0.0 25 18
3129 100 0.0 25 18
3130 100 0.0 25 18
3131 100 0.0 25 18
3132 100 0.0 25 18
3133 100 0.0 25 18
3134 100 0.0 25 18
3135 100 0.0 25 18
3136 100 0.0 25 18
3137 100 0.0 25 18
3138 100 0.0 25 18
3139 100 0.0 25 18
3140 100 0.0 25 18
3141 100 0.0 25 18
3142 100 0.0 25 18
3143 100 0.0 25 18
3144 100 0.0 25 18
3145 100 0.0 25 18
3146 100 0.0 25 18
3147 100 0.0 25 18
3148 100 0.0 25 18
3149 100 0.0 25 18
3150 100 0.0 25 18
3151 100 0.0 25 18
3152 100 0.0 25 18
3153 100 0.0 25 18
3154 100 0.0 25 18
3155 100 0.0 25 18
3156 100 0.0 25 18
3157 100 0.0 25 18
3158 100 0.0 25 18
3159 100 0.0 25 18
3160 100 0.0 25 18
3161 100 0.0 25 18
3162 100 0.0 25 18
3163 100 0.0 25 18
3164 100 0.0 25 18
3165 100 0.0 25 18
3166 100 0.0 25 18
3167 100 0.0 25 18
3168 100 0.0 25 18
3169 100 0.0 25 18
3170 100 0.0 25 18
3171 100 0.0 25 18
3172 100 0.0 25 18
3173 100 0.0 25 18
3174 100 0.0 25 18
3175 100 0.0 25 18
3176 100 0.0 25 18
3177 100 0.0 25 18
3178 100 0.0 25 18
3179 100 0.0 25 18
3180 100 0.0 25 18
3181 100 0.0 25 18
3182 100 0.0 25 18
3183 100 0.0 25 18
3184 100 0.0 25 18
3185 100 0.0 25 18
3186 100 0.0 25 18
3187 100 0.0 25 18
3188 100 0.0 25 18
3189 100 0.0 25 18
3190 100 0.0 25 18
3191 100 0.0 25 18
3192 100 0.0 25 18
3193 100 0.0 25 18
3194 100 0.0 25 18
3195 100 0.0 25 18
3196 100 0.0 25 18
3197 100 0.0 25 18
3198 100 0.0 25 18
3199 100 0.0 25 18
3200 100 0.0 25 18
3201 100 0.0 25 18
3202 100 0.0 25 18
3203 100 0.0 25 18
3204 100 0.0 25 18
3205 100 0.0 25 18
3206 100 0.0 25 18
3207 100 0.0 25 18
3208 100 0.0 25 18
3209 100 0.0 25 18
3210 100 0.0 25 18
3211 100 0.0 25 18
3212 100 0.0 25 18
3213 100 0.0 25 18
3214 100 0.0 25 18
3215 100 0.0 25 18
3216 100 0.0 25 18
3217 100 0.0 25 18
3218 100 0.0 25 18
3219 100 0.0 25 18
3220 100 0.0 25 18
3221 100 0.0 25 18
3222 100 0.0 25 18
3223 100 0.0 25 18
3224 100 0.0 25 18
3225 100 0.0 25 18
3226 100 0.0 25 18
3227 100 0.0 25 18
3228 100 0.0 25 18
3229 100 0.0 25 18
3230 100 0.0 25 18
3231 100 0.0 25 18
3232 100 0.0 25 18
3233 100 0.0 25 18
3234 100 0.0 25 18
3235 100 0.0 25 18
3236 100 0.0 25 18
3237 100 0.0 25 18
3238 100 0.0 25 18
3239 100 0.0 25 18
3240 100 0.0 25 18
3241 100 0.0 25 18
3242 100 0.0 25 18
3243 100 0.0 25 18
3244 100 0.0 25 18
3245 100 0.0 25 18
3246 100 0.0 25 18
3247 100 0.0 25 18
3248 100 0.0 25 18
3249 100 0.0 25 18
3250 100 0.0 25 18
3251 100 0.0 25 18
3252 100 0.0 25 18
3253 100 0.0 25 18
3254 100 0.0 25 18
3255 100 0.0 25 18
3256 100 0.0 25 18
3257 100 0.0 25 18
3258 100 0.0 25 18
3259 100 0.0 25 18
3260 100 0.0 25 18
3261 100 0.0 25 18
3262 100 0.0 25 18
3263 100 0.0 25 18
3264 100 0.0 25 18
3265 100 0.0 25 18
3266 100 0.0 25 18
3267 100 0.0 25 18
3268 100 0.0 25 18
3269 100 0.0 25 18
3270 100 0.0 25 18
3271 100 0.0 25 18
3272 100 0.0 25 18
3273 100 0.0 25 18
3274 100 0.0 25 18
3275 100 0.0 25 18
3276 100 0.0 25 18
3277 100 0.0 25 18
3278 100 0.0 25 18
3279 100 0.0 25 18
3280 100 0.0 25 18
3281 100 0.0 25 18
3282 100 0.0 25 18
3283 100 0.0 25 18
3284 100 0.0 25 18
3285 100 0.0 25 18
3286 100 0.0 25 18
3287 100 0.0 25 18
3288 100 0.0 25 18
3289 100 0.0 25 18
3290 100 0.0 25 18
3291 100 0.0 25 18
3292 100 0.0 25 18
3293 100 0.0 25 18
3294 100 0.0 25 18
3295 100 0.0 25 18
3296 100 0.0 25 18
3297 100 0.0 25 18
3298 100 0.0 25 18
3299 100 0.0 25 18
3300 100 0.0 25 18
3301 100 0.0 25 18
3302 100 0.0 25 18
3303 100 0.0 25 18
3304 100 0.0 25 18
3305 100 0.0 25 18
3306 100 0.0 25 18
3307 100 0.0 25 18
3308 100 0.0 25 18
3309 100 0.0 25 18
3310 100 0.0 25 18
3311 100 0.0 25 18
3312 100 0.0 25 18
3313 100 0.0 25 18
3314 100 0.0 25 18
3315 100 0.0 25 18
3316 100 0.0 25 18
3317 100 0.0 25 18
3318 100 0.0 25 18
3319 100 0.0 25 18
3320 100 0.0 25 18
3321 100 0.0 25 18
3322 100 0.0 25 18
3323 100 0.0 25 18
3324 100 0.0 25 18
3325 100 0.0 25 18
3326 100 0.0 25 18
3327 100 0.0 25 18
3328 100 0.0 25 18
3329 100 0.0 25 18
3330 100 0.0 25 18
3331 100 0.0 25 18
3332 100 0.0 25 18
3333 100 0.0 25 18
3334 100 0.0 25 18
3335 100 0.0 25 18
3336 100 0.0 25 18
3337 100 0.0 25 18
3338 100 0.0 25 18
3339 100 0.0 25 18
3340 100 0.0 25 18
3341 100 0.0 25 18
3342 100 0.0 25 18
3343 100 0.0 25 18
3344 100 0.0 25 18
3345 100 0.0 25 18
3346 100 0.0 25 18
3347 100 0.0 25 18
3348 100 0.0 25 18
3349 100 0.0 25 18
3350 100 0.0 25 18
3351 100 0.0 25 18
3352 100 0.0 25 18
3353 100 0.0 25 18
3354 100 0.0 25 18
3355 100 0.0 25 18
3356 100 0.0 25 18
3357 100 0.0 25 18
3358 100 0.0 25 18
3359 100 0.0 25 18
3360 100 0.0 25 18
3361 100 0.0 25 18
3362 100 0.0 25 18
3363 100 0.0 25 18
3364 100 0.0 25 18
3365 100 0.0 25 18
3366 100 0.0 25 18
3367 100 0.0 25 18
3368 100 0.0 25 18
3369 100 0.0 25 18
3370 100 0.0 25 18
3371 100 0.0 25 18
3372 100 0.0 25 18
3373 100 0.0 25 18
3374 100 0.0 25 18
3375 100 0.0 25 18
3376 100 0.0 25 18
3377 100 0.0 25 18
3378 100 0.0 25 18
3379 100 0.0 25 18
3380 100 0.0 25 18
3381 100 0.0 25 18
3382 100 0.0 25 18
3383 100 0.0 25 18
3384 100 0.0 25 18
3385 100 0.0 25 18
3386 100 0.0 25 18
3387 100 0.0 25 18
3388 100 0.0 25 18
3389 100 0.0 25 18
3390 100 0.0 25 18
3391 100 0.0 25 18
3392 100 0.0 25 18
3393 100 0.0 25 18
3394 100 0.0 25 18
3395 100 0.0 25 18
3396 100 0.0 25 18
3397 100 0.0 25 18
3398 100 0.0 25 18
3399 100 0.0 25 18
3400 100 0.0 25 18
3401 100 0.0 25 18
3402 100 0.0 25 18
3403 100 0.0 25 18
3404 100 0.0 25 18
3405 100 0.0 25 18
3406 100 0.0 25 18
3407 100 0.0 25 18
3408 100 0.0 25 18
3409 100 0.0 25 18
3410 100 0.0 25 18
3411 100 0.0 25 18
3412 100 0.0 25 18
3413 100 0.0 25 18
3414 100 0.0 25 18
3415 100 0.0 25 18
3416 100 0.0 25 18
3417 100 0.0 25 18
3418 100 0.0 25 18
3419 100 0.0 25 18
3420 100 0.0 25 18
3421 100 0.0 25 18
3422 100 0.0 25 18
3423 100 0.0 25 18
3424 100 0.0 25 18
3425 100 0.0 25 18
3426 100 0.0 25 18
3427 100 0.0 25 18
3428 100 0.0 25 18
3429 100 0.0 25 18
3430 100 0.0 25 18
3431 100 0.0 25 18
3432 100 0.0 25 18
3433 100 0.0 25 18
3434 100 0.0 25 18
3435 100 0.0 25 18
3436 100 0.0 25 18
3437 100 0.0 25 18
3438 100 0.0 25 18
3439 100 0.0 25 18
3440 100 0.0 25 18
3441 100 0.0 25 18
3442 100 0.0 25 18
3443 100 0.0 25 18
3444 100 0.0 25 18
3445 100 0.0 25 18
3446 100 0.0 25 18
3447 100 0.0 25 18
3448 100 0.0 25 18
3449 100 0.0 25 18
3450 100 0.0 25 18
3451 100 0.0 25 18
3452 100 0.0 25 18
3453 100 0.0 25 18
3454 100 0.0 25 18
3455 100 0.0 25 18
3456 100 0.0 25 18
3457 100 0.0 25 18
3458 100 0.0 25 18
3459 100 0.0 25 18
3460 100 0.0 25 18
3461 100 0.0 25 18
3462 100 0.0 25 18
3463 100 0.0 25 18
3464 100 0.0 25 18
3465 100 0.0 25 18
3466 100 0.0 25 18
3467 100 0.0 25 18
3468 100 0.0 25 18
3469 100 0.0 25 18
3470 100 0.0 25 18
3471 100 0.0 25 18
3472 100 0.0 25 18
3473 100 0.0 25 18
3474 100 0.0 25 18
3475 100 0.0 25 18
3476 100 0.0 25 18
3477 100 0.0 25 18
3478 100 0.0 25 18
3479 100 0.0 25 18
3480 100 0.0 25 18
3481 100 0.0 25 18
3482 100 0.0 25 18
3483 100 0.0 25 18
3484 100 0.0 25 18
3485 100 0.0 25 18
3486 100 0.0 25 18
3487 100 0.0 25 18
3488 100 0.0 25 18
3489 100 0.0 25 18
3490 100 0.0 25 18
3491 100 0.0 25 18
3492 100 0.0 25 18
3493 100 0.0 25 18
3494 100 0.0 25 18
3495 100 0.0 25 18
3496 100 0.0 25 18
3497 100 0.0 25 18
3498 100 0.0 25 18
3499 100 0.0 25 18
3500 100 0.0 25 18
3501 100 0.0 25 18
3502 100 0.0 25 18
3503 100 0.0 25 18
3504 100 0.0 25 18
3505 100 0.0 25 18
3506 100 0.0 25 18
3507 100 0.0 25 18
3508 100 0.0 25 18
3509 100 0.0 25 18
3510 100 0.0 25 18
3511 100 0.0 25 18
3512 100 0.0 25 18
3513 100 0.0 25 18
3514 100 0.0 25 18
3515 100 0.0 25 18
3516 100 0.0 25 18
3517 100 0.0 25 18
3518 100 0.0 25 18
3519 100 0.0 25 18
3520 100 0.0 25 18
3521 100 0.0 25 18
3522 100 0.0 25 18
3523 100 0.0 25 18
3524 100 0.0 25 18
3525 100 0.0 25 18
3526 100 0.0 25 18
3527 100 0.0 25 18
3528 100 0.0 25 18
3529 100 0.0 25 18
3530 100 0.0 25 18
3531 100 0.0 25 18
3532 100 0.0 25 18
3533 100 0.0 25 18
3534 100 0.0 25 18
3535 100 0.0 25 18
3536 100 0.0 25 18
3537 100 0.0 25 18
3538 100 0.0 25 18
3539 100 0.0 25 18
3540 100 0.0 25 18
3541 100 0.0 25 18
3542 100 0.0 25 18
3543 100 0.0 25 18
3544 100 0.0 25 18
3545 100 0.0 25 18
3546 100 0.0 25 18
3547 100 0.0 25 18
3548 100 0.0 25 18
3549 100 0.0 25 18
3550 100 0.0 25 18
3551 100 0.0 25 18
3552 100 0.0 25 18
3553 100 0.0 25 18
3554 100 0.0 25 18
3555 100 0.0 25 18
3556 100 0.0 25 18
3557 100 0.0 25 18
3558 100 0.0 25 18
3559 100 0.0 25 18
3560 100 0.0 25 18
3561 100 0.0 25 18
3562 100 0.0 25 18
3563 100 0.0 25 18
3564 100 0.0 25 18
3565 100 0.0 25 18
3566 100 0.0 25 18
3567 100 0.0 25 18
3568 100 0.0 25 18
3569 100 0.0 25 18
3570 100 0.0 25 18
3571 100 0.0 25 18
3572 100 0.0 25 18
3573 100 0.0 25 18
3574 100 0.0 25 18
3575 100 0.0 25 18
3576 100 0.0 25 18
3577 100 0.0 25 18
3578 100 0.0 25 18
3579 100 0.0 25 18
3580 100 0.0 25 18
3581 100 0.0 25 18
3582 100 0.0 25 18
3583 100 0.0 25 18
3584 100 0.0 25 18
3585 100 0.0 25 18
3586 100 0.0 25 18
3587 100 0.0 25 18
3588 100 0.0 25 18
3589 100 0.0 25 18
3590 100 0.0 25 18
3591 100 0.0 25 18
3592 100 0.0 25 18
3593 100 0.0 25 18
3594 100 0.0 25 18
3595 100 0.0 25 18
3596 100 0.0 25 18
3597 100 0.0 25 18
3598 100 0.0 25 18
3599 100 0.0 25 18
3600 100 0.0 25 18
3601 100 0.0 25 18
3602 100 0.0 25 18
3603 100 0.0 25 18
3604 100 0.0 25 18
3605 100 0.0 25 18
3606 100 0.0 25 18
3607 100 0.0 25 18
3608 100 0.0 25 18
3609 100 0.0 25 18
3610 100 0.0 25 18
3611 100 0.0 25 18
3612 100 0.0 25 18
3613 100 0.0 25 18
3614 100 0.0 25 18
3615 100 0.0 25 18
3616 100 0.0 25 18
3617 100 0.0 25 18
3618 100 0.0 25 18
3619 100 0.0 25 18
3620 100 0.0 25 18
3621 100 0.0 25 18
3622 100 0.0 25 18
3623 100 0.0 25 18
3624 100 0.0 25 18
3625 100 0.0 25 18
3626 100 0.0 25 18
3627 100 0.0 25 18
3628 100 0.0 25 18
3629 100 0.0 25 18
3630 100 0.0 25 18
3631 100 0.0 25 18
3632 100 0.0 25 18
3633 100 0.0 25 18
3634 100 0.0 25 18
3635 100 0.0 25 18
3636 100 0.0 25 18
3637 100 0.0 25 18
3638 100 0.0 25 18
3639 100 0.0 25 18
3640 100 0.0 25 18
3641 100 0.0 25 18
3642 100 0.0 25 18
3643 100 0.0 25 18
3644 100 0.0 25 18
3645 100 0.0 25 18
3646 100 0.0 25 18
3647 100 0.0 25 18
3648 100 0.0 25 18
3649 100 0.0 25 18
3650 100 0.0 25 18
3651 100 0.0 25 18
3652 100 0.0 25 18
3653 100 0.0 25 18
3654 100 0.0 25 18
3655 100 0.0 25 18
3656 100 0.0 25 18
3657 100 0.0 25 18
3658 100 0.0 25 18
3659 100 0.0 25 18
3660 100 0.0 25 18
3661 100 0.0 25 18
3662 100 0.0 25 18
3663 100 0.0 25 18
3664 100 0.0 25 18
3665 100 0.0 25 18
3666 100 0.0 25 18
3667 100 0.0 25 18
3668 100 0.0 25 18
3669 100 0.0 25 18
3670 100 0.0 25 18
3671 100 0.0 25 18
3672 100 0.0 25 18
3673 100 0.0 25 18
3674 100 0.0 25 18
3675 100 0.0 25 18
3676 100 0.0 25 18
3677 100 0.0 25 18
3678 100 0.0 25 18
3679 100 0.0 25 18
3680 100 0.0 25 18
3681 100 0.0 25 18
3682 100 0.0 25 18
3683 100 0.0 25 18
3684 100 0.0 25 18
3685 100 0.0 25 18
3686 100 0.0 25 18
3687 100 0.0 25 18
3688 100 0.0 25 18
3689 100 0.0 25 18
3690 100 0.0 25 18
3691 100 0.0 25 18
3692 100 0.0 25 18
3693 100 0.0 25 18
3694 100 0.0 25 18
3695 100 0.0 25 18
3696 100 0.0 25 18
3697 100 0.0 25 18
3698 100 0.0 25 18
3699 100 0.0 25 18
3700 100 0.0 25 18
3701 100 0.0 25 18
3702 100 0.0 25 18
3703 100 0.0 25 18
3704 100 0.0 25 18
3705 100 0.0 25 18
3706 100 0.0 25 18
3707 100 0.0 25 18
3708 100 0.0 25 18
3709 100 0.0 25 18
3710 100 0.0 25 18
3711 100 0.0 25 18
3712 100 0.0 25 18
3713 100 0.0 25 18
3714 100 0.0 25 18
3715 100 0.0 25 18
3716 100 0.0 25 18
3717 100 0.0 25 18
3718 100 0.0 25 18
3719 100 0.0 25 18
3720 100 0.0 25 18
3721 100 0.0 25 18
3722 100 0.0 25 18
3723 100 0.0 25 18
3724 100 0.0 25 18
3725 100 0.0 25 18
3726 100 0.0 25 18
3727 100 0.0 25 18
3728 100 0.0 25 18
3729 100 0.0 25 18
3730 100 0.0 25 18
3731 100 0.0 25 18
3732 100 0.0 25 18
3733 100 0.0 25 18
3734 100 0.0 25 18
3735 100 0.0 25 18
3736 100 0.0 25 18
3737 100 0.0 25 18
3738 100 0.0 25 18
3739 100 0.0 25 18
3740 100 0.0 25 18
3741 100 0.0 25 18
3742 100 0.0 25 18
3743 100 0.0 25 18
3744 100 0.0 25 18
3745 100 0.0 25 18
3746 100 0.0 25 18
3747 100 0.0 25 18
3748 100 0.0 25 18
3749 100 0.0 25 18
3750 100 0.0 25 18
3751 100 0.0 25 18
3752 100 0.0 25 18
3753 100 0.0 25 18
3754 100 0.0 25 18
3755 100 0.0 25 18
3756 100 0.0 25 18
3757 100 0.0 25 18
3758 100 0.0 25 18
3759 100 0.0 25 18
3760 100 0.0 25 18
3761 100 0.0 25 18
3762 100 0.0 25 18
3763 100 0.0 25 18
3764 100 0.0 25 18
3765 100 0.0 25 18
3766 100 0.0 25 18
3767 100 0.0 25 18
3768 100 0.0 25 18
3769 100 0.0 25 18
3770 100 0.0 25 18
3771 100 0.0 25 18
3772 100 0.0 25 18
3773 100 0.0 25 18
3774 100 0.0 25 18
3775 100 0.0 25 18
3776 100 0.0 25 18
3777 100 0.0 25 18
3778 100 0.0 25 18
3779 100 0.0 25 18
3780 100 0.0 25 18
3781 100 0.0 25 18
3782 100 0.0 25 18
3783 100 0.0 25 18
3784 100 0.0 25 18
3785 100 0.0 25 18
3786 100 0.0 25 18
3787 100 0.0 25 18
3788 100 0.0 25 18
3789 100 0.0 25 18
3790 100 0.0 25 18
3791 100 0.0 25 18
3792 100 0.0 25 18
3793 100 0.0 25 18
3794 100 0.0 25 18
3795 100 0.0 25 18
3796 100 0.0 25 18
3797 100 0.0 25 18
3798 100 0.0 25 18
3799 100 0.0 25 18
3800 100 0.0 25 18
3801 100 0.0 25 18
3802 100 0.0 25 18
3803 100 0.0 25 18
3804 100 0.0 25 18
3805 100 0.0 25 18
3806 100 0.0 25 18
3807 100 0.0 25 18
3808 100 0.0 25 18
3809 100 0.0 25 18
3810 100 0.0 25 18
3811 100 0.0 25 18
3812 100 0.0 25 18
3813 100 0.0 25 18
3814 100 0.0 25 18
3815 100 0.0 25 18
3816 100 0.0 25 18
3817 100 0.0 25 18
3818 100 0.0 25 18
3819 100 0.0 25 18
3820 100 0.0 25 18
3821 100 0.0 25 18
3822 100 0.0 25 18
3823 100 0.0 25 18
3824 100 0.0 25 18
3825 100 0.0 25 18
3826 100 0.0 25 18
3827 100 0.0 25 18
3828 100 0.0 25 18
3829 100 0.0 25 18
3830 100 0.0 25 18
3831 100 0.0 25 18
3832 100 0.0 25 18
3833 100 0.0 25 18
3834 100 0.0 25 18
3835 100 0.0 25 18
3836 100 0.0 25 18
3837 100 0.0 25 18
3838 100 0.0 25 18
3839 100 0.0 25 18
3840 100 0.0 25 18
3841 100 0.0 25 18
3842 100 0.0 25 18
3843 100 0.0 25 18
3844 100 0.0 25 18
3845 100 0.0 25 18
3846 100 0.0 25 18
3847 100 0.0 25 18
3848 100 0.0 25 18
3849 100 0.0 25 18
3850 100 0.0 25 18
3851 100 0.0 25 18
3852 100 0.0 25 18
3853 100 0.0 25 18
3854 100 0.0 25 18
3855 100 0.0 25 18
3856 100 0.0 25 18
3857 100 0.0 25 18
3858 100 0.0 25 18
3859 100 0.0 25 18
3860 100 0.0 25 18
3861 100 0.0 25 18
3862 100 0.0 25 18
3863 100 0.0 25 18
3864 100 0.0 25 18
3865 100 0.0 25 18
3866 100 0.0 25 18
3867 100 0.0 25 18
3868 100 0.0 25 18
3869 100 0.0 25 18
3870 100 0.0 25 18
3871 100 0.0 25 18
3872 100 0.0 25 18
3873 100 0.0 25 18
3874 100 0.0 25 18
3875 100 0.0 25 18
3876 100 0.0 25 18
3877 100 0.0 25 18
3878 100 0.0 25 18
3879 100 0.0 25 18
3880 100 0.0 25 18
3881 100 0.0 25 18
3882 100 0.0 25 18
3883 100 0.0 25 18
3884 100 0.0 25 18
3885 100 0.0 25 18
3886 100 0.0 25 18
3887 100 0.0 25 18
3888 100 0.0 25 18
3889 100 0.0 25 18
3890 100 0.0 25 18
3891 100 0.0 25 18
3892 100 0.0 25 18
3893 100 0.0 25 18
3894 100 0.0 25 18
3895 100 0.0 25 18
3896 100 0.0 25 18
3897 100 0.0 25 18
3898 100 0.0 25 18
3899 100 0.0 25 18
3900 100 0.0 25 18
3901 100 0.0 25 18
3902 100 0.0 25 18
3903 100 0.0 25 18
3904 100 0.0 25 18
3905 100 0.0 25 18
3906 100 0.0 25 18
3907 100 0.0 25 18
3908 100 0.0 25 18
3909 100 0.0 25 18
3910 100 0.0 25 18
3911 100 0.0 25 18
3912 100 0.0 25 18
3913 100 0.0 25 18
3914 100 0.0 25 18
3915 100 0.0 25 18
3916 100 0.0 25 18
3917 100 0.0 25 18
3918 100 0.0 25 18
3919 100 0.0 25 18
3920 100 0.0 25 18
3921 100 0.0 25 18
3922 100 0.0 25 18
3923 100 0.0 25 18
3924 100 0.0 25 18
3925 100 0.0 25 18
3926 100 0.0 25 18
3927 100 0.0 25 18
3928 100 0.0 25 18
3929 100 0.0 25 18
3930 100 0.0 25 18
3931 100 0.0 25 18
3932 100 0.0 25 18
3933 100 0.0 25 18
3934 100 0.0 25 18
3935 100 0.0 25 18
3936 100 0.0 25 18
3937 100 0.0 25 18
3938 100 0.0 25 18
3939 100 0.0 25 18
3940 100 0.0 25 18
3941 100 0.0 25 18
3942 100 0.0 25 18
3943 100 0.0 25 18
3944 100 0.0 25 18
3945 100 0.0 25 18
3946 100 0.0 25 18
3947 100 0.0 25 18
3948 100 0.0 25 18
3949 100 0.0 25 18
3950 100 0.0 25 18
3951 100 0.0 25 18
3952 100 0.0 25 18
3953 100 0.0 25 18
3954 100 0.0 25 18
3955 100 0.0 25 18
3956 100 0.0 25 18
3957 100 0.0 25 18
3958 100 0.0 25 18
3959 100 0.0 25 18
3960 100 0.0 25 18
3961 100 0.0 25 18
3962 100 0.0 25 18
3963 100 0.0 25 18
3964 100 0.0 25 18
3965 100 0.0 25 18
3966 100 0.0 25 18
3967 100 0.0 25 18
3968 100 0.0 25 18
3969 100 0.0 25 18
3970 100 0.0 25 18
3971 100 0.0 25 18
3972 100 0.0 25 18
3973 100 0.0 25 18
3974 100 0.0 25 18
3975 100 0.0 25 18
3976 100 0.0 25 18
3977 100 0.0 25 18
3978 100 0.0 25 18
3979 100 0.0 25 18
3980 100 0.0 25 18
3981 100 0.0 25 18
3982 100 0.0 25 18
3983 100 0.0 25 18
3984 100 0.0 25 18
3985 100 0.0 25 18
3986 100 0.0 25 18
3987 100 0.0 25 18
3988 100 0.0 25 18
3989 100 0.0 25 18
3990 100 0.0 25 18
3991 100 0.0 25 18
3992 100 0.0 25 18
3993 100 0.0 25 18
3994 100 0.0 25 18
3995 100 0.0 25 18
3996 100 0.0 25 18
3997 100 0.0 25 18
3998 100 0.0 25 18
3999 100 0.0 25 18
4000 100 0.0 25 18
4001 100 0.0 25 18
4002 100 0.0 25 18
4003 100 0.0 25 18
4004 100 0.0 25 18
4005 100 0.0 25 18
4006 100 0.0 25 18
4007 100 0.0 25 18
4008 100 0.0 25 18
4009 100 0.0 25 18
4010 100 0.0 25 18
4011 100 0.0 25 18
4012 100 0.0 25 18
4013 100 0.0 25 18
4014 100 0.0 25 18
4015 100 0.0 25 18
4016 100 0.0 25 18
4017 100 0.0 25 18
4018 100 0.0 25 18
4019 100 0.0 25 18
4020 100 0.0 25 18
4021 100 0.0 25 18
4022 100 0.0 25 18
4023 100 0.0 25 18
4024 100 0.0 25 18
4025 100 0.0 25 18
4026 100 0.0 25 18
4027 100 0.0 25 18
4028 100 0.0 25 18
4029 100 0.0 25 18
4030 100 0.0 25 18
4031 100 0.0 25 18
4032 100 0.0 25 18
4033 100 0.0 25 18
4034 100 0.0 25 18
4035 100 0.0 25 18
4036 100 0.0 25 18
4037 100 0.0 25 18
4038 100 0.0 25 18
4039 100 0.0 25 18
4040 100 0.0 25 18
4041 100 0.0 25 18
4042 100 0.0 25 18
4043 100 0.0 25 18
4044 100 0.0 25 18
4045 100 0.0 25 18
4046 100 0.0 25 18
4047 100 0.0 25 18
4048 100 0.0 25 18
4049 100 0.0 25 18
4050 100 0.0 25 18
4051 100 0.0 25 18
4052 100 0.0 25 18
4053 100 0.0 25 18
4054 100 0.0 25 18
4055 100 0.0 25 18
4056 100 0.0 25 18
4057 100 0.0 25 18
4058 100 0.0 25 18
4059 100 0.0 25 18
4060 100 0.0 25 18
4061 100 0.0 25 18
4062 100 0.0 25 18
4063 100 0.0 25 18
4064 100 0.0 25 18
4065 100 0.0 25 18
4066 100 0.0 25 18
4067 100 0.0 25 18
4068 100 0.0 25 18
4069 100 0.0 25 18
4070 100 0.0 25 18
4071 100 0.0 25 18
4072 100 0.0 25 18
4073 100 0.0 25 18
4074 100 0.0 25 18
4075 100 0.0 25 18
4076 100 0.0 25 18
4077 100 0.0 25 18
4078 100 0.0 25 18
4079 100 0.0 25 18
4080 100 0.0 25 18
4081 100 0.0 25 18
4082 100 0.0 25 18
4083 100 0.0 25 18
4084 100 0.0 25 18
4085 100 0.0 25 18
4086 100 0.0 25 18
4087 100 0.0 25 18
4088 100 0.0 25 18
4089 100 0.0 25 18
4090 100 0.0 25 18
4091 100 0.0 25 18
4092 100 0.0 25 18
4093 100 0.0 25 18
4094 100 0.0 25 18
4095 100 0.0 25 18
4096 100 0.0 25 18
4097 100 0.0 25 18
4098 100 0.0 25 18
4099 100 0.0 25 18
4100 100 0.0 25 18
4101 100 0.0 25 18
4102 100 0.0 25 18
4103 100 0.0 25 18
4104 100 0.0 25 18
4105 100 0.0 25 18
4106 100 0.0 25 18
4107 100 0.0 25 18
4108 100 0.0 25 18
4109 100 0.0 25 18
4110 100 0.0 25 18
4111 100 0.0 25 18
4112 100 0.0 25 18
4113 100 0.0 25 18
4114 100 0.0 25 18
4115 100 0.0 25 18
4116 100 0.0 25 18
4117 100 0.0 25 18
4118 100 0.0 25 18
4119 100 0.0 25 18
4120 100 0.0 25 18
4121 100 0.0 25 18
4122 100 0.0 25 19
4123 100 0.0 25 19
4124 100 0.0 25 19
4125 100 0.0 25 19
4126 100 0.0 25 19
4127 100 0.0 25 19
4128 100 0.0 25 19
4129 100 0.0 25 19
4130 100 0.0 25 19
4131 100 0.0 25 19
4132 100 0.0 25 19
4133 100 0.0 25 19
4134 100 0.0 25 19
4135 100 0.0 25 19
4136 100 0.0 25 19
4137 100 0.0 25 19
4138 100 0.0 25 19
4139 100 0.0 25 19
4140 100 0.0 25 19
4141 100 0.0 25 19
4142 100 0.0 25 19
4143 100 0.0 25 19
4144 100 0.0 25 19
4145 100 0.0 25 19
4146 100 0.0 25 19
4147 100 0.0 25 19
4148 100 0.0 25 19
4149 100 0.0 25 19
4150 100 0.0 25 19
4151 100 0.0 25 19
4152 100 0.0 25 19
4153 100 0.0 25 19
4154 100 0.0 25 19
4155 100 0.0 25 19
4156 100 0.0 25 19
4157 100 0.0 25 19
4158 100 0.0 25 19
4159 100 0.0 25 19
4160 100 0.0 25 19
4161 100 0.0 25 19
4162 100 0.0 25 19
4163 100 0.0 25 19
4164 100 0.0 25 19
4165 100 0.0 25 19
4166 100 0.0 25 19
4167 100 0.0 25 19
4168 100 0.0 25 19
4169 100 0.0 25 19
4170 100 0.0 25 19
4171 100 0.0 25 19
4172 100 0.0 25 19
4173 100 0.0 25 19
4174 100 0.0 25 19
4175 100 0.0 25 19
4176 100 0.0 25 19
4177 100 0.0 25 19
4178 100 0.0 25 19
4179 100 0.0 25 19
4180 100 0.0 25 19
4181 100 0.0 25 19
4182 100 0.0 25 19
4183 100 0.0 25 19
4184 100 0.0 25 19
4185 100 0.0 25 19
4186 100 0.0 25 19
4187 100 0.0 25 19
4188 100 0.0 25 19
4189 100 0.0 25 19
4190 100 0.0 25 19
4191 100 0.0 25 19
4192 100 0.0 25 19
4193 100 0.0 25 19
4194 100 0.0 25 19
4195 100 0.0 25 19
4196 100 0.0 25 19
4197 100 0.0 25 19
4198 100 0.0 25 19
4199 100 0.0 25 19
4200 100 0.0 25 19
4201 100 0.0 25 19
4202 100 0.0 25 19
4203 100 0.0 25 19
4204 100 0.0 25 19
4205 100 0.0 25 19
4206 100 0.0 25 19
4207 100 0.0 25 19
4208 100 0.0 25 19
4209 100 0.0 25 19
4210 100 0.0 25 19
4211 100 0.0 25 19
4212 100 0.0 25 19
4213 100 0.0 25 19
4214 100 0.0 25 19
4215 100 0.0 25 19
4216 100 0.0 25 19
4217 100 0.0 25 19
4218 100 0.0 25 19
4219 100 0.0 25 19
4220 100 0.0 25 19
4221 100 0.0 25 19
4222 100 0.0 25 19
4223 100 0.0 25 19
4224 100 0.0 25 19
4225 100 0.0 25 19
4226 100 0.0 25 19
4227 100 0.0 25 19
4228 100 0.0 25 19
4229 100 0.0 25 19
4230 100 0.0 25 19
4231 100 0.0 25 19
4232 100 0.0 25 19
4233 100 0.0 25 19
4234 100 0.0 25 19
4235 100 0.0 25 19
4236 100 0.0 25 19
4237 100 0.0 25 19
4238 100 0.0 25 19
4239 100 0.0 25 19
4240 100 0.0 25 19
4241 100 0.0 25 19
4242 100 0.0 25 19
4243 100 0.0 25 19
4244 100 0.0 25 19
4245 100 0.0 25 19
4246 100 0.0 25 19
4247 100 0.0 25 19
4248 100 0.0 25 19
4249 100 0.0 25 19
4250 100 0.0 25 19
4251 100 0.0 25 19
4252 100 0.0 25 19
4253 100 0.0 25 19
4254 100 0.0 25 19
4255 100 0.0 25 19
4256 100 0.0 25 19
4257 100 0.0 25 19
4258 100 0.0 25 19
4259 100 0.0 25 19
4260 100 0.0 25 19
4261 100 0.0 25 19
4262 100 0.0 25 19
4263 100 0.0 25 19
4264 100 0.0 25 19
4265 100 0.0 25 19
4266 100 0.0 25 19
4267 100 0.0 25 19
4268 100 0.0 25 19
4269 100 0.0 25 19
4270 100 0.0 25 19
4271 100 0.0 25 19
4272 100 0.0 25 19
4273 100 0.0 25 19
4274 100 0.0 25 19
4275 100 0.0 25 19
4276 100 0.0 25 19
4277 100 0.0 25 19
4278 100 0.0 25 19
4279 100 0.0 25 19
4280 100 0.0 25 19
4281 100 0.0 25 19
4282 100 0.0 25 19
4283 100 0.0 25 19
4284 100 0.0 25 19
4285 100 0.0 25 19
4286 100 0.0 25 19
4287 100 0.0 25 19
4288 100 0.0 25 19
4289 100 0.0 25 19
4290 100 0.0 25 19
4291 100 0.0 25 19
4292 100 0.0 25 19
4293 100 0.0 25 19
4294 100 0.0 25 19
4295 100 0.0 25 19
4296 100 0.0 25 19
4297 100 0.0 25 19
4298 100 0.0 25 19
4299 100 0.0 25 19
4300 100 0.0 25 19
4301 100 0.0 25 19
4302 100 0.0 25 19
4303 100 0.0 25 19
4304 100 0.0 25 19
4305 100 0.0 25 19
4306 100 0.0 25 19
4307 100 0.0 25 19
4308 100 0.0 25 19
4309 100 0.0 25 19
4310 100 0.0 25 19
4311 100 0.0 25 19
4312 100 0.0 25 19
4313 100 0.0 25 19
4314 100 0.0 25 19
4315 100 0.0 25 19
4316 100 0.0 25 19
4317 100 0.0 25 19
4318 100 0.0 25 19
4319 100 0.0 25 19
4320 100 0.0 25 19
4321 100 0.0 25 19
4322 100 0.0 25 19
4323 100 0.0 25 19
4324 100 0.0 25 19
4325 100 0.0 25 19
4326 100 0.0 25 19
4327 100 0.0 25 19
4328 100 0.0 25 19
4329 100 0.0 25 19
4330 100 0.0 25 19
4331 100 0.0 25 19
4332 100 0.0 25 19
4333 100 0.0 25 19
4334 100 0.0 25 19
4335 100 0.0 25 19
4336 100 0.0 25 19
4337 100 0.0 25 19
4338 100 0.0 25 19
4339 100 0.0 25 19
4340 100 0.0 25 19
4341 100 0.0 25 19
4342 100 0.0 25 19
4343 100 0.0 25 19
4344 100 0.0 25 19
4345 100 0.0 25 19
4346 100 0.0 25 19
4347 100 0.0 25 19
4348 100 0.0 25 19
4349 100 0.0 25 19
4350 100 0.0 25 19
4351 100 0.0 25 19
4352 100 0.0 25 19
4353 100 0.0 25 19
4354 100 0.0 25 19
4355 100 0.0 25 19
4356 100 0.0 25 19
4357 100 0.0 25 19
4358 100 0.0 25 19
4359 100 0.0 25 19
4360 100 0.0 25 19
4361 100 0.0 25 19
4362 100 0.0 25 19
4363 100 0.0 25 19
4364 100 0.0 25 19
4365 100 0.0 25 19
4366 100 0.0 25 19
4367 100 0.0 25 19
4368 100 0.0 25 19
4369 100 0.0 25 19
4370 100 0.0 25 19
4371 100 0.0 25 19
4372 100 0.0 25 21
4373 100 0.0 25 21
4374 100 0.0 25 21
4375 100 0.0 25 21
4376 100 0.0 25 21
4377 100 0.0 25 21
4378 100 0.0 25 21
4379 100 0.0 25 21
4380 100 0.0 25 21
4381 100 0.0 25 21
4382 100 0.0 25 21
4383 100 0.0 25 21
4384 100 0.0 25 21
4385 100 0.0 25 21
4386 100 0.0 25 21
4387 100 0.0 25 21
4388 100 0.0 25 21
4389 100 0.0 25 21
4390 100 0.0 25 21
4391 100 0.0 25 21
4392 100 0.0 25 21
4393 100 0.0 25 21
4394 100 0.0 25 21
4395 100 0.0 25 21
4396 100 0.0 25 21
4397 100 0.0 25 21
4398 100 0.0 25 21
4399 100 0.0 25 21
4400 100 0.0 25 21
4401 100 0.0 25 21
4402 100 0.0 25 21
4403 100 0.0 25 21
4404 100 0.0 25 21
4405 100 0.0 25 21
4406 100 0.0 25 21
4407 100 0.0 25 21
4408 100 0.0 25 21
4409 100 0.0 25 21
4410 100 0.0 25 21
4411 100 0.0 25 21
4412 100 0.0 25 21
4413 100 0.0 25 21
4414 100 0.0 25 21
4415 100 0.0 25 21
4416 100 0.0 25 21
4417 100 0.0 25 21
4418 100 0.0 25 21
4419 100 0.0 25 21
4420 100 0.0 25 21
4421 100 0.0 25 21
4422 100 0.0 25 21
4423 100 0.0 25 21
4424 100 0.0 25 21
4425 100 0.0 25 21
4426 100 0.0 25 21
4427 100 0.0 25 21
4428 100 0.0 25 21
4429 100 0.0 25 21
4430 100 0.0 25 21
4431 100 0.0 25 21
4432 100 0.0 25 21
4433 100 0.0 25 21
4434 100 0.0 25 21
4435 100 0.0 25 21
4436 100 0.0 25 21
4437 100 0.0 25 21
4438 100 0.0 25 21
4439 100 0.0 25 21
4440 100 0.0 25 21
4441 100 0.0 25 21
4442 100 0.0 25 21
4443 100 0.0 25 21
4444 100 0.0 25 21
4445 100 0.0 25 21
4446 100 0.0 25 21
4447 100 0.0 25 21
4448 100 0.0 25 21
4449 100 0.0 25 21
4450 100 0.0 25 21
4451 100 0.0 25 21
4452 100 0.0 25 21
4453 100 0.0 25 21
4454 100 0.0 25 21
4455 100 0.0 25 21
4456 100 0.0 25 21
4457 100 0.0 25 21
4458 100 0.0 25 21
4459 100 0.0 25 21
4460 100 0.0 25 21
4461 100 0.0 25 21
4462 100 0.0 25 22
4463 100 0.0 25 22
4464 100 0.0 25 22
4465 100 0.0 25 22
4466 100 0.0 25 22
4467 100 0.0 25 22
4468 100 0.0 25 22
4469 100 0.0 25 22
4470 100 0.0 25 22
4471 100 0.0 25 22
4472 100 0.0 25 22
4473 100 0.0 25 22
4474 100 0.0 25 22
4475 100 0.0 25 22
4476 100 0.0 25 22
4477 100 0.0 25 22
4478 100 0.0 25 22
4479 100 0.0 25 22
4480 100 0.0 25 22
4481 100 0.0 25 22
4482 100 0.0 25 22
4483 100 0.0 25 22
4484 100 0.0 25 22
4485 100 0.0 25 22
4486 100 0.0 25 22
4487 100 0.0 25 22
4488 100 0.0 25 22
4489 100 0.0 25 22
4490 100 0.0 25 22
4491 100 0.0 25 22
4492 100 0.0 25 22
4493 100 0.0 25 22
4494 100 0.0 25 22
4495 100 0.0 25 22
4496 100 0.0 25 22
4497 100 0.0 25 22
4498 100 0.0 25 22
4499 100 0.0 25 22
4500 100 0.0 25 22
4501 100 0.0 25 22
4502 100 0.0 25 22
4503 100 0.0 25 22
4504 100 0.0 25 22
4505 100 0.0 25 22
4506 100 0.0 25 22
4507 100 0.0 25 22
4508 100 0.0 25 22
4509 100 0.0 25 22
4510 100 0.0 25 24
4511 100 0.0 25 24
4512 100 0.0 25 24
4513 100 0.0 25 24
4514 100 0.0 25 24
4515 100 0.0 25 24
4516 100 0.0 25 24
4517 100 0.0 25 24
4518 100 0.0 25 24
4519 100 0.0 25 24
4520 100 0.0 25 24
4521 100 0.0 25 24
4522 100 0.0 25 24
4523 100 0.0 25 24
4524 100 0.0 25 24
4525 100 0.0 25 24
4526 100 0.0 25 24
4527 100 0.0 25 24
4528 100 0.0 25 24
4529 100 0.0 25 24
4530 100 0.0 25 24
4531 100 0.0 25 24
4532 100 0.0 25 24
4533 100 0.0 25 24
4534 100 0.0 25 24
4535 100 0.0 25 24
4536 100 0.0 25 24
4537 100 0.0 25 24
4538 100 0.0 25 24
4539 100 0.0 25 24
4540 100 0.0 25 24
4541 100 0.0 25 24
4542 100 0.0 25 24
4543 100 0.0 25 24
4544 100 0.0 25 24
4545 100 0.0 25 24
4546 100 0.0 25 24
4547 100 0.0 25 24
4548 100 0.0 25 24
4549 100 0.0 25 24
4550 100 0.0 25 24
4551 100 0.0 25 24
4552 100 0.0 25 238
4553 100 0.0 25 238
4554 100 0.0 25 238
4555 100 0.0 25 238
4556 100 0.0 25 238
4557 100 0.0 25 238
4558 100 0.0 25 238
4559 100 0.0 25 238
4560 100 0.0 25 238
4561 100 0.0 25 238
4562 100 0.0 25 238
4563 100 0.0 25 238
4564 100 0.0 25 238
4565 100 0.0 25 238
4566 100 0.0 25 238
4567 100 0.0 25 238
4568 100 0.0 25 238
4569 100 0.0 25 238
4570 100 0.0 25 238
4571 100 0.0 25 238
4572 100 0.0 25 238
4573 100 0.0 25 238
4574 100 0.0 25 238
4575 100 0.0 25 238
4576 100 0.0 25 238
4577 100 0.0 25 238
4578 100 0.0 25 238
4579 100 0.0 25 238
4580 100 0.0 25 238
4581 100 0.0 25 238
4582 100 0.0 25 238
4583 100 0.0 25 238
4584 100 0.0 25 238
4585 100 0.0 25 238
4586 100 0.0 25 238
4587 100 0.0 25 238
4588 100 0.0 25 238
4589 100 0.0 25 238
4590 100 0.0 25 238
4591 100 0.0 25 238
4592 100 0.0 25 238
4593 100 0.0 25 238
4594 100 0.0 25 238
4595 100 0.0 25 238
4596 100 0.0 25 238
4597 100 0.0 25 238
4598 100 0.0 25 238
4599 100 0.0 25 238
4600 100 0.0 25 238
4601 100 0.0 25 238
4602 100 0.0 25 238
4603 100 0.0 25 238
4604 100 0.0 25 238
4605 100 0.0 25 238
4606 100 0.0 25 238
4607 100 0.0 25 238
4608 100 0.0 25 238
4609 100 0.0 25 238
4610 100 0.0 25 238
4611 100 0.0 25 238
4612 100 0.0 25 238
4613 100 0.0 25 238
4614 100 0.0 25 238
4615 100 0.0 25 238
4616 100 0.0 25 238
4617 100 0.0 25 238
4618 100 0.0 25 238
4619 100 0.0 25 238
4620 100 0.0 25 238
4621 100 0.0 25 238
4622 100 0.0 25 238
4623 100 0.0 25 238
4624 100 0.0 25 238
4625 100 0.0 25 238
4626 100 0.0 25 238
4627 100 0.0 25 238
4628 100 0.0 25 238
4629 100 0.0 25 238
4630 100 0.0 25 238
4631 100 0.0 25 238
4632 100 0.0 25 238
4633 100 0.0 25 238
4634 100 0.0 25 238
4635 100 0.0 25 238
4636 100 0.0 25 238
4637 100 0.0 25 238
4638 100 0.0 25 238
4639 100 0.0 25 238
4640 100 0.0 25 238
4641 100 0.0 25 238
4642 100 0.0 25 238
4643 100 0.0 25 238
4644 100 0.0 25 238
4645 100 0.0 25 238
4646 100 0.0 25 238
4647 100 0.0 25 238
4648 100 0.0 25 238
4649 100 0.0 25 238
4650 100 0.0 25 238
4651 100 0.0 25 238
4652 100 0.0 25 238
4653 100 0.0 25 238
4654 100 0.0 25 238
4655 100 0.0 25 238
4656 100 0.0 25 238
4657 100 0.0 25 238
4658 100 0.0 25 238
4659 100 0.0 25 238
4660 100 0.0 25 238
4661 100 0.0 25 238
4662 100 0.0 25 238
4663 100 0.0 25 238
4664 100 0.0 25 238
4665 100 0.0 25 238
4666 100 0.0 25 238
4667 100 0.0 25 238
4668 100 0.0 25 238
4669 100 0.0 25 238
4670 100 0.0 25 238
4671 100 0.0 25 238
4672 100 0.0 25 238
4673 100 0.0 25 238
4674 100 0.0 25 238
4675 100 0.0 25 238
4676 100 0.0 25 238
4677 100 0.0 25 238
4678 100 0.0 25 238
4679 100 0.0 25 238
4680 100 0.0 25 238
4681 100 0.0 25 238
4682 100 0.0 25 238
4683 100 0.0 25 238
4684 100 0.0 25 238
4685 100 0.0 25 238
4686 100 0.0 25 238
4687 100 0.0 25 238
4688 100 0.0 25 238
4689 100 0.0 25 238
4690 100 0.0 25 238
4691 100 0.0 25 238
4692 100 0.0 25 238
4693 100 0.0 25 238
4694 100 0.0 25 238
4695 100 0.0 25 238
4696 100 0.0 25 238
4697 100 0.0 25 238
4698 100 0.0 25 238
4699 100 0.0 25 238
4700 100 0.0 25 238
4701 100 0.0 25 238
4702 100 0.0 25 238
4703 100 0.0 25 238
4704 100 0.0 25 238
4705 100 0.0 25 238
4706 100 0.0 25 238
4707 100 0.0 25 238
4708 100 0.0 25 238
4709 100 0.0 25 238
4710 100 0.0 25 238
4711 100 0.0 25 238
4712 100 0.0 25 238
4713 100 0.0 25 238
4714 100 0.0 25 238
4715 100 0.0 25 238
4716 100 0.0 25 238
4717 100 0.0 25 238
4718 100 0.0 25 238
4719 100 0.0 25 238
4720 100 0.0 25 238
4721 100 0.0 25 238
4722 100 0.0 25 238
4723 100 0.0 25 238
4724 100 0.0 25 238
4725 100 0.0 25 238
4726 100 0.0 25 238
4727 100 0.0 25 238
4728 100 0.0 25 238
4729 100 0.0 25 238
4730 100 0.0 25 238
4731 100 0.0 25 238
4732 100 0.0 25 238
4733 100 0.0 25 238
4734 100 0.0 25 238
4735 100 0.0 25 238
4736 100 0.0 25 238
4737 100 0.0 25 238
4738 100 0.0 25 238
4739 100 0.0 25 238
4740 100 0.0 25 238
4741 100 0.0 25 238
4742 100 0.0 25 238
4743 100 0.0 25 238
4744 100 0.0 25 238
4745 100 0.0 25 238
4746 100 0.0 25 238
4747 100 0.0 25 238
4748 100 0.0 25 238
4749 100 0.0 25 238
4750 100 0.0 25 238
4751 100 0.0 25 238
4752 100 0.0 25 238
4753 100 0.0 25 238
4754 100 0.0 25 238
4755 100 0.0 25 238
4756 100 0.0 25 238
4757 100 0.0 25 238
4758 100 0.0 25 238
4759 100 0.0 25 238
4760 100 0.0 25 238
4761 100 0.0 25 238
4762 100 0.0 25 238
4763 100 0.0 25 238
4764 100 0.0 25 238
4765 100 0.0 25 238
4766 100 0.0 25 238
4767 100 0.0 25 238
4768 100 0.0 25 238
4769 100 0.0 25 238
4770 100 0.0 25 238
4771 100 0.0 25 238
4772 100 0.0 25 238
4773 100 0.0 25 238
4774 100 0.0 25 238
4775 100 0.0 25 238
4776 100 0.0 25 238
4777 100 0.0 25 238
4778 100 0.0 25 238
4779 100 0.0 25 238
4780 100 0.0 25 238
4781 100 0.0 25 238
4782 100 0.0 25 238
4783 100 0.0 25 238
4784 100 0.0 25 238
4785 100 0.0 25 238
4786 100 0.0 25 238
4787 100 0.0 25 238
4788 100 0.0 25 238
4789 100 0.0 25 238
4790 100 0.0 25 238
4791 100 0.0 25 238
4792 100 0.0 25 238
4793 100 0.0 25 238
4794 100 0.0 25 238
4795 100 0.0 25 238
4796 100 0.0 25 238
4797 100 0.0 25 238
4798 100 0.0 25 238
4799 100 0.0 25 238
4800 100 0.0 25 238
4801 100 0.0 25 238
4802 100 0.0 25 238
4803 100 0.0 25 238
4804 100 0.0 25 238
4805 100 0.0 25 238
4806 100 0.0 25 238
4807 100 0.0 25 238
4808 100 0.0 25 238
4809 100 0.0 25 238
4810 100 0.0 25 238
4811 100 0.0 25 238
4812 100 0.0 25 238
4813 100 0.0 25 238
4814 100 0.0 25 238
4815 100 0.0 25 238
4816 100 0.0 25 238
4817 100 0.0 25 238
4818 100 0.0 25 238
4819 100 0.0 25 238
4820 100 0.0 25 238
4821 100 0.0 25 238
4822 100 0.0 25 238
4823 100 0.0 25 238
4824 100 0.0 25 238
4825 100 0.0 25 238
4826 100 0.0 25 238
4827 100 0.0 25 238
4828 100 0.0 25 238
4829 100 0.0 25 238
4830 100 0.0 25 238
4831 100 0.0 25 238
4832 100 0.0 25 238
4833 100 0.0 25 238
4834 100 0.0 25 238
4835 100 0.0 25 238
4836 100 0.0 25 238
4837 100 0.0 25 238
4838 100 0.0 25 238
4839 100 0.0 25 238
4840 100 0.0 25 238
4841 100 0.0 25 238
4842 100 0.0 25 238
4843 100 0.0 25 238
4844 100 0.0 25 238
4845 100 0.0 25 238
4846 100 0.0 25 238
4847 100 0.0 25 238
4848 100 0.0 25 238
4849 100 0.0 25 238
4850 100 0.0 25 238
4851 100 0.0 25 238
4852 100 0.0 25 238
4853 100 0.0 25 238
4854 100 0.0 25 238
4855 100 0.0 25 238
4856 100 0.0 25 238
4857 100 0.0 25 238
4858 100 0.0 25 238
4859 100 0.0 25 238
4860 100 0.0 25 238
4861 100 0.0 25 238
4862 100 0.0 25 238
4863 100 0.0 25 238
4864 100 0.0 25 238
4865 100 0.0 25 238
4866 100 0.0 25 238
4867 100 0.0 25 238
4868 100 0.0 25 238
4869 100 0.0 25 238
4870 100 0.0 25 238
4871 100 0.0 25 238
4872 100 0.0 25 238
4873 100 0.0 25 238
4874 100 0.0 25 238
4875 100 0.0 25 238
4876 100 0.0 25 238
4877 100 0.0 25 238
4878 100 0.0 25 238
4879 100 0.0 25 238
4880 100 0.0 25 238
4881 100 0.0 25 238
4882 100 0.0 25 238
4883 100 0.0 25 238
4884 100 0.0 25 238
4885 100 0.0 25 238
4886 100 0.0 25 238
4887 100 0.0 25 238
4888 100 0.0 25 238
4889 100 0.0 25 238
4890 100 0.0 25 238
4891 100 0.0 25 238
4892 100 0.0 25 238
4893 100 0.0 25 238
4894 100 0.0 25 238
4895 100 0.0 25 238
4896 100 0.0 25 238
4897 100 0.0 25 238
4898 100 0.0 25 238
4899 100 0.0 25 238
4900 100 0.0 25 238
4901 100 0.0 25 238
4902 100 0.0 25 238
4903 100 0.0 25 238
4904 100 0.0 25 238
4905 100 0.0 25 238
4906 100 0.0 25 238
4907 100 0.0 25 238
4908 100 0.0 25 238
4909 100 0.0 25 238
4910 100 0.0 25 238
4911 100 0.0 25 238
4912 100 0.0 25 238
4913 100 0.0 25 238
4914 100 0.0 25 238
4915 100 0.0 25 238
4916 100 0.0 25 238
4917 100 0.0 25 238
4918 100 0.0 25 238
4919 100 0.0 25 238
4920 100 0.0 25 238
4921 100 0.0 25 238
4922 100 0.0 25 238
4923 100 0.0 25 238
4924 100 0.0 25 238
4925 100 0.0 25 238
4926 100 0.0 25 238
4927 100 0.0 25 238
4928 100 0.0 25 238
4929 100 0.0 25 238
4930 100 0.0 25 238
4931 100 0.0 25 238
4932 100 0.0 25 238
4933 100 0.0 25 238
4934 100 0.0 25 238
4935 100 0.0 25 238
4936 100 0.0 25 238
4937 100 0.0 25 238
4938 100 0.0 25 238
4939 100 0.0 25 238
4940 100 0.0 25 238
4941 100 0.0 25 238
4942 100 0.0 25 238
4943 100 0.0 25 238
4944 100 0.0 25 238
4945 100 0.0 25 238
4946 100 0.0 25 238
4947 100 0.0 25 238
4948 100 0.0 25 238
4949 100 0.0 25 238
4950 100 0.0 25 238
4951 100 0.0 25 238
4952 100 0.0 25 238
4953 100 0.0 25 238
4954 100 0.0 25 238
4955 100 0.0 25 238
4956 100 0.0 25 238
4957 100 0.0 25 238
4958 100 0.0 25 238
4959 100 0.0 25 238
4960 100 0.0 25 238
4961 100 0.0 25 238
4962 100 0.0 25 238
4963 100 0.0 25 238
4964 100 0.0 25 238
4965 100 0.0 25 238
4966 100 0.0 25 238
4967 100 0.0 25 238
4968 100 0.0 25 238
4969 100 0.0 25 238
4970 100 0.0 25 238
4971 100 0.0 25 238
4972 100 0.0 25 238
4973 100 0.0 25 238
4974 100 0.0 25 238
4975 100 0.0 25 238
4976 100 0.0 25 238
4977 100 0.0 25 238
4978 100 0.0 25 238
4979 100 0.0 25 238
4980 100 0.0 25 238
4981 100 0.0 25 238
4982 100 0.0 25 238
4983 100 0.0 25 238
4984 100 0.0 25 238
4985 100 0.0 25 238
4986 100 0.0 25 238
4987 100 0.0 25 238
4988 100 0.0 25 238
4989 100 0.0 25 238
4990 100 0.0 25 238
4991 100 0.0 25 238
4992 100 0.0 25 238
4993 100 0.0 25 238
4994 100 0.0 25 238
4995 100 0.0 25 238
4996 100 0.0 25 238
4997 100 0.0 25 238
4998 100 0.0 25 238
4999 100 0.0 25 238
5000 100 0.0 25 238
