1 99 0.0 25 2
2 99 0.0 25 2
3 99 0.0 25 2
4 99 0.0 25 2
5 99 0.0 25 2
6 99 0.0 25 2
7 99 0.0 25 2
8 99 0.0 25 2
9 99 0.0 25 2
10 99 0.0 25 2
11 99 0.0 25 2
12 99 0.0 25 2
13 99 0.0 25 2
14 99 0.0 25 2
15 99 0.0 25 2
16 99 0.0 25 2
17 99 0.0 25 2
18 99 0.0 25 2
19 99 0.0 25 2
20 99 0.0 25 2
21 99 0.0 25 2
22 99 0.0 25 2
23 99 0.0 25 2
24 99 0.0 25 2
25 99 0.0 25 2
26 99 0.0 25 2
27 99 0.0 25 2
28 99 0.0 25 2
29 99 0.0 25 2
30 99 0.0 25 2
31 99 0.0 25 2
32 99 0.0 25 2
33 99 0.0 25 2
34 99 0.0 25 2
35 99 0.0 25 2
36 99 0.0 25 2
37 99 0.0 25 2
38 99 0.0 25 2
39 99 0.0 25 2
40 99 0.0 25 2
41 99 0.0 25 2
42 99 0.0 25 2
43 99 0.0 25 2
44 99 0.0 25 2
45 99 0.0 25 2
46 99 0.0 25 2
47 99 0.0 25 2
48 99 0.0 25 3
49 99 0.0 25 3
50 99 0.0 25 3
51 99 0.0 25 5
52 99 0.0 25 5
53 99 0.0 25 5
54 99 0.0 25 5
55 99 0.0 25 5
56 99 0.0 25 5
57 99 0.0 25 5
58 99 0.0 25 5
59 99 0.0 25 5
60 99 0.0 25 5
61 99 0.0 25 5
62 99 0.0 25 5
63 99 0.0 25 5
64 99 0.0 25 5
65 99 0.0 25 5
66 99 0.0 25 5
67 99 0.0 25 5
68 99 0.0 25 5
69 99 0.0 25 5
70 99 0.0 25 5
71 99 0.0 25 5
72 99 0.0 25 5
73 99 0.0 25 5
74 99 0.0 25 5
75 99 0.0 25 5
76 99 0.0 25 5
77 99 0.0 25 5
78 99 0.0 25 5
79 99 0.0 25 5
80 99 0.0 25 5
81 99 0.0 25 5
82 99 0.0 25 5
83 99 0.0 25 5
84 99 0.0 25 5
85 99 0.0 25 5
86 99 0.0 25 5
87 99 0.0 25 5
88 99 0.0 25 5
89 99 0.0 25 5
90 99 0.0 25 5
91 99 0.0 25 5
92 99 0.0 25 5
93 99 0.0 25 5
94 99 0.0 25 5
95 99 0.0 25 5
96 99 0.0 25 5
97 99 0.0 25 5
98 99 0.0 25 5
99 99 0.0 25 5
100 99 0.0 25 5
101 99 0.0 25 5
102 99 0.0 25 5
103 99 0.0 25 5
104 99 0.0 25 5
105 99 0.0 25 5
106 99 0.0 25 5
107 99 0.0 25 5
108 99 0.0 25 5
109 99 0.0 25 5
110 99 0.0 25 5
111 99 0.0 25 5
112 99 0.0 25 5
113 99 0.0 25 5
114 99 0.0 25 5
115 99 0.0 25 5
116 99 0.0 25 5
117 99 0.0 25 5
118 99 0.0 25 5
119 99 0.0 25 5
120 99 0.0 25 5
121 99 0.0 25 5
122 99 0.0 25 5
123 99 0.0 25 5
124 99 0.0 25 5
125 99 0.0 25 5
126 99 0.0 25 5
127 99 0.0 25 5
128 99 0.0 25 5
129 99 0.0 25 5
130 99 0.0 25 5
131 99 0.0 25 5
132 99 0.0 25 5
133 99 0.0 25 5
134 99 0.0 25 5
135 99 0.0 25 5
136 99 0.0 25 5
137 99 0.0 25 5
138 99 0.0 25 5
139 99 0.0 25 5
140 99 0.0 25 5
141 99 0.0 25 5
142 99 0.0 25 5
143 99 0.0 25 5
144 99 0.0 25 5
145 99 0.0 25 5
146 99 0.0 25 5
147 99 0.0 25 5
148 99 0.0 25 5
149 99 0.0 25 5
150 99 0.0 25 5
151 99 0.0 25 5
152 99 0.0 25 5
153 99 0.0 25 5
154 99 0.0 25 5
155 99 0.0 25 5
156 99 0.0 25 5
157 99 0.0 25 5
158 99 0.0 25 5
159 99 0.0 25 5
160 99 0.0 25 5
161 99 0.0 25 5
162 99 0.0 25 5
163 99 0.0 25 5
164 99 0.0 25 5
165 99 0.0 25 5
166 99 0.0 25 5
167 99 0.0 25 5
168 99 0.0 25 5
169 99 0.0 25 5
170 99 0.0 25 7
171 99 0.0 25 7
172 99 0.0 25 7
173 99 0.0 25 7
174 99 0.0 25 7
175 99 0.0 25 7
176 99 0.0 25 7
177 99 0.0 25 7
178 99 0.0 25 7
179 99 0.0 25 7
180 99 0.0 25 7
181 99 0.0 25 7
182 99 0.0 25 7
183 99 0.0 25 7
184 99 0.0 25 7
185 99 0.0 25 7
186 99 0.0 25 7
187 99 0.0 25 7
188 99 0.0 25 7
189 99 0.0 25 7
190 99 0.0 25 7
191 99 0.0 25 7
192 99 0.0 25 7
193 99 0.0 25 7
194 99 0.0 25 7
195 99 0.0 25 7
196 99 0.0 25 7
197 99 0.0 25 7
198 99 0.0 25 7
199 99 0.0 25 7
200 99 0.0 25 7
201 99 0.0 25 8
202 99 0.0 25 8
203 99 0.0 25 8
204 99 0.0 25 8
205 99 0.0 25 8
206 99 0.0 25 8
207 99 0.0 25 8
208 99 0.0 25 8
209 99 0.0 25 8
210 99 0.0 25 8
211 99 0.0 25 8
212 99 0.0 25 8
213 99 0.0 25 8
214 99 0.0 25 8
215 99 0.0 25 8
216 99 0.0 25 8
217 99 0.0 25 8
218 99 0.0 25 8
219 99 0.0 25 8
220 99 0.0 25 8
221 99 0.0 25 8
222 99 0.0 25 8
223 99 0.0 25 8
224 99 0.0 25 8
225 99 0.0 25 8
226 99 0.0 25 8
227 99 0.0 25 8
228 99 0.0 25 8
229 99 0.0 25 8
230 99 0.0 25 8
231 99 0.0 25 8
232 99 0.0 25 8
233 99 0.0 25 8
234 99 0.0 25 8
235 99 0.0 25 8
236 99 0.0 25 8
237 99 0.0 25 8
238 99 0.0 25 8
239 99 0.0 25 8
240 99 0.0 25 8
241 99 0.0 25 8
242 99 0.0 25 8
243 99 0.0 25 8
244 99 0.0 25 8
245 99 0.0 25 8
246 99 0.0 25 8
247 99 0.0 25 8
248 99 0.0 25 8
249 99 0.0 25 8
250 99 0.0 25 8
251 99 0.0 25 8
252 99 0.0 25 8
253 99 0.0 25 8
254 99 0.0 25 8
255 99 0.0 25 8
256 99 0.0 25 8
257 99 0.0 25 8
258 99 0.0 25 8
259 99 0.0 25 8
260 99 0.0 25 8
261 99 0.0 25 8
262 99 0.0 25 8
263 99 0.0 25 8
264 99 0.0 25 8
265 99 0.0 25 8
266 99 0.0 25 8
267 99 0.0 25 8
268 99 0.0 25 8
269 99 0.0 25 8
270 99 0.0 25 8
271 99 0.0 25 8
272 99 0.0 25 8
273 99 0.0 25 8
274 99 0.0 25 8
275 99 0.0 25 8
276 99 0.0 25 8
277 99 0.0 25 8
278 99 0.0 25 8
279 99 0.0 25 8
280 99 0.0 25 8
281 99 0.0 25 8
282 99 0.0 25 8
283 99 0.0 25 8
284 99 0.0 25 8
285 99 0.0 25 8
286 99 0.0 25 8
287 99 0.0 25 8
288 99 0.0 25 8
289 99 0.0 25 8
290 99 0.0 25 8
291 99 0.0 25 8
292 99 0.0 25 9
293 99 0.0 25 11
294 99 0.0 25 11
295 99 0.0 25 11
296 99 0.0 25 11
297 99 0.0 25 11
298 99 0.0 25 11
299 99 0.0 25 11
300 99 0.0 25 11
301 99 0.0 25 11
302 99 0.0 25 11
303 99 0.0 25 11
304 99 0.0 25 11
305 99 0.0 25 11
306 99 0.0 25 11
307 99 0.0 25 11
308 99 0.0 25 11
309 99 0.0 25 11
310 99 0.0 25 11
311 99 0.0 25 11
312 99 0.0 25 11
313 99 0.0 25 11
314 99 0.0 25 11
315 99 0.0 25 11
316 99 0.0 25 11
317 99 0.0 25 11
318 99 0.0 25 11
319 99 0.0 25 11
320 99 0.0 25 11
321 99 0.0 25 11
322 99 0.0 25 11
323 99 0.0 25 11
324 99 0.0 25 11
325 99 0.0 25 11
326 99 0.0 25 11
327 99 0.0 25 11
328 99 0.0 25 11
329 99 0.0 25 11
330 99 0.0 25 11
331 99 0.0 25 11
332 99 0.0 25 11
333 99 0.0 25 11
334 99 0.0 25 11
335 99 0.0 25 11
336 99 0.0 25 11
337 99 0.0 25 11
338 99 0.0 25 11
339 99 0.0 25 11
340 99 0.0 25 11
341 99 0.0 25 11
342 99 0.0 25 11
343 99 0.0 25 11
344 99 0.0 25 11
345 99 0.0 25 11
346 99 0.0 25 11
347 99 0.0 25 11
348 99 0.0 25 11
349 99 0.0 25 11
350 99 0.0 25 11
351 99 0.0 25 11
352 99 0.0 25 11
353 99 0.0 25 11
354 99 0.0 25 11
355 99 0.0 25 11
356 99 0.0 25 11
357 99 0.0 25 11
358 99 0.0 25 11
359 99 0.0 25 11
360 99 0.0 25 11
361 99 0.0 25 11
362 99 0.0 25 11
363 99 0.0 25 11
364 99 0.0 25 11
365 99 0.0 25 11
366 99 0.0 25 11
367 99 0.0 25 11
368 99 0.0 25 11
369 99 0.0 25 11
370 99 0.0 25 11
371 99 0.0 25 11
372 99 0.0 25 11
373 99 0.0 25 11
374 99 0.0 25 11
375 99 0.0 25 11
376 99 0.0 25 11
377 99 0.0 25 11
378 99 0.0 25 11
379 99 0.0 25 11
380 99 0.0 25 11
381 99 0.0 25 11
382 99 0.0 25 11
383 99 0.0 25 11
384 99 0.0 25 11
385 99 0.0 25 11
386 99 0.0 25 11
387 99 0.0 25 11
388 99 0.0 25 11
389 99 0.0 25 11
390 99 0.0 25 13
391 99 0.0 25 13
392 99 0.0 25 13
393 99 0.0 25 13
394 99 0.0 25 13
395 99 0.0 25 13
396 99 0.0 25 13
397 99 0.0 25 13
398 99 0.0 25 13
399 99 0.0 25 13
400 99 0.0 25 13
401 99 0.0 25 13
402 99 0.0 25 13
403 99 0.0 25 13
404 99 0.0 25 13
405 99 0.0 25 13
406 99 0.0 25 13
407 99 0.0 25 13
408 99 0.0 25 13
409 99 0.0 25 13
410 99 0.0 25 13
411 99 0.0 25 13
412 99 0.0 25 13
413 99 0.0 25 13
414 99 0.0 25 13
415 99 0.0 25 13
416 99 0.0 25 13
417 99 0.0 25 13
418 99 0.0 25 13
419 99 0.0 25 13
420 99 0.0 25 13
421 99 0.0 25 13
422 99 0.0 25 13
423 99 0.0 25 13
424 99 0.0 25 13
425 99 0.0 25 13
426 99 0.0 25 13
427 99 0.0 25 13
428 99 0.0 25 13
429 99 0.0 25 13
430 99 0.0 25 13
431 99 0.0 25 13
432 99 0.0 25 13
433 99 0.0 25 13
434 99 0.0 25 13
435 99 0.0 25 13
436 99 0.0 25 13
437 99 0.0 25 13
438 99 0.0 25 13
439 99 0.0 25 13
440 99 0.0 25 13
441 99 0.0 25 13
442 99 0.0 25 13
443 99 0.0 25 13
444 99 0.0 25 13
445 99 0.0 25 13
446 99 0.0 25 13
447 99 0.0 25 13
448 99 0.0 25 13
449 99 0.0 25 13
450 99 0.0 25 13
451 99 0.0 25 13
452 99 0.0 25 13
453 99 0.0 25 13
454 99 0.0 25 13
455 99 0.0 25 13
456 99 0.0 25 13
457 99 0.0 25 13
458 99 0.0 25 13
459 99 0.0 25 13
460 99 0.0 25 13
461 99 0.0 25 13
462 99 0.0 25 13
463 99 0.0 25 13
464 99 0.0 25 13
465 99 0.0 25 13
466 99 0.0 25 13
467 99 0.0 25 13
468 99 0.0 25 13
469 99 0.0 25 13
470 99 0.0 25 13
471 99 0.0 25 13
472 99 0.0 25 13
473 99 0.0 25 13
474 99 0.0 25 13
475 99 0.0 25 13
476 99 0.0 25 13
477 99 0.0 25 13
478 99 0.0 25 13
479 99 0.0 25 13
480 99 0.0 25 13
481 99 0.0 25 13
482 99 0.0 25 13
483 99 0.0 25 13
484 99 0.0 25 13
485 99 0.0 25 13
486 99 0.0 25 13
487 99 0.0 25 13
488 99 0.0 25 13
489 99 0.0 25 13
490 99 0.0 25 13
491 99 0.0 25 13
492 99 0.0 25 13
493 99 0.0 25 13
494 99 0.0 25 13
495 99 0.0 25 13
496 99 0.0 25 13
497 99 0.0 25 13
498 99 0.0 25 13
499 99 0.0 25 13
500 99 0.0 25 13
501 99 0.0 25 13
502 99 0.0 25 13
503 99 0.0 25 13
504 99 0.0 25 13
505 99 0.0 25 13
506 99 0.0 25 13
507 99 0.0 25 13
508 99 0.0 25 13
509 99 0.0 25 13
510 99 0.0 25 13
511 99 0.0 25 13
512 99 0.0 25 13
513 99 0.0 25 13
514 99 0.0 25 13
515 99 0.0 25 13
516 99 0.0 25 13
517 99 0.0 25 13
518 99 0.0 25 13
519 99 0.0 25 13
520 99 0.0 25 13
521 99 0.0 25 13
522 99 0.0 25 13
523 99 0.0 25 13
524 99 0.0 25 13
525 99 0.0 25 13
526 99 0.0 25 13
527 99 0.0 25 13
528 99 0.0 25 13
529 99 0.0 25 13
530 99 0.0 25 13
531 99 0.0 25 13
532 99 0.0 25 13
533 99 0.0 25 13
534 99 0.0 25 13
535 99 0.0 25 13
536 99 0.0 25 13
537 99 0.0 25 13
538 99 0.0 25 13
539 99 0.0 25 13
540 99 0.0 25 13
541 99 0.0 25 13
542 99 0.0 25 13
543 99 0.0 25 13
544 99 0.0 25 13
545 99 0.0 25 13
546 99 0.0 25 13
547 99 0.0 25 13
548 99 0.0 25 13
549 99 0.0 25 13
550 99 0.0 25 13
551 99 0.0 25 13
552 99 0.0 25 16
553 99 0.0 25 16
554 99 0.0 25 16
555 99 0.0 25 16
556 99 0.0 25 16
557 99 0.0 25 16
558 99 0.0 25 16
559 99 0.0 25 16
560 99 0.0 25 16
561 99 0.0 25 16
562 99 0.0 25 16
563 99 0.0 25 16
564 99 0.0 25 16
565 99 0.0 25 18
566 99 0.0 25 18
567 99 0.0 25 18
568 99 0.0 25 18
569 99 0.0 25 18
570 99 0.0 25 18
571 99 0.0 25 18
572 99 0.0 25 18
573 99 0.0 25 18
574 99 0.0 25 18
575 99 0.0 25 18
576 99 0.0 25 18
577 99 0.0 25 18
578 99 0.0 25 18
579 99 0.0 25 18
580 99 0.0 25 18
581 99 0.0 25 18
582 99 0.0 25 18
583 99 0.0 25 18
584 99 0.0 25 18
585 99 0.0 25 18
586 99 0.0 25 18
587 99 0.0 25 36
588 99 0.0 25 36
589 99 0.0 25 36
590 99 0.0 25 36
591 99 0.0 25 36
592 99 0.0 25 36
593 99 0.0 25 36
594 99 0.0 25 36
595 99 0.0 25 36
596 99 0.0 25 36
597 99 0.0 25 36
598 99 0.0 25 36
599 99 0.0 25 36
600 99 0.0 25 36
601 99 0.0 25 36
602 99 0.0 25 36
603 99 0.0 25 36
604 99 0.0 25 36
605 99 0.0 25 36
606 99 0.0 25 36
607 99 0.0 25 36
608 99 0.0 25 36
609 99 0.0 25 96
610 99 0.0 25 96
611 99 0.0 25 96
612 99 0.0 25 96
613 99 0.0 25 96
614 99 0.0 25 96
615 99 0.0 25 96
616 99 0.0 25 96
617 99 0.0 25 96
618 99 0.0 25 96
619 99 0.0 25 96
620 99 0.0 25 96
621 99 0.0 25 96
622 99 0.0 25 96
623 99 0.0 25 96
624 99 0.0 25 96
625 99 0.0 25 96
626 99 0.0 25 96
627 99 0.0 25 96
628 99 0.0 25 96
629 99 0.0 25 96
630 99 0.0 25 96
631 99 0.0 25 96
632 99 0.0 25 96
633 99 0.0 25 96
634 99 0.0 25 96
635 99 0.0 25 96
636 99 0.0 25 96
637 99 0.0 25 96
638 99 0.0 25 96
639 99 0.0 25 96
640 99 0.0 25 96
641 99 0.0 25 96
642 99 0.0 25 96
643 99 0.0 25 96
644 99 0.0 25 96
645 99 0.0 25 96
646 99 0.0 25 96
647 99 0.0 25 96
648 99 0.0 25 96
649 99 0.0 25 96
650 99 0.0 25 96
651 99 0.0 25 96
652 99 0.0 25 96
653 99 0.0 25 96
654 99 0.0 25 96
655 99 0.0 25 96
656 99 0.0 25 96
657 99 0.0 25 96
658 99 0.0 25 96
659 99 0.0 25 96
660 99 0.0 25 96
661 99 0.0 25 142
662 99 0.0 25 142
663 99 0.0 25 142
664 99 0.0 25 142
665 99 0.0 25 142
666 99 0.0 25 142
667 99 0.0 25 142
668 99 0.0 25 142
669 99 0.0 25 142
670 99 0.0 25 142
671 99 0.0 25 142
672 99 0.0 25 142
673 99 0.0 25 142
674 99 0.0 25 142
675 99 0.0 25 142
676 99 0.0 25 142
677 99 0.0 25 142
678 99 0.0 25 142
679 99 0.0 25 142
680 99 0.0 25 142
681 99 0.0 25 142
682 99 0.0 25 142
683 99 0.0 25 142
684 99 0.0 25 142
685 99 0.0 25 142
686 99 0.0 25 142
687 99 0.0 25 142
688 99 0.0 25 142
689 99 0.0 25 142
690 99 0.0 25 142
691 99 0.0 25 142
692 99 0.0 25 142
693 99 0.0 25 142
694 99 0.0 25 142
695 99 0.0 25 142
696 99 0.0 25 142
697 99 0.0 25 142
698 99 0.0 25 142
699 99 0.0 25 142
700 99 0.0 25 142
701 99 0.0 25 142
702 99 0.0 25 142
703 99 0.0 25 142
704 99 0.0 25 142
705 99 0.0 25 142
706 99 0.0 25 142
707 99 0.0 25 142
708 99 0.0 25 142
709 99 0.0 25 142
710 99 0.0 25 142
711 99 0.0 25 142
712 99 0.0 25 142
713 99 0.0 25 142
714 99 0.0 25 142
715 99 0.0 25 142
716 99 0.0 25 142
717 99 0.0 25 142
718 99 0.0 25 142
719 99 0.0 25 142
720 99 0.0 25 142
721 99 0.0 25 142
722 99 0.0 25 142
723 99 0.0 25 142
724 99 0.0 25 142
725 99 0.0 25 142
726 99 0.0 25 142
727 99 0.0 25 142
728 99 0.0 25 142
729 99 0.0 25 142
730 99 0.0 25 142
731 99 0.0 25 142
732 99 0.0 25 142
733 99 0.0 25 142
734 99 0.0 25 142
735 99 0.0 25 142
736 99 0.0 25 142
737 99 0.0 25 142
738 99 0.0 25 142
739 99 0.0 25 142
740 99 0.0 25 142
741 99 0.0 25 142
742 99 0.0 25 142
743 99 0.0 25 142
744 99 0.0 25 142
745 99 0.0 25 142
746 99 0.0 25 142
747 99 0.0 25 142
748 99 0.0 25 142
749 99 0.0 25 142
750 99 0.0 25 142
751 99 0.0 25 142
752 99 0.0 25 142
753 99 0.0 25 142
754 99 0.0 25 142
755 99 0.0 25 142
756 99 0.0 25 142
757 99 0.0 25 142
758 99 0.0 25 142
759 99 0.0 25 142
760 99 0.0 25 142
761 99 0.0 25 142
762 99 0.0 25 142
763 99 0.0 25 142
764 99 0.0 25 142
765 99 0.0 25 142
766 99 0.0 25 142
767 99 0.0 25 142
768 99 0.0 25 142
769 99 0.0 25 142
770 99 0.0 25 142
771 99 0.0 25 142
772 99 0.0 25 142
773 99 0.0 25 142
774 99 0.0 25 142
775 99 0.0 25 142
776 99 0.0 25 142
777 99 0.0 25 142
778 99 0.0 25 142
779 99 0.0 25 142
780 99 0.0 25 142
781 99 0.0 25 142
782 99 0.0 25 142
783 99 0.0 25 142
784 99 0.0 25 142
785 99 0.0 25 142
786 99 0.0 25 142
787 99 0.0 25 142
788 99 0.0 25 142
789 99 0.0 25 142
790 99 0.0 25 142
791 99 0.0 25 142
792 99 0.0 25 142
793 99 0.0 25 142
794 99 0.0 25 142
795 99 0.0 25 142
796 99 0.0 25 142
797 99 0.0 25 142
798 99 0.0 25 142
799 99 0.0 25 142
800 99 0.0 25 142
801 99 0.0 25 142
802 99 0.0 25 142
803 99 0.0 25 142
804 99 0.0 25 142
805 99 0.0 25 142
806 99 0.0 25 142
807 99 0.0 25 142
808 99 0.0 25 142
809 99 0.0 25 142
810 99 0.0 25 142
811 99 0.0 25 142
812 99 0.0 25 142
813 99 0.0 25 142
814 99 0.0 25 142
815 99 0.0 25 142
816 99 0.0 25 142
817 99 0.0 25 142
818 99 0.0 25 142
819 99 0.0 25 142
820 99 0.0 25 142
821 99 0.0 25 142
822 99 0.0 25 142
823 99 0.0 25 142
824 99 0.0 25 142
825 99 0.0 25 142
826 99 0.0 25 142
827 99 0.0 25 142
828 99 0.0 25 142
829 99 0.0 25 142
830 99 0.0 25 142
831 99 0.0 25 142
832 99 0.0 25 142
833 99 0.0 25 142
834 99 0.0 25 142
835 99 0.0 25 142
836 99 0.0 25 142
837 99 0.0 25 142
838 99 0.0 25 142
839 99 0.0 25 142
840 99 0.0 25 142
841 99 0.0 25 142
842 99 0.0 25 142
843 99 0.0 25 142
844 99 0.0 25 142
845 99 0.0 25 142
846 99 0.0 25 142
847 99 0.0 25 142
848 99 0.0 25 142
849 99 0.0 25 142
850 99 0.0 25 142
851 99 0.0 25 142
852 99 0.0 25 142
853 99 0.0 25 142
854 99 0.0 25 142
855 99 0.0 25 142
856 99 0.0 25 142
857 99 0.0 25 142
858 99 0.0 25 142
859 99 0.0 25 142
860 99 0.0 25 142
861 99 0.0 25 142
862 99 0.0 25 142
863 99 0.0 25 142
864 99 0.0 25 142
865 99 0.0 25 142
866 99 0.0 25 142
867 99 0.0 25 142
868 99 0.0 25 142
869 99 0.0 25 142
870 99 0.0 25 142
871 99 0.0 25 142
872 99 0.0 25 142
873 99 0.0 25 142
874 99 0.0 25 142
875 99 0.0 25 142
876 99 0.0 25 142
877 99 0.0 25 142
878 99 0.0 25 142
879 99 0.0 25 142
880 99 0.0 25 142
881 99 0.0 25 142
882 99 0.0 25 142
883 99 0.0 25 142
884 99 0.0 25 142
885 99 0.0 25 142
886 99 0.0 25 142
887 99 0.0 25 142
888 99 0.0 25 142
889 99 0.0 25 142
890 99 0.0 25 142
891 99 0.0 25 142
892 99 0.0 25 142
893 99 0.0 25 142
894 99 0.0 25 142
895 99 0.0 25 142
896 99 0.0 25 142
897 99 0.0 25 142
898 99 0.0 25 142
899 99 0.0 25 142
900 99 0.0 25 142
901 99 0.0 25 142
902 99 0.0 25 142
903 99 0.0 25 142
904 99 0.0 25 142
905 99 0.0 25 142
906 99 0.0 25 142
907 99 0.0 25 142
908 99 0.0 25 142
909 99 0.0 25 142
910 99 0.0 25 142
911 99 0.0 25 142
912 99 0.0 25 142
913 99 0.0 25 142
914 99 0.0 25 142
915 99 0.0 25 142
916 99 0.0 25 142
917 99 0.0 25 142
918 99 0.0 25 142
919 99 0.0 25 142
920 99 0.0 25 142
921 99 0.0 25 142
922 99 0.0 25 142
923 99 0.0 25 142
924 99 0.0 25 142
925 99 0.0 25 142
926 99 0.0 25 142
927 99 0.0 25 142
928 99 0.0 25 142
929 99 0.0 25 142
930 99 0.0 25 142
931 99 0.0 25 142
932 99 0.0 25 142
933 99 0.0 25 142
934 99 0.0 25 142
935 99 0.0 25 142
936 99 0.0 25 142
937 99 0.0 25 142
938 99 0.0 25 142
939 99 0.0 25 142
940 99 0.0 25 142
941 99 0.0 25 142
942 99 0.0 25 142
943 99 0.0 25 142
944 99 0.0 25 142
945 99 0.0 25 142
946 99 0.0 25 142
947 99 0.0 25 142
948 99 0.0 25 142
949 99 0.0 25 142
950 99 0.0 25 142
951 99 0.0 25 142
952 99 0.0 25 142
953 99 0.0 25 142
954 99 0.0 25 142
955 99 0.0 25 142
956 99 0.0 25 142
957 99 0.0 25 142
958 99 0.0 25 142
959 99 0.0 25 142
960 99 0.0 25 142
961 99 0.0 25 142
962 99 0.0 25 142
963 99 0.0 25 142
964 99 0.0 25 142
965 99 0.0 25 142
966 99 0.0 25 142
967 99 0.0 25 142
968 99 0.0 25 142
969 99 0.0 25 142
970 99 0.0 25 142
971 99 0.0 25 142
972 99 0.0 25 142
973 99 0.0 25 142
974 99 0.0 25 142
975 99 0.0 25 142
976 99 0.0 25 142
977 99 0.0 25 142
978 99 0.0 25 142
979 99 0.0 25 142
980 99 0.0 25 142
981 99 0.0 25 142
982 99 0.0 25 142
983 99 0.0 25 142
984 99 0.0 25 142
985 99 0.0 25 142
986 99 0.0 25 142
987 99 0.0 25 142
988 99 0.0 25 142
989 99 0.0 25 142
990 99 0.0 25 142
991 99 0.0 25 142
992 99 0.0 25 142
993 99 0.0 25 142
994 99 0.0 25 142
995 99 0.0 25 142
996 99 0.0 25 142
997 99 0.0 25 142
998 99 0.0 25 142
999 99 0.0 25 142
1000 99 0.0 25 142
1001 99 0.0 25 142
1002 99 0.0 25 142
1003 99 0.0 25 142
1004 99 0.0 25 142
1005 99 0.0 25 142
1006 99 0.0 25 142
1007 99 0.0 25 142
1008 99 0.0 25 142
1009 99 0.0 25 142
1010 99 0.0 25 142
1011 99 0.0 25 142
1012 99 0.0 25 142
1013 99 0.0 25 142
1014 99 0.0 25 142
1015 99 0.0 25 142
1016 99 0.0 25 142
1017 99 0.0 25 142
1018 99 0.0 25 142
1019 99 0.0 25 142
1020 99 0.0 25 142
1021 99 0.0 25 142
1022 99 0.0 25 142
1023 99 0.0 25 142
1024 99 0.0 25 142
1025 99 0.0 25 142
1026 99 0.0 25 142
1027 99 0.0 25 142
1028 99 0.0 25 142
1029 99 0.0 25 142
1030 99 0.0 25 142
1031 99 0.0 25 142
1032 99 0.0 25 142
1033 99 0.0 25 142
1034 99 0.0 25 142
1035 99 0.0 25 142
1036 99 0.0 25 142
1037 99 0.0 25 142
1038 99 0.0 25 142
1039 99 0.0 25 142
1040 99 0.0 25 142
1041 99 0.0 25 142
1042 99 0.0 25 142
1043 99 0.0 25 142
1044 99 0.0 25 142
1045 99 0.0 25 142
1046 99 0.0 25 142
1047 99 0.0 25 142
1048 99 0.0 25 142
1049 99 0.0 25 142
1050 99 0.0 25 142
1051 99 0.0 25 142
1052 99 0.0 25 142
1053 99 0.0 25 142
1054 99 0.0 25 142
1055 99 0.0 25 142
1056 99 0.0 25 142
1057 99 0.0 25 142
1058 99 0.0 25 142
1059 99 0.0 25 142
1060 99 0.0 25 142
1061 99 0.0 25 142
1062 99 0.0 25 142
1063 99 0.0 25 142
1064 99 0.0 25 142
1065 99 0.0 25 142
1066 99 0.0 25 142
1067 99 0.0 25 142
1068 99 0.0 25 142
1069 99 0.0 25 142
1070 99 0.0 25 142
1071 99 0.0 25 142
1072 99 0.0 25 142
1073 99 0.0 25 142
1074 99 0.0 25 142
1075 99 0.0 25 142
1076 99 0.0 25 142
1077 99 0.0 25 142
1078 99 0.0 25 142
1079 99 0.0 25 142
1080 99 0.0 25 142
1081 99 0.0 25 142
1082 99 0.0 25 142
1083 99 0.0 25 142
1084 99 0.0 25 142
1085 99 0.0 25 142
1086 99 0.0 25 142
1087 99 0.0 25 142
1088 99 0.0 25 142
1089 99 0.0 25 142
1090 99 0.0 25 142
1091 99 0.0 25 142
1092 99 0.0 25 142
1093 99 0.0 25 142
1094 99 0.0 25 142
1095 99 0.0 25 142
1096 99 0.0 25 142
1097 99 0.0 25 142
1098 99 0.0 25 142
1099 99 0.0 25 142
1100 99 0.0 25 142
1101 99 0.0 25 142
1102 99 0.0 25 142
1103 99 0.0 25 142
1104 99 0.0 25 142
1105 99 0.0 25 142
1106 99 0.0 25 142
1107 99 0.0 25 142
1108 99 0.0 25 142
1109 99 0.0 25 142
1110 99 0.0 25 142
1111 99 0.0 25 142
1112 99 0.0 25 142
1113 99 0.0 25 142
1114 99 0.0 25 142
1115 99 0.0 25 142
1116 99 0.0 25 142
1117 99 0.0 25 142
1118 99 0.0 25 142
1119 99 0.0 25 142
1120 99 0.0 25 142
1121 99 0.0 25 142
1122 99 0.0 25 142
1123 99 0.0 25 142
1124 99 0.0 25 142
1125 99 0.0 25 142
1126 99 0.0 25 142
1127 99 0.0 25 142
1128 99 0.0 25 142
1129 99 0.0 25 142
1130 99 0.0 25 142
1131 99 0.0 25 142
1132 99 0.0 25 142
1133 99 0.0 25 142
1134 99 0.0 25 142
1135 99 0.0 25 142
1136 99 0.0 25 142
1137 99 0.0 25 142
1138 99 0.0 25 142
1139 99 0.0 25 142
1140 99 0.0 25 142
1141 99 0.0 25 142
1142 99 0.0 25 142
1143 99 0.0 25 142
1144 99 0.0 25 142
1145 99 0.0 25 142
1146 99 0.0 25 142
1147 99 0.0 25 142
1148 99 0.0 25 142
1149 99 0.0 25 142
1150 99 0.0 25 142
1151 99 0.0 25 142
1152 99 0.0 25 142
1153 99 0.0 25 142
1154 99 0.0 25 142
1155 99 0.0 25 142
1156 99 0.0 25 142
1157 99 0.0 25 142
1158 99 0.0 25 142
1159 99 0.0 25 142
1160 99 0.0 25 142
1161 99 0.0 25 142
1162 99 0.0 25 142
1163 99 0.0 25 142
1164 99 0.0 25 142
1165 99 0.0 25 142
1166 99 0.0 25 142
1167 99 0.0 25 142
1168 99 0.0 25 142
1169 99 0.0 25 142
1170 99 0.0 25 142
1171 99 0.0 25 142
1172 99 0.0 25 142
1173 99 0.0 25 142
1174 99 0.0 25 142
1175 99 0.0 25 142
1176 99 0.0 25 142
1177 99 0.0 25 142
1178 99 0.0 25 142
1179 99 0.0 25 142
1180 99 0.0 25 142
1181 99 0.0 25 142
1182 99 0.0 25 142
1183 99 0.0 25 142
1184 99 0.0 25 142
1185 99 0.0 25 142
1186 99 0.0 25 142
1187 99 0.0 25 142
1188 99 0.0 25 142
1189 99 0.0 25 142
1190 99 0.0 25 142
1191 99 0.0 25 142
1192 99 0.0 25 142
1193 99 0.0 25 142
1194 99 0.0 25 142
1195 99 0.0 25 142
1196 99 0.0 25 142
1197 99 0.0 25 142
1198 99 0.0 25 142
1199 99 0.0 25 142
1200 99 0.0 25 142
1201 99 0.0 25 142
1202 99 0.0 25 142
1203 99 0.0 25 142
1204 99 0.0 25 142
1205 99 0.0 25 142
1206 99 0.0 25 142
1207 99 0.0 25 142
1208 99 0.0 25 142
1209 99 0.0 25 142
1210 99 0.0 25 142
1211 99 0.0 25 142
1212 99 0.0 25 142
1213 99 0.0 25 142
1214 99 0.0 25 142
1215 99 0.0 25 142
1216 99 0.0 25 142
1217 99 0.0 25 142
1218 99 0.0 25 142
1219 99 0.0 25 142
1220 99 0.0 25 142
1221 99 0.0 25 142
1222 99 0.0 25 142
1223 99 0.0 25 142
1224 99 0.0 25 142
1225 99 0.0 25 142
1226 99 0.0 25 142
1227 99 0.0 25 142
1228 99 0.0 25 142
1229 99 0.0 25 142
1230 99 0.0 25 142
1231 99 0.0 25 142
1232 99 0.0 25 142
1233 99 0.0 25 142
1234 99 0.0 25 142
1235 99 0.0 25 142
1236 99 0.0 25 142
1237 99 0.0 25 142
1238 99 0.0 25 142
1239 99 0.0 25 142
1240 99 0.0 25 142
1241 99 0.0 25 142
1242 99 0.0 25 142
1243 99 0.0 25 142
1244 99 0.0 25 142
1245 99 0.0 25 142
1246 99 0.0 25 142
1247 99 0.0 25 142
1248 99 0.0 25 142
1249 99 0.0 25 142
1250 99 0.0 25 142
1251 99 0.0 25 142
1252 99 0.0 25 142
1253 99 0.0 25 142
1254 99 0.0 25 142
1255 99 0.0 25 142
1256 99 0.0 25 142
1257 99 0.0 25 142
1258 99 0.0 25 142
1259 99 0.0 25 142
1260 99 0.0 25 142
1261 99 0.0 25 142
1262 99 0.0 25 142
1263 99 0.0 25 142
1264 99 0.0 25 142
1265 99 0.0 25 142
1266 99 0.0 25 142
1267 99 0.0 25 142
1268 99 0.0 25 142
1269 99 0.0 25 142
1270 99 0.0 25 142
1271 99 0.0 25 142
1272 99 0.0 25 142
1273 99 0.0 25 142
1274 99 0.0 25 142
1275 99 0.0 25 142
1276 99 0.0 25 142
1277 99 0.0 25 142
1278 99 0.0 25 142
1279 99 0.0 25 142
1280 99 0.0 25 142
1281 99 0.0 25 142
1282 99 0.0 25 142
1283 99 0.0 25 142
1284 99 0.0 25 142
1285 99 0.0 25 142
1286 99 0.0 25 142
1287 99 0.0 25 142
1288 99 0.0 25 142
1289 99 0.0 25 142
1290 99 0.0 25 142
1291 99 0.0 25 142
1292 99 0.0 25 142
1293 99 0.0 25 142
1294 99 0.0 25 142
1295 99 0.0 25 142
1296 99 0.0 25 142
1297 99 0.0 25 142
1298 99 0.0 25 142
1299 99 0.0 25 142
1300 99 0.0 25 142
1301 99 0.0 25 142
1302 99 0.0 25 142
1303 99 0.0 25 142
1304 99 0.0 25 142
1305 99 0.0 25 142
1306 99 0.0 25 142
1307 99 0.0 25 142
1308 99 0.0 25 142
1309 99 0.0 25 142
1310 99 0.0 25 142
1311 99 0.0 25 142
1312 99 0.0 25 142
1313 99 0.0 25 142
1314 99 0.0 25 142
1315 99 0.0 25 142
1316 99 0.0 25 142
1317 99 0.0 25 142
1318 99 0.0 25 142
1319 99 0.0 25 142
1320 99 0.0 25 142
1321 99 0.0 25 142
1322 99 0.0 25 142
1323 99 0.0 25 142
1324 99 0.0 25 142
1325 99 0.0 25 142
1326 99 0.0 25 142
1327 99 0.0 25 142
1328 99 0.0 25 142
1329 99 0.0 25 142
1330 99 0.0 25 142
1331 99 0.0 25 142
1332 99 0.0 25 142
1333 99 0.0 25 142
1334 99 0.0 25 142
1335 99 0.0 25 142
1336 99 0.0 25 142
1337 99 0.0 25 142
1338 99 0.0 25 142
1339 99 0.0 25 142
1340 99 0.0 25 142
1341 99 0.0 25 142
1342 99 0.0 25 142
1343 99 0.0 25 142
1344 99 0.0 25 142
1345 99 0.0 25 142
1346 99 0.0 25 142
1347 99 0.0 25 142
1348 99 0.0 25 142
1349 99 0.0 25 142
1350 99 0.0 25 142
1351 99 0.0 25 142
1352 99 0.0 25 142
1353 99 0.0 25 142
1354 99 0.0 25 142
1355 99 0.0 25 142
1356 99 0.0 25 142
1357 99 0.0 25 142
1358 99 0.0 25 142
1359 99 0.0 25 142
1360 99 0.0 25 142
1361 99 0.0 25 142
1362 99 0.0 25 142
1363 99 0.0 25 142
1364 99 0.0 25 142
1365 99 0.0 25 142
1366 99 0.0 25 142
1367 99 0.0 25 142
1368 99 0.0 25 142
1369 99 0.0 25 142
1370 99 0.0 25 142
1371 99 0.0 25 142
1372 99 0.0 25 142
1373 99 0.0 25 142
1374 99 0.0 25 142
1375 99 0.0 25 142
1376 99 0.0 25 142
1377 99 0.0 25 142
1378 99 0.0 25 142
1379 99 0.0 25 142
1380 99 0.0 25 142
1381 99 0.0 25 142
1382 99 0.0 25 142
1383 99 0.0 25 142
1384 99 0.0 25 142
1385 99 0.0 25 142
1386 99 0.0 25 142
1387 99 0.0 25 142
1388 99 0.0 25 142
1389 99 0.0 25 142
1390 99 0.0 25 142
1391 99 0.0 25 142
1392 99 0.0 25 142
1393 99 0.0 25 142
1394 99 0.0 25 142
1395 99 0.0 25 142
1396 99 0.0 25 142
1397 99 0.0 25 142
1398 99 0.0 25 142
1399 99 0.0 25 142
1400 99 0.0 25 142
1401 99 0.0 25 142
1402 99 0.0 25 142
1403 99 0.0 25 142
1404 99 0.0 25 142
1405 99 0.0 25 142
1406 99 0.0 25 142
1407 99 0.0 25 142
1408 99 0.0 25 142
1409 99 0.0 25 142
1410 99 0.0 25 142
1411 99 0.0 25 142
1412 99 0.0 25 142
1413 99 0.0 25 142
1414 99 0.0 25 142
1415 99 0.0 25 142
1416 99 0.0 25 142
1417 99 0.0 25 142
1418 99 0.0 25 142
1419 99 0.0 25 142
1420 99 0.0 25 142
1421 99 0.0 25 142
1422 99 0.0 25 142
1423 99 0.0 25 142
1424 99 0.0 25 142
1425 99 0.0 25 142
1426 99 0.0 25 142
1427 99 0.0 25 142
1428 99 0.0 25 142
1429 99 0.0 25 142
1430 99 0.0 25 142
1431 99 0.0 25 142
1432 99 0.0 25 142
1433 99 0.0 25 142
1434 99 0.0 25 142
1435 99 0.0 25 142
1436 99 0.0 25 142
1437 99 0.0 25 142
1438 99 0.0 25 142
1439 99 0.0 25 142
1440 99 0.0 25 142
1441 99 0.0 25 142
1442 99 0.0 25 142
1443 99 0.0 25 142
1444 99 0.0 25 142
1445 99 0.0 25 142
1446 99 0.0 25 142
1447 99 0.0 25 142
1448 99 0.0 25 142
1449 99 0.0 25 142
1450 99 0.0 25 142
1451 99 0.0 25 142
1452 99 0.0 25 142
1453 99 0.0 25 142
1454 99 0.0 25 142
1455 99 0.0 25 142
1456 99 0.0 25 142
1457 99 0.0 25 142
1458 99 0.0 25 142
1459 99 0.0 25 142
1460 99 0.0 25 142
1461 99 0.0 25 142
1462 99 0.0 25 142
1463 99 0.0 25 142
1464 99 0.0 25 142
1465 99 0.0 25 142
1466 99 0.0 25 142
1467 99 0.0 25 142
1468 99 0.0 25 142
1469 99 0.0 25 142
1470 99 0.0 25 142
1471 99 0.0 25 142
1472 99 0.0 25 142
1473 99 0.0 25 142
1474 99 0.0 25 142
1475 99 0.0 25 142
1476 99 0.0 25 142
1477 99 0.0 25 142
1478 99 0.0 25 142
1479 99 0.0 25 142
1480 99 0.0 25 142
1481 99 0.0 25 142
1482 99 0.0 25 142
1483 99 0.0 25 142
1484 99 0.0 25 142
1485 99 0.0 25 142
1486 99 0.0 25 142
1487 99 0.0 25 142
1488 99 0.0 25 142
1489 99 0.0 25 142
1490 99 0.0 25 142
1491 99 0.0 25 142
1492 99 0.0 25 142
1493 99 0.0 25 142
1494 99 0.0 25 142
1495 99 0.0 25 142
1496 99 0.0 25 142
1497 99 0.0 25 142
1498 99 0.0 25 142
1499 99 0.0 25 142
1500 99 0.0 25 142
1501 99 0.0 25 142
1502 99 0.0 25 142
1503 99 0.0 25 142
1504 99 0.0 25 142
1505 99 0.0 25 142
1506 99 0.0 25 142
1507 99 0.0 25 142
1508 99 0.0 25 142
1509 99 0.0 25 142
1510 99 0.0 25 142
1511 99 0.0 25 142
1512 99 0.0 25 142
1513 99 0.0 25 142
1514 99 0.0 25 142
1515 99 0.0 25 142
1516 99 0.0 25 142
1517 99 0.0 25 142
1518 99 0.0 25 142
1519 99 0.0 25 142
1520 99 0.0 25 142
1521 99 0.0 25 142
1522 99 0.0 25 142
1523 99 0.0 25 142
1524 99 0.0 25 142
1525 99 0.0 25 142
1526 99 0.0 25 142
1527 99 0.0 25 142
1528 99 0.0 25 142
1529 99 0.0 25 142
1530 99 0.0 25 142
1531 99 0.0 25 142
1532 99 0.0 25 142
1533 99 0.0 25 142
1534 99 0.0 25 142
1535 99 0.0 25 142
1536 99 0.0 25 142
1537 99 0.0 25 142
1538 99 0.0 25 142
1539 99 0.0 25 142
1540 99 0.0 25 142
1541 99 0.0 25 142
1542 99 0.0 25 142
1543 99 0.0 25 142
1544 99 0.0 25 142
1545 99 0.0 25 142
1546 99 0.0 25 142
1547 99 0.0 25 142
1548 99 0.0 25 142
1549 99 0.0 25 142
1550 99 0.0 25 142
1551 99 0.0 25 142
1552 99 0.0 25 142
1553 99 0.0 25 142
1554 99 0.0 25 142
1555 99 0.0 25 142
1556 99 0.0 25 142
1557 99 0.0 25 142
1558 99 0.0 25 142
1559 99 0.0 25 142
1560 99 0.0 25 142
1561 99 0.0 25 142
1562 99 0.0 25 142
1563 99 0.0 25 142
1564 99 0.0 25 142
1565 99 0.0 25 142
1566 99 0.0 25 142
1567 99 0.0 25 142
1568 99 0.0 25 142
1569 99 0.0 25 142
1570 99 0.0 25 142
1571 99 0.0 25 142
1572 99 0.0 25 142
1573 99 0.0 25 142
1574 99 0.0 25 142
1575 99 0.0 25 142
1576 99 0.0 25 142
1577 99 0.0 25 142
1578 99 0.0 25 142
1579 99 0.0 25 142
1580 99 0.0 25 142
1581 99 0.0 25 142
1582 99 0.0 25 142
1583 99 0.0 25 142
1584 99 0.0 25 142
1585 99 0.0 25 142
1586 99 0.0 25 142
1587 99 0.0 25 142
1588 99 0.0 25 142
1589 99 0.0 25 142
1590 99 0.0 25 142
1591 99 0.0 25 142
1592 99 0.0 25 142
1593 99 0.0 25 142
1594 99 0.0 25 142
1595 99 0.0 25 142
1596 99 0.0 25 142
1597 99 0.0 25 142
1598 99 0.0 25 142
1599 99 0.0 25 142
1600 99 0.0 25 142
1601 99 0.0 25 142
1602 99 0.0 25 142
1603 99 0.0 25 142
1604 99 0.0 25 142
1605 99 0.0 25 142
1606 99 0.0 25 142
1607 99 0.0 25 142
1608 99 0.0 25 142
1609 99 0.0 25 142
1610 99 0.0 25 142
1611 99 0.0 25 142
1612 99 0.0 25 142
1613 99 0.0 25 142
1614 99 0.0 25 142
1615 99 0.0 25 142
1616 99 0.0 25 142
1617 99 0.0 25 142
1618 99 0.0 25 142
1619 99 0.0 25 142
1620 99 0.0 25 142
1621 99 0.0 25 142
1622 99 0.0 25 142
1623 99 0.0 25 142
1624 99 0.0 25 142
1625 99 0.0 25 142
1626 99 0.0 25 142
1627 99 0.0 25 142
1628 99 0.0 25 142
1629 99 0.0 25 142
1630 99 0.0 25 142
1631 99 0.0 25 142
1632 99 0.0 25 142
1633 99 0.0 25 142
1634 99 0.0 25 142
1635 99 0.0 25 142
1636 99 0.0 25 142
1637 99 0.0 25 142
1638 99 0.0 25 142
1639 99 0.0 25 142
1640 99 0.0 25 142
1641 99 0.0 25 142
1642 99 0.0 25 142
1643 99 0.0 25 142
1644 99 0.0 25 142
1645 99 0.0 25 142
1646 99 0.0 25 142
1647 99 0.0 25 142
1648 99 0.0 25 142
1649 99 0.0 25 142
1650 99 0.0 25 142
1651 99 0.0 25 142
1652 99 0.0 25 142
1653 99 0.0 25 142
1654 99 0.0 25 142
1655 99 0.0 25 142
1656 99 0.0 25 142
1657 99 0.0 25 142
1658 99 0.0 25 142
1659 99 0.0 25 142
1660 99 0.0 25 142
1661 99 0.0 25 142
1662 99 0.0 25 142
1663 99 0.0 25 142
1664 99 0.0 25 142
1665 99 0.0 25 142
1666 99 0.0 25 142
1667 99 0.0 25 142
1668 99 0.0 25 142
1669 99 0.0 25 142
1670 99 0.0 25 142
1671 99 0.0 25 142
1672 99 0.0 25 142
1673 99 0.0 25 142
1674 99 0.0 25 142
1675 99 0.0 25 142
1676 99 0.0 25 142
1677 99 0.0 25 142
1678 99 0.0 25 142
1679 99 0.0 25 142
1680 99 0.0 25 142
1681 99 0.0 25 142
1682 99 0.0 25 142
1683 99 0.0 25 142
1684 99 0.0 25 142
1685 99 0.0 25 142
1686 99 0.0 25 142
1687 99 0.0 25 142
1688 99 0.0 25 142
1689 99 0.0 25 142
1690 99 0.0 25 142
1691 99 0.0 25 142
1692 99 0.0 25 142
1693 99 0.0 25 142
1694 99 0.0 25 142
1695 99 0.0 25 142
1696 99 0.0 25 142
1697 99 0.0 25 142
1698 99 0.0 25 142
1699 99 0.0 25 142
1700 99 0.0 25 142
1701 99 0.0 25 142
1702 99 0.0 25 142
1703 99 0.0 25 142
1704 99 0.0 25 142
1705 99 0.0 25 142
1706 99 0.0 25 142
1707 99 0.0 25 142
1708 99 0.0 25 142
1709 99 0.0 25 142
1710 99 0.0 25 142
1711 99 0.0 25 142
1712 99 0.0 25 142
1713 99 0.0 25 142
1714 99 0.0 25 142
1715 99 0.0 25 142
1716 99 0.0 25 142
1717 99 0.0 25 142
1718 99 0.0 25 142
1719 99 0.0 25 142
1720 99 0.0 25 142
1721 99 0.0 25 142
1722 99 0.0 25 142
1723 99 0.0 25 142
1724 99 0.0 25 142
1725 99 0.0 25 142
1726 99 0.0 25 142
1727 99 0.0 25 142
1728 99 0.0 25 142
1729 99 0.0 25 142
1730 99 0.0 25 142
1731 99 0.0 25 142
1732 99 0.0 25 142
1733 99 0.0 25 142
1734 99 0.0 25 142
1735 99 0.0 25 142
1736 99 0.0 25 142
1737 99 0.0 25 142
1738 99 0.0 25 142
1739 99 0.0 25 142
1740 99 0.0 25 142
1741 99 0.0 25 142
1742 99 0.0 25 142
1743 99 0.0 25 142
1744 99 0.0 25 142
1745 99 0.0 25 142
1746 99 0.0 25 142
1747 99 0.0 25 142
1748 99 0.0 25 142
1749 99 0.0 25 142
1750 99 0.0 25 142
1751 99 0.0 25 142
1752 99 0.0 25 142
1753 99 0.0 25 142
1754 99 0.0 25 142
1755 99 0.0 25 142
1756 99 0.0 25 142
1757 99 0.0 25 142
1758 99 0.0 25 142
1759 99 0.0 25 142
1760 99 0.0 25 142
1761 99 0.0 25 142
1762 99 0.0 25 142
1763 99 0.0 25 142
1764 99 0.0 25 142
1765 99 0.0 25 142
1766 99 0.0 25 142
1767 99 0.0 25 142
1768 99 0.0 25 142
1769 99 0.0 25 142
1770 99 0.0 25 142
1771 99 0.0 25 142
1772 99 0.0 25 142
1773 99 0.0 25 142
1774 99 0.0 25 142
1775 99 0.0 25 142
1776 99 0.0 25 142
1777 99 0.0 25 142
1778 99 0.0 25 142
1779 99 0.0 25 142
1780 99 0.0 25 142
1781 99 0.0 25 142
1782 99 0.0 25 142
1783 99 0.0 25 142
1784 99 0.0 25 142
1785 99 0.0 25 142
1786 99 0.0 25 142
1787 99 0.0 25 142
1788 99 0.0 25 142
1789 99 0.0 25 142
1790 99 0.0 25 142
1791 99 0.0 25 142
1792 99 0.0 25 142
1793 99 0.0 25 142
1794 99 0.0 25 142
1795 99 0.0 25 142
1796 99 0.0 25 142
1797 99 0.0 25 142
1798 99 0.0 25 142
1799 99 0.0 25 142
1800 99 0.0 25 142
1801 99 0.0 25 142
1802 99 0.0 25 142
1803 99 0.0 25 142
1804 99 0.0 25 142
1805 99 0.0 25 142
1806 99 0.0 25 142
1807 99 0.0 25 142
1808 99 0.0 25 142
1809 99 0.0 25 142
1810 99 0.0 25 142
1811 99 0.0 25 142
1812 99 0.0 25 142
1813 99 0.0 25 142
1814 99 0.0 25 142
1815 99 0.0 25 142
1816 99 0.0 25 142
1817 99 0.0 25 142
1818 99 0.0 25 142
1819 99 0.0 25 142
1820 99 0.0 25 142
1821 99 0.0 25 142
1822 99 0.0 25 142
1823 99 0.0 25 142
1824 99 0.0 25 142
1825 99 0.0 25 142
1826 99 0.0 25 142
1827 99 0.0 25 142
1828 99 0.0 25 142
1829 99 0.0 25 142
1830 99 0.0 25 142
1831 99 0.0 25 142
1832 99 0.0 25 142
1833 99 0.0 25 142
1834 99 0.0 25 142
1835 99 0.0 25 142
1836 99 0.0 25 142
1837 99 0.0 25 142
1838 99 0.0 25 142
1839 99 0.0 25 142
1840 99 0.0 25 142
1841 99 0.0 25 142
1842 99 0.0 25 142
1843 99 0.0 25 142
1844 99 0.0 25 142
1845 99 0.0 25 142
1846 99 0.0 25 142
1847 99 0.0 25 142
1848 99 0.0 25 142
1849 99 0.0 25 142
1850 99 0.0 25 142
1851 99 0.0 25 142
1852 99 0.0 25 142
1853 99 0.0 25 142
1854 99 0.0 25 142
1855 99 0.0 25 142
1856 99 0.0 25 142
1857 99 0.0 25 142
1858 99 0.0 25 142
1859 99 0.0 25 142
1860 99 0.0 25 142
1861 99 0.0 25 142
1862 99 0.0 25 142
1863 99 0.0 25 142
1864 99 0.0 25 142
1865 99 0.0 25 142
1866 99 0.0 25 142
1867 99 0.0 25 142
1868 99 0.0 25 142
1869 99 0.0 25 142
1870 99 0.0 25 142
1871 99 0.0 25 142
1872 99 0.0 25 142
1873 99 0.0 25 142
1874 99 0.0 25 142
1875 99 0.0 25 142
1876 99 0.0 25 142
1877 99 0.0 25 142
1878 99 0.0 25 142
1879 99 0.0 25 142
1880 99 0.0 25 142
1881 99 0.0 25 142
1882 99 0.0 25 142
1883 99 0.0 25 142
1884 99 0.0 25 142
1885 99 0.0 25 142
1886 99 0.0 25 142
1887 99 0.0 25 142
1888 99 0.0 25 142
1889 99 0.0 25 142
1890 99 0.0 25 142
1891 99 0.0 25 142
1892 99 0.0 25 142
1893 99 0.0 25 142
1894 99 0.0 25 142
1895 99 0.0 25 142
1896 99 0.0 25 142
1897 99 0.0 25 142
1898 99 0.0 25 142
1899 99 0.0 25 142
1900 99 0.0 25 142
1901 99 0.0 25 142
1902 99 0.0 25 142
1903 99 0.0 25 142
1904 99 0.0 25 142
1905 99 0.0 25 142
1906 99 0.0 25 142
1907 99 0.0 25 142
1908 99 0.0 25 142
1909 99 0.0 25 142
1910 99 0.0 25 142
1911 99 0.0 25 142
1912 99 0.0 25 142
1913 99 0.0 25 142
1914 99 0.0 25 142
1915 99 0.0 25 142
1916 99 0.0 25 142
1917 99 0.0 25 142
1918 99 0.0 25 142
1919 99 0.0 25 142
1920 99 0.0 25 142
1921 99 0.0 25 142
1922 99 0.0 25 142
1923 99 0.0 25 142
1924 99 0.0 25 142
1925 99 0.0 25 142
1926 99 0.0 25 142
1927 99 0.0 25 142
1928 99 0.0 25 142
1929 99 0.0 25 142
1930 99 0.0 25 142
1931 99 0.0 25 142
1932 99 0.0 25 142
1933 99 0.0 25 142
1934 99 0.0 25 142
1935 99 0.0 25 142
1936 99 0.0 25 142
1937 99 0.0 25 142
1938 99 0.0 25 142
1939 99 0.0 25 142
1940 99 0.0 25 142
1941 99 0.0 25 142
1942 99 0.0 25 142
1943 99 0.0 25 142
1944 99 0.0 25 142
1945 99 0.0 25 142
1946 99 0.0 25 142
1947 99 0.0 25 142
1948 99 0.0 25 142
1949 99 0.0 25 142
1950 99 0.0 25 142
1951 99 0.0 25 142
1952 99 0.0 25 142
1953 99 0.0 25 142
1954 99 0.0 25 142
1955 99 0.0 25 142
1956 99 0.0 25 142
1957 99 0.0 25 142
1958 99 0.0 25 142
1959 99 0.0 25 142
1960 99 0.0 25 142
1961 99 0.0 25 142
1962 99 0.0 25 142
1963 99 0.0 25 142
1964 99 0.0 25 142
1965 99 0.0 25 142
1966 99 0.0 25 142
1967 99 0.0 25 142
1968 99 0.0 25 142
1969 99 0.0 25 142
1970 99 0.0 25 142
1971 99 0.0 25 142
1972 99 0.0 25 142
1973 99 0.0 25 142
1974 99 0.0 25 142
1975 99 0.0 25 142
1976 99 0.0 25 142
1977 99 0.0 25 142
1978 99 0.0 25 142
1979 99 0.0 25 142
1980 99 0.0 25 142
1981 99 0.0 25 142
1982 99 0.0 25 142
1983 99 0.0 25 142
1984 99 0.0 25 142
1985 99 0.0 25 142
1986 99 0.0 25 142
1987 99 0.0 25 142
1988 99 0.0 25 142
1989 99 0.0 25 142
1990 99 0.0 25 142
1991 99 0.0 25 142
1992 99 0.0 25 142
1993 99 0.0 25 142
1994 99 0.0 25 142
1995 99 0.0 25 142
1996 99 0.0 25 142
1997 99 0.0 25 142
1998 99 0.0 25 142
1999 99 0.0 25 142
2000 99 0.0 25 142
2001 99 0.0 25 142
2002 99 0.0 25 142
2003 99 0.0 25 142
2004 99 0.0 25 142
2005 99 0.0 25 142
2006 99 0.0 25 142
2007 99 0.0 25 142
2008 99 0.0 25 142
2009 99 0.0 25 142
2010 99 0.0 25 142
2011 99 0.0 25 142
2012 99 0.0 25 142
2013 99 0.0 25 142
2014 99 0.0 25 142
2015 99 0.0 25 142
2016 99 0.0 25 142
2017 99 0.0 25 142
2018 99 0.0 25 142
2019 99 0.0 25 142
2020 99 0.0 25 142
2021 99 0.0 25 142
2022 99 0.0 25 142
2023 99 0.0 25 142
2024 99 0.0 25 142
2025 99 0.0 25 142
2026 99 0.0 25 142
2027 99 0.0 25 142
2028 99 0.0 25 142
2029 99 0.0 25 142
2030 99 0.0 25 142
2031 99 0.0 25 142
2032 99 0.0 25 142
2033 99 0.0 25 142
2034 99 0.0 25 142
2035 99 0.0 25 142
2036 99 0.0 25 142
2037 99 0.0 25 142
2038 99 0.0 25 142
2039 99 0.0 25 142
2040 99 0.0 25 142
2041 99 0.0 25 142
2042 99 0.0 25 142
2043 99 0.0 25 142
2044 99 0.0 25 142
2045 99 0.0 25 142
2046 99 0.0 25 142
2047 99 0.0 25 142
2048 99 0.0 25 142
2049 99 0.0 25 142
2050 99 0.0 25 142
2051 99 0.0 25 142
2052 99 0.0 25 142
2053 99 0.0 25 142
2054 99 0.0 25 142
2055 99 0.0 25 142
2056 99 0.0 25 142
2057 99 0.0 25 142
2058 99 0.0 25 142
2059 99 0.0 25 142
2060 99 0.0 25 142
2061 99 0.0 25 142
2062 99 0.0 25 142
2063 99 0.0 25 142
2064 99 0.0 25 142
2065 99 0.0 25 142
2066 99 0.0 25 142
2067 99 0.0 25 142
2068 99 0.0 25 142
2069 99 0.0 25 142
2070 99 0.0 25 142
2071 99 0.0 25 142
2072 99 0.0 25 142
2073 99 0.0 25 142
2074 99 0.0 25 142
2075 99 0.0 25 142
2076 99 0.0 25 142
2077 99 0.0 25 142
2078 99 0.0 25 142
2079 99 0.0 25 142
2080 99 0.0 25 142
2081 99 0.0 25 142
2082 99 0.0 25 142
2083 99 0.0 25 142
2084 99 0.0 25 142
2085 99 0.0 25 142
2086 99 0.0 25 142
2087 99 0.0 25 142
2088 99 0.0 25 142
2089 99 0.0 25 142
2090 99 0.0 25 142
2091 99 0.0 25 142
2092 99 0.0 25 142
2093 99 0.0 25 142
2094 99 0.0 25 142
2095 99 0.0 25 142
2096 99 0.0 25 142
2097 99 0.0 25 142
2098 99 0.0 25 142
2099 99 0.0 25 142
2100 99 0.0 25 142
2101 99 0.0 25 142
2102 99 0.0 25 142
2103 99 0.0 25 142
2104 99 0.0 25 142
2105 99 0.0 25 142
2106 99 0.0 25 142
2107 99 0.0 25 142
2108 99 0.0 25 142
2109 99 0.0 25 142
2110 99 0.0 25 142
2111 99 0.0 25 142
2112 99 0.0 25 142
2113 99 0.0 25 142
2114 99 0.0 25 142
2115 99 0.0 25 142
2116 99 0.0 25 142
2117 99 0.0 25 142
2118 99 0.0 25 142
2119 99 0.0 25 142
2120 99 0.0 25 142
2121 99 0.0 25 142
2122 99 0.0 25 142
2123 99 0.0 25 142
2124 99 0.0 25 142
2125 99 0.0 25 142
2126 99 0.0 25 142
2127 99 0.0 25 142
2128 99 0.0 25 142
2129 99 0.0 25 142
2130 99 0.0 25 142
2131 99 0.0 25 142
2132 99 0.0 25 142
2133 99 0.0 25 142
2134 99 0.0 25 142
2135 99 0.0 25 142
2136 99 0.0 25 142
2137 99 0.0 25 142
2138 99 0.0 25 142
2139 99 0.0 25 142
2140 99 0.0 25 142
2141 99 0.0 25 142
2142 99 0.0 25 142
2143 99 0.0 25 142
2144 99 0.0 25 142
2145 99 0.0 25 142
2146 99 0.0 25 142
2147 99 0.0 25 142
2148 99 0.0 25 142
2149 99 0.0 25 142
2150 99 0.0 25 142
2151 99 0.0 25 142
2152 99 0.0 25 142
2153 99 0.0 25 142
2154 99 0.0 25 142
2155 99 0.0 25 142
2156 99 0.0 25 142
2157 99 0.0 25 142
2158 99 0.0 25 142
2159 99 0.0 25 142
2160 99 0.0 25 142
2161 99 0.0 25 142
2162 99 0.0 25 142
2163 99 0.0 25 142
2164 99 0.0 25 142
2165 99 0.0 25 142
2166 99 0.0 25 142
2167 99 0.0 25 142
2168 99 0.0 25 142
2169 99 0.0 25 142
2170 99 0.0 25 142
2171 99 0.0 25 142
2172 99 0.0 25 142
2173 99 0.0 25 142
2174 99 0.0 25 142
2175 99 0.0 25 142
2176 99 0.0 25 142
2177 99 0.0 25 142
2178 99 0.0 25 142
2179 99 0.0 25 142
2180 99 0.0 25 142
2181 99 0.0 25 142
2182 99 0.0 25 142
2183 99 0.0 25 142
2184 99 0.0 25 142
2185 99 0.0 25 142
2186 99 0.0 25 142
2187 99 0.0 25 142
2188 99 0.0 25 142
2189 99 0.0 25 142
2190 99 0.0 25 142
2191 99 0.0 25 142
2192 99 0.0 25 142
2193 99 0.0 25 142
2194 99 0.0 25 142
2195 99 0.0 25 142
2196 99 0.0 25 142
2197 99 0.0 25 142
2198 99 0.0 25 142
2199 99 0.0 25 142
2200 99 0.0 25 142
2201 99 0.0 25 142
2202 99 0.0 25 142
2203 99 0.0 25 142
2204 99 0.0 25 142
2205 99 0.0 25 142
2206 99 0.0 25 142
2207 99 0.0 25 142
2208 99 0.0 25 142
2209 99 0.0 25 142
2210 99 0.0 25 142
2211 99 0.0 25 142
2212 99 0.0 25 142
2213 99 0.0 25 142
2214 99 0.0 25 142
2215 99 0.0 25 142
2216 99 0.0 25 142
2217 99 0.0 25 142
2218 99 0.0 25 142
2219 99 0.0 25 142
2220 99 0.0 25 142
2221 99 0.0 25 142
2222 99 0.0 25 142
2223 99 0.0 25 142
2224 99 0.0 25 142
2225 99 0.0 25 142
2226 99 0.0 25 142
2227 99 0.0 25 142
2228 99 0.0 25 142
2229 99 0.0 25 142
2230 99 0.0 25 142
2231 99 0.0 25 142
2232 99 0.0 25 142
2233 99 0.0 25 142
2234 99 0.0 25 142
2235 99 0.0 25 142
2236 99 0.0 25 142
2237 99 0.0 25 142
2238 99 0.0 25 142
2239 99 0.0 25 142
2240 99 0.0 25 142
2241 99 0.0 25 142
2242 99 0.0 25 142
2243 99 0.0 25 142
2244 99 0.0 25 142
2245 99 0.0 25 142
2246 99 0.0 25 142
2247 99 0.0 25 142
2248 99 0.0 25 142
2249 99 0.0 25 142
2250 99 0.0 25 142
2251 99 0.0 25 142
2252 99 0.0 25 142
2253 99 0.0 25 142
2254 99 0.0 25 142
2255 99 0.0 25 142
2256 99 0.0 25 142
2257 99 0.0 25 142
2258 99 0.0 25 142
2259 99 0.0 25 142
2260 99 0.0 25 142
2261 99 0.0 25 142
2262 99 0.0 25 142
2263 99 0.0 25 142
2264 99 0.0 25 142
2265 99 0.0 25 142
2266 99 0.0 25 142
2267 99 0.0 25 142
2268 99 0.0 25 142
2269 99 0.0 25 142
2270 99 0.0 25 142
2271 99 0.0 25 142
2272 99 0.0 25 142
2273 99 0.0 25 142
2274 99 0.0 25 142
2275 99 0.0 25 142
2276 99 0.0 25 142
2277 99 0.0 25 142
2278 99 0.0 25 142
2279 99 0.0 25 142
2280 99 0.0 25 142
2281 99 0.0 25 142
2282 99 0.0 25 142
2283 99 0.0 25 142
2284 99 0.0 25 142
2285 99 0.0 25 142
2286 99 0.0 25 142
2287 99 0.0 25 142
2288 99 0.0 25 142
2289 99 0.0 25 142
2290 99 0.0 25 142
2291 99 0.0 25 142
2292 99 0.0 25 142
2293 99 0.0 25 142
2294 99 0.0 25 142
2295 99 0.0 25 142
2296 99 0.0 25 142
2297 99 0.0 25 142
2298 99 0.0 25 142
2299 99 0.0 25 142
2300 99 0.0 25 142
2301 99 0.0 25 142
2302 99 0.0 25 142
2303 99 0.0 25 142
2304 99 0.0 25 142
2305 99 0.0 25 142
2306 99 0.0 25 142
2307 99 0.0 25 142
2308 99 0.0 25 142
2309 99 0.0 25 142
2310 99 0.0 25 142
2311 99 0.0 25 142
2312 99 0.0 25 142
2313 99 0.0 25 142
2314 99 0.0 25 142
2315 99 0.0 25 142
2316 99 0.0 25 142
2317 99 0.0 25 142
2318 99 0.0 25 142
2319 99 0.0 25 142
2320 99 0.0 25 142
2321 99 0.0 25 142
2322 99 0.0 25 142
2323 99 0.0 25 142
2324 99 0.0 25 142
2325 99 0.0 25 142
2326 99 0.0 25 142
2327 99 0.0 25 142
2328 99 0.0 25 142
2329 99 0.0 25 142
2330 99 0.0 25 142
2331 99 0.0 25 142
2332 99 0.0 25 142
2333 99 0.0 25 142
2334 99 0.0 25 142
2335 99 0.0 25 142
2336 99 0.0 25 142
2337 99 0.0 25 142
2338 99 0.0 25 142
2339 99 0.0 25 142
2340 99 0.0 25 142
2341 99 0.0 25 142
2342 99 0.0 25 142
2343 99 0.0 25 142
2344 99 0.0 25 142
2345 99 0.0 25 142
2346 99 0.0 25 142
2347 99 0.0 25 142
2348 99 0.0 25 142
2349 99 0.0 25 142
2350 99 0.0 25 142
2351 99 0.0 25 142
2352 99 0.0 25 142
2353 99 0.0 25 142
2354 99 0.0 25 142
2355 99 0.0 25 142
2356 99 0.0 25 142
2357 99 0.0 25 142
2358 99 0.0 25 142
2359 99 0.0 25 142
2360 99 0.0 25 142
2361 99 0.0 25 142
2362 99 0.0 25 142
2363 99 0.0 25 142
2364 99 0.0 25 142
2365 99 0.0 25 142
2366 99 0.0 25 142
2367 99 0.0 25 142
2368 99 0.0 25 142
2369 99 0.0 25 142
2370 99 0.0 25 142
2371 99 0.0 25 142
2372 99 0.0 25 142
2373 99 0.0 25 142
2374 99 0.0 25 142
2375 99 0.0 25 142
2376 99 0.0 25 142
2377 99 0.0 25 142
2378 99 0.0 25 142
2379 99 0.0 25 142
2380 99 0.0 25 142
2381 99 0.0 25 142
2382 99 0.0 25 142
2383 99 0.0 25 142
2384 99 0.0 25 142
2385 99 0.0 25 142
2386 99 0.0 25 142
2387 99 0.0 25 142
2388 99 0.0 25 142
2389 99 0.0 25 142
2390 99 0.0 25 142
2391 99 0.0 25 142
2392 99 0.0 25 142
2393 99 0.0 25 142
2394 99 0.0 25 142
2395 99 0.0 25 142
2396 99 0.0 25 142
2397 99 0.0 25 142
2398 99 0.0 25 142
2399 99 0.0 25 142
2400 99 0.0 25 142
2401 99 0.0 25 142
2402 99 0.0 25 142
2403 99 0.0 25 142
2404 99 0.0 25 142
2405 99 0.0 25 142
2406 99 0.0 25 142
2407 99 0.0 25 142
2408 99 0.0 25 142
2409 99 0.0 25 142
2410 99 0.0 25 142
2411 99 0.0 25 142
2412 99 0.0 25 142
2413 99 0.0 25 142
2414 99 0.0 25 142
2415 99 0.0 25 142
2416 99 0.0 25 142
2417 99 0.0 25 142
2418 99 0.0 25 142
2419 99 0.0 25 142
2420 99 0.0 25 142
2421 99 0.0 25 142
2422 99 0.0 25 142
2423 99 0.0 25 142
2424 99 0.0 25 142
2425 99 0.0 25 142
2426 99 0.0 25 142
2427 99 0.0 25 142
2428 99 0.0 25 142
2429 99 0.0 25 142
2430 99 0.0 25 142
2431 99 0.0 25 142
2432 99 0.0 25 142
2433 99 0.0 25 142
2434 99 0.0 25 142
2435 99 0.0 25 142
2436 99 0.0 25 142
2437 99 0.0 25 142
2438 99 0.0 25 142
2439 99 0.0 25 142
2440 99 0.0 25 142
2441 99 0.0 25 142
2442 99 0.0 25 142
2443 99 0.0 25 142
2444 99 0.0 25 142
2445 99 0.0 25 142
2446 99 0.0 25 142
2447 99 0.0 25 142
2448 99 0.0 25 142
2449 99 0.0 25 142
2450 99 0.0 25 142
2451 99 0.0 25 142
2452 99 0.0 25 142
2453 99 0.0 25 142
2454 99 0.0 25 142
2455 99 0.0 25 142
2456 99 0.0 25 142
2457 99 0.0 25 142
2458 99 0.0 25 142
2459 99 0.0 25 142
2460 99 0.0 25 142
2461 99 0.0 25 142
2462 99 0.0 25 142
2463 99 0.0 25 142
2464 99 0.0 25 142
2465 99 0.0 25 142
2466 99 0.0 25 142
2467 99 0.0 25 142
2468 99 0.0 25 142
2469 99 0.0 25 142
2470 99 0.0 25 142
2471 99 0.0 25 142
2472 99 0.0 25 142
2473 99 0.0 25 142
2474 99 0.0 25 142
2475 99 0.0 25 142
2476 99 0.0 25 142
2477 99 0.0 25 142
2478 99 0.0 25 142
2479 99 0.0 25 142
2480 99 0.0 25 142
2481 99 0.0 25 142
2482 99 0.0 25 142
2483 99 0.0 25 142
2484 99 0.0 25 142
2485 99 0.0 25 142
2486 99 0.0 25 142
2487 99 0.0 25 142
2488 99 0.0 25 142
2489 99 0.0 25 142
2490 99 0.0 25 142
2491 99 0.0 25 142
2492 99 0.0 25 142
2493 99 0.0 25 142
2494 99 0.0 25 142
2495 99 0.0 25 142
2496 99 0.0 25 142
2497 99 0.0 25 142
2498 99 0.0 25 142
2499 99 0.0 25 142
2500 99 0.0 25 142
2501 99 0.0 25 142
2502 99 0.0 25 142
2503 99 0.0 25 142
2504 99 0.0 25 142
2505 99 0.0 25 142
2506 99 0.0 25 142
2507 99 0.0 25 142
2508 99 0.0 25 142
2509 99 0.0 25 142
2510 99 0.0 25 142
2511 99 0.0 25 142
2512 99 0.0 25 142
2513 99 0.0 25 142
2514 99 0.0 25 142
2515 99 0.0 25 142
2516 99 0.0 25 142
2517 99 0.0 25 142
2518 99 0.0 25 142
2519 99 0.0 25 142
2520 99 0.0 25 142
2521 99 0.0 25 142
2522 99 0.0 25 142
2523 99 0.0 25 142
2524 99 0.0 25 142
2525 99 0.0 25 142
2526 99 0.0 25 142
2527 99 0.0 25 142
2528 99 0.0 25 142
2529 99 0.0 25 142
2530 99 0.0 25 142
2531 99 0.0 25 142
2532 99 0.0 25 142
2533 99 0.0 25 142
2534 99 0.0 25 142
2535 99 0.0 25 142
2536 99 0.0 25 142
2537 99 0.0 25 142
2538 99 0.0 25 142
2539 99 0.0 25 142
2540 99 0.0 25 142
2541 99 0.0 25 142
2542 99 0.0 25 142
2543 99 0.0 25 142
2544 99 0.0 25 142
2545 99 0.0 25 142
2546 99 0.0 25 142
2547 99 0.0 25 142
2548 99 0.0 25 142
2549 99 0.0 25 142
2550 99 0.0 25 142
2551 99 0.0 25 142
2552 99 0.0 25 142
2553 99 0.0 25 142
2554 99 0.0 25 142
2555 99 0.0 25 142
2556 99 0.0 25 142
2557 99 0.0 25 142
2558 99 0.0 25 142
2559 99 0.0 25 142
2560 99 0.0 25 142
2561 99 0.0 25 142
2562 99 0.0 25 142
2563 99 0.0 25 142
2564 99 0.0 25 142
2565 99 0.0 25 142
2566 99 0.0 25 142
2567 99 0.0 25 142
2568 99 0.0 25 142
2569 99 0.0 25 142
2570 99 0.0 25 142
2571 99 0.0 25 142
2572 99 0.0 25 142
2573 99 0.0 25 142
2574 99 0.0 25 142
2575 99 0.0 25 142
2576 99 0.0 25 142
2577 99 0.0 25 142
2578 99 0.0 25 142
2579 99 0.0 25 142
2580 99 0.0 25 142
2581 99 0.0 25 142
2582 99 0.0 25 142
2583 99 0.0 25 142
2584 99 0.0 25 142
2585 99 0.0 25 142
2586 99 0.0 25 142
2587 99 0.0 25 142
2588 99 0.0 25 142
2589 99 0.0 25 142
2590 99 0.0 25 142
2591 99 0.0 25 142
2592 99 0.0 25 142
2593 99 0.0 25 142
2594 99 0.0 25 142
2595 99 0.0 25 142
2596 99 0.0 25 142
2597 99 0.0 25 142
2598 99 0.0 25 142
2599 99 0.0 25 142
2600 99 0.0 25 142
2601 99 0.0 25 142
2602 99 0.0 25 142
2603 99 0.0 25 142
2604 99 0.0 25 142
2605 99 0.0 25 142
2606 99 0.0 25 142
2607 99 0.0 25 142
2608 99 0.0 25 142
2609 99 0.0 25 142
2610 99 0.0 25 142
2611 99 0.0 25 142
2612 99 0.0 25 142
2613 99 0.0 25 142
2614 99 0.0 25 142
2615 99 0.0 25 142
2616 99 0.0 25 142
2617 99 0.0 25 142
2618 99 0.0 25 142
2619 99 0.0 25 142
2620 99 0.0 25 142
2621 99 0.0 25 142
2622 99 0.0 25 142
2623 99 0.0 25 142
2624 99 0.0 25 142
2625 99 0.0 25 142
2626 99 0.0 25 142
2627 99 0.0 25 142
2628 99 0.0 25 142
2629 99 0.0 25 142
2630 99 0.0 25 142
2631 99 0.0 25 142
2632 99 0.0 25 142
2633 99 0.0 25 142
2634 99 0.0 25 142
2635 99 0.0 25 142
2636 99 0.0 25 142
2637 99 0.0 25 142
2638 99 0.0 25 142
2639 99 0.0 25 142
2640 99 0.0 25 142
2641 99 0.0 25 142
2642 99 0.0 25 142
2643 99 0.0 25 142
2644 99 0.0 25 142
2645 99 0.0 25 142
2646 99 0.0 25 142
2647 99 0.0 25 142
2648 99 0.0 25 142
2649 99 0.0 25 142
2650 99 0.0 25 142
2651 99 0.0 25 142
2652 99 0.0 25 142
2653 99 0.0 25 142
2654 99 0.0 25 142
2655 99 0.0 25 142
2656 99 0.0 25 142
2657 99 0.0 25 142
2658 99 0.0 25 142
2659 99 0.0 25 142
2660 99 0.0 25 142
2661 99 0.0 25 142
2662 99 0.0 25 142
2663 99 0.0 25 142
2664 99 0.0 25 142
2665 99 0.0 25 142
2666 99 0.0 25 142
2667 99 0.0 25 142
2668 99 0.0 25 142
2669 99 0.0 25 142
2670 99 0.0 25 142
2671 99 0.0 25 142
2672 99 0.0 25 142
2673 99 0.0 25 142
2674 99 0.0 25 142
2675 99 0.0 25 142
2676 99 0.0 25 142
2677 99 0.0 25 142
2678 99 0.0 25 142
2679 99 0.0 25 142
2680 99 0.0 25 142
2681 99 0.0 25 142
2682 99 0.0 25 142
2683 99 0.0 25 142
2684 99 0.0 25 142
2685 99 0.0 25 142
2686 99 0.0 25 142
2687 99 0.0 25 142
2688 99 0.0 25 142
2689 99 0.0 25 142
2690 99 0.0 25 142
2691 99 0.0 25 142
2692 99 0.0 25 142
2693 99 0.0 25 142
2694 99 0.0 25 142
2695 99 0.0 25 142
2696 99 0.0 25 142
2697 99 0.0 25 142
2698 99 0.0 25 142
2699 99 0.0 25 142
2700 99 0.0 25 142
2701 99 0.0 25 142
2702 99 0.0 25 142
2703 99 0.0 25 142
2704 99 0.0 25 142
2705 99 0.0 25 142
2706 99 0.0 25 142
2707 99 0.0 25 142
2708 99 0.0 25 142
2709 99 0.0 25 142
2710 99 0.0 25 142
2711 99 0.0 25 142
2712 99 0.0 25 142
2713 99 0.0 25 142
2714 99 0.0 25 142
2715 99 0.0 25 142
2716 99 0.0 25 142
2717 99 0.0 25 142
2718 99 0.0 25 142
2719 99 0.0 25 142
2720 99 0.0 25 142
2721 99 0.0 25 142
2722 99 0.0 25 142
2723 99 0.0 25 142
2724 99 0.0 25 142
2725 99 0.0 25 142
2726 99 0.0 25 142
2727 99 0.0 25 142
2728 99 0.0 25 142
2729 99 0.0 25 142
2730 99 0.0 25 142
2731 99 0.0 25 142
2732 99 0.0 25 142
2733 99 0.0 25 142
2734 99 0.0 25 142
2735 99 0.0 25 142
2736 99 0.0 25 142
2737 99 0.0 25 142
2738 99 0.0 25 142
2739 99 0.0 25 142
2740 99 0.0 25 142
2741 99 0.0 25 142
2742 99 0.0 25 142
2743 99 0.0 25 142
2744 99 0.0 25 142
2745 99 0.0 25 142
2746 99 0.0 25 142
2747 99 0.0 25 142
2748 99 0.0 25 142
2749 99 0.0 25 142
2750 99 0.0 25 142
2751 99 0.0 25 142
2752 99 0.0 25 142
2753 99 0.0 25 142
2754 99 0.0 25 142
2755 99 0.0 25 142
2756 99 0.0 25 142
2757 99 0.0 25 142
2758 99 0.0 25 142
2759 99 0.0 25 142
2760 99 0.0 25 142
2761 99 0.0 25 142
2762 99 0.0 25 142
2763 99 0.0 25 142
2764 99 0.0 25 142
2765 99 0.0 25 142
2766 99 0.0 25 142
2767 99 0.0 25 142
2768 99 0.0 25 142
2769 99 0.0 25 142
2770 99 0.0 25 142
2771 99 0.0 25 142
2772 99 0.0 25 142
2773 99 0.0 25 142
2774 99 0.0 25 142
2775 99 0.0 25 142
2776 99 0.0 25 142
2777 99 0.0 25 142
2778 99 0.0 25 142
2779 99 0.0 25 142
2780 99 0.0 25 142
2781 99 0.0 25 142
2782 99 0.0 25 142
2783 99 0.0 25 142
2784 99 0.0 25 142
2785 99 0.0 25 142
2786 99 0.0 25 142
2787 99 0.0 25 142
2788 99 0.0 25 142
2789 99 0.0 25 142
2790 99 0.0 25 142
2791 99 0.0 25 142
2792 99 0.0 25 142
2793 99 0.0 25 142
2794 99 0.0 25 142
2795 99 0.0 25 142
2796 99 0.0 25 142
2797 99 0.0 25 142
2798 99 0.0 25 142
2799 99 0.0 25 142
2800 99 0.0 25 142
2801 99 0.0 25 142
2802 99 0.0 25 142
2803 99 0.0 25 142
2804 99 0.0 25 142
2805 99 0.0 25 142
2806 99 0.0 25 142
2807 99 0.0 25 142
2808 99 0.0 25 142
2809 99 0.0 25 142
2810 99 0.0 25 142
2811 99 0.0 25 142
2812 99 0.0 25 142
2813 99 0.0 25 142
2814 99 0.0 25 142
2815 99 0.0 25 142
2816 99 0.0 25 142
2817 99 0.0 25 142
2818 99 0.0 25 142
2819 99 0.0 25 142
2820 99 0.0 25 142
2821 99 0.0 25 142
2822 99 0.0 25 142
2823 99 0.0 25 142
2824 99 0.0 25 142
2825 99 0.0 25 142
2826 99 0.0 25 142
2827 99 0.0 25 142
2828 99 0.0 25 142
2829 99 0.0 25 142
2830 99 0.0 25 142
2831 99 0.0 25 142
2832 99 0.0 25 142
2833 99 0.0 25 142
2834 99 0.0 25 142
2835 99 0.0 25 142
2836 99 0.0 25 142
2837 99 0.0 25 142
2838 99 0.0 25 142
2839 99 0.0 25 142
2840 99 0.0 25 142
2841 99 0.0 25 142
2842 99 0.0 25 142
2843 99 0.0 25 142
2844 99 0.0 25 142
2845 99 0.0 25 142
2846 99 0.0 25 142
2847 99 0.0 25 142
2848 99 0.0 25 142
2849 99 0.0 25 142
2850 99 0.0 25 142
2851 99 0.0 25 142
2852 99 0.0 25 142
2853 99 0.0 25 142
2854 99 0.0 25 142
2855 99 0.0 25 142
2856 99 0.0 25 142
2857 99 0.0 25 142
2858 99 0.0 25 142
2859 99 0.0 25 142
2860 99 0.0 25 142
2861 99 0.0 25 142
2862 99 0.0 25 142
2863 99 0.0 25 142
2864 99 0.0 25 142
2865 99 0.0 25 142
2866 99 0.0 25 142
2867 99 0.0 25 142
2868 99 0.0 25 142
2869 99 0.0 25 142
2870 99 0.0 25 142
2871 99 0.0 25 142
2872 99 0.0 25 142
2873 99 0.0 25 142
2874 99 0.0 25 142
2875 99 0.0 25 142
2876 99 0.0 25 142
2877 99 0.0 25 142
2878 99 0.0 25 142
2879 99 0.0 25 142
2880 99 0.0 25 142
2881 99 0.0 25 142
2882 99 0.0 25 142
2883 99 0.0 25 142
2884 99 0.0 25 142
2885 99 0.0 25 142
2886 99 0.0 25 142
2887 99 0.0 25 142
2888 99 0.0 25 142
2889 99 0.0 25 142
2890 99 0.0 25 142
2891 99 0.0 25 142
2892 99 0.0 25 142
2893 99 0.0 25 142
2894 99 0.0 25 142
2895 99 0.0 25 142
2896 99 0.0 25 142
2897 99 0.0 25 142
2898 99 0.0 25 142
2899 99 0.0 25 142
2900 99 0.0 25 142
2901 99 0.0 25 142
2902 99 0.0 25 142
2903 99 0.0 25 142
2904 99 0.0 25 142
2905 99 0.0 25 142
2906 99 0.0 25 142
2907 99 0.0 25 142
2908 99 0.0 25 142
2909 99 0.0 25 142
2910 99 0.0 25 142
2911 99 0.0 25 142
2912 99 0.0 25 142
2913 99 0.0 25 142
2914 99 0.0 25 142
2915 99 0.0 25 142
2916 99 0.0 25 142
2917 99 0.0 25 142
2918 99 0.0 25 142
2919 99 0.0 25 142
2920 99 0.0 25 142
2921 99 0.0 25 142
2922 99 0.0 25 142
2923 99 0.0 25 142
2924 99 0.0 25 142
2925 99 0.0 25 142
2926 99 0.0 25 142
2927 99 0.0 25 142
2928 99 0.0 25 142
2929 99 0.0 25 142
2930 99 0.0 25 142
2931 99 0.0 25 142
2932 99 0.0 25 142
2933 99 0.0 25 142
2934 99 0.0 25 142
2935 99 0.0 25 142
2936 99 0.0 25 142
2937 99 0.0 25 142
2938 99 0.0 25 142
2939 99 0.0 25 142
2940 99 0.0 25 142
2941 99 0.0 25 142
2942 99 0.0 25 142
2943 99 0.0 25 142
2944 99 0.0 25 142
2945 99 0.0 25 142
2946 99 0.0 25 142
2947 99 0.0 25 142
2948 99 0.0 25 142
2949 99 0.0 25 142
2950 99 0.0 25 142
2951 99 0.0 25 142
2952 99 0.0 25 142
2953 99 0.0 25 142
2954 99 0.0 25 142
2955 99 0.0 25 142
2956 99 0.0 25 142
2957 99 0.0 25 142
2958 99 0.0 25 142
2959 99 0.0 25 142
2960 99 0.0 25 142
2961 99 0.0 25 142
2962 99 0.0 25 142
2963 99 0.0 25 142
2964 99 0.0 25 142
2965 99 0.0 25 142
2966 99 0.0 25 142
2967 99 0.0 25 142
2968 99 0.0 25 142
2969 99 0.0 25 142
2970 99 0.0 25 142
2971 99 0.0 25 142
2972 99 0.0 25 142
2973 99 0.0 25 142
2974 99 0.0 25 142
2975 99 0.0 25 142
2976 99 0.0 25 142
2977 99 0.0 25 142
2978 99 0.0 25 142
2979 99 0.0 25 142
2980 99 0.0 25 142
2981 99 0.0 25 142
2982 99 0.0 25 142
2983 99 0.0 25 142
2984 99 0.0 25 142
2985 99 0.0 25 142
2986 99 0.0 25 142
2987 99 0.0 25 142
2988 99 0.0 25 142
2989 99 0.0 25 142
2990 99 0.0 25 142
2991 99 0.0 25 142
2992 99 0.0 25 142
2993 99 0.0 25 142
2994 99 0.0 25 142
2995 99 0.0 25 142
2996 99 0.0 25 142
2997 99 0.0 25 142
2998 99 0.0 25 142
2999 99 0.0 25 142
3000 99 0.0 25 142
3001 99 0.0 25 142
3002 99 0.0 25 142
3003 99 0.0 25 142
3004 99 0.0 25 142
3005 99 0.0 25 142
3006 99 0.0 25 142
3007 99 0.0 25 142
3008 99 0.0 25 142
3009 99 0.0 25 142
3010 99 0.0 25 142
3011 99 0.0 25 142
3012 99 0.0 25 142
3013 99 0.0 25 142
3014 99 0.0 25 142
3015 99 0.0 25 142
3016 99 0.0 25 142
3017 99 0.0 25 142
3018 99 0.0 25 142
3019 99 0.0 25 142
3020 99 0.0 25 142
3021 99 0.0 25 142
3022 99 0.0 25 142
3023 99 0.0 25 142
3024 99 0.0 25 142
3025 99 0.0 25 142
3026 99 0.0 25 142
3027 99 0.0 25 142
3028 99 0.0 25 142
3029 99 0.0 25 142
3030 99 0.0 25 142
3031 99 0.0 25 142
3032 99 0.0 25 142
3033 99 0.0 25 142
3034 99 0.0 25 142
3035 99 0.0 25 142
3036 99 0.0 25 142
3037 99 0.0 25 142
3038 99 0.0 25 142
3039 99 0.0 25 142
3040 99 0.0 25 142
3041 99 0.0 25 142
3042 99 0.0 25 142
3043 99 0.0 25 142
3044 99 0.0 25 142
3045 99 0.0 25 142
3046 99 0.0 25 142
3047 99 0.0 25 142
3048 99 0.0 25 142
3049 99 0.0 25 142
3050 99 0.0 25 142
3051 99 0.0 25 142
3052 99 0.0 25 142
3053 99 0.0 25 142
3054 99 0.0 25 142
3055 99 0.0 25 142
3056 99 0.0 25 142
3057 99 0.0 25 142
3058 99 0.0 25 142
3059 99 0.0 25 142
3060 99 0.0 25 142
3061 99 0.0 25 142
3062 99 0.0 25 142
3063 99 0.0 25 142
3064 99 0.0 25 142
3065 99 0.0 25 142
3066 99 0.0 25 142
3067 99 0.0 25 142
3068 99 0.0 25 142
3069 99 0.0 25 142
3070 99 0.0 25 142
3071 99 0.0 25 142
3072 99 0.0 25 142
3073 99 0.0 25 142
3074 99 0.0 25 142
3075 99 0.0 25 142
3076 99 0.0 25 142
3077 99 0.0 25 142
3078 99 0.0 25 142
3079 99 0.0 25 142
3080 99 0.0 25 142
3081 99 0.0 25 142
3082 99 0.0 25 142
3083 99 0.0 25 142
3084 99 0.0 25 142
3085 99 0.0 25 142
3086 99 0.0 25 142
3087 99 0.0 25 142
3088 99 0.0 25 142
3089 99 0.0 25 142
3090 99 0.0 25 142
3091 99 0.0 25 142
3092 99 0.0 25 142
3093 99 0.0 25 142
3094 99 0.0 25 142
3095 99 0.0 25 142
3096 99 0.0 25 142
3097 99 0.0 25 142
3098 99 0.0 25 142
3099 99 0.0 25 142
3100 99 0.0 25 142
3101 99 0.0 25 142
3102 99 0.0 25 142
3103 99 0.0 25 142
3104 99 0.0 25 142
3105 99 0.0 25 142
3106 99 0.0 25 142
3107 99 0.0 25 142
3108 99 0.0 25 142
3109 99 0.0 25 142
3110 99 0.0 25 142
3111 99 0.0 25 142
3112 99 0.0 25 142
3113 99 0.0 25 142
3114 99 0.0 25 142
3115 99 0.0 25 142
3116 99 0.0 25 142
3117 99 0.0 25 142
3118 99 0.0 25 142
3119 99 0.0 25 142
3120 99 0.0 25 142
3121 99 0.0 25 142
3122 99 0.0 25 142
3123 99 0.0 25 142
3124 99 0.0 25 142
3125 99 0.0 25 142
3126 99 0.0 25 142
3127 99 0.0 25 142
3128 99 0.0 25 142
3129 99 0.0 25 142
3130 99 0.0 25 142
3131 99 0.0 25 142
3132 99 0.0 25 142
3133 99 0.0 25 142
3134 99 0.0 25 142
3135 99 0.0 25 142
3136 99 0.0 25 142
3137 99 0.0 25 142
3138 99 0.0 25 142
3139 99 0.0 25 142
3140 99 0.0 25 142
3141 99 0.0 25 142
3142 99 0.0 25 142
3143 99 0.0 25 142
3144 99 0.0 25 142
3145 99 0.0 25 142
3146 99 0.0 25 142
3147 99 0.0 25 142
3148 99 0.0 25 142
3149 99 0.0 25 142
3150 99 0.0 25 142
3151 99 0.0 25 142
3152 99 0.0 25 142
3153 99 0.0 25 142
3154 99 0.0 25 142
3155 99 0.0 25 142
3156 99 0.0 25 142
3157 99 0.0 25 142
3158 99 0.0 25 142
3159 99 0.0 25 142
3160 99 0.0 25 142
3161 99 0.0 25 142
3162 99 0.0 25 142
3163 99 0.0 25 142
3164 99 0.0 25 142
3165 99 0.0 25 142
3166 99 0.0 25 142
3167 99 0.0 25 142
3168 99 0.0 25 142
3169 99 0.0 25 142
3170 99 0.0 25 142
3171 99 0.0 25 142
3172 99 0.0 25 142
3173 99 0.0 25 142
3174 99 0.0 25 142
3175 99 0.0 25 142
3176 99 0.0 25 142
3177 99 0.0 25 142
3178 99 0.0 25 142
3179 99 0.0 25 142
3180 99 0.0 25 142
3181 99 0.0 25 142
3182 99 0.0 25 142
3183 99 0.0 25 142
3184 99 0.0 25 142
3185 99 0.0 25 142
3186 99 0.0 25 142
3187 99 0.0 25 142
3188 99 0.0 25 142
3189 99 0.0 25 142
3190 99 0.0 25 142
3191 99 0.0 25 142
3192 99 0.0 25 142
3193 99 0.0 25 142
3194 99 0.0 25 142
3195 99 0.0 25 142
3196 99 0.0 25 142
3197 99 0.0 25 142
3198 99 0.0 25 142
3199 99 0.0 25 142
3200 99 0.0 25 142
3201 99 0.0 25 142
3202 99 0.0 25 142
3203 99 0.0 25 142
3204 99 0.0 25 142
3205 99 0.0 25 142
3206 99 0.0 25 142
3207 99 0.0 25 142
3208 99 0.0 25 142
3209 99 0.0 25 142
3210 99 0.0 25 142
3211 99 0.0 25 142
3212 99 0.0 25 142
3213 99 0.0 25 142
3214 99 0.0 25 142
3215 99 0.0 25 142
3216 99 0.0 25 142
3217 99 0.0 25 142
3218 99 0.0 25 142
3219 99 0.0 25 142
3220 99 0.0 25 142
3221 99 0.0 25 142
3222 99 0.0 25 142
3223 99 0.0 25 142
3224 99 0.0 25 142
3225 99 0.0 25 142
3226 99 0.0 25 142
3227 99 0.0 25 142
3228 99 0.0 25 142
3229 99 0.0 25 142
3230 99 0.0 25 142
3231 99 0.0 25 142
3232 99 0.0 25 142
3233 99 0.0 25 142
3234 99 0.0 25 142
3235 99 0.0 25 142
3236 99 0.0 25 142
3237 99 0.0 25 142
3238 99 0.0 25 142
3239 99 0.0 25 142
3240 99 0.0 25 142
3241 99 0.0 25 142
3242 99 0.0 25 142
3243 99 0.0 25 142
3244 99 0.0 25 142
3245 99 0.0 25 142
3246 99 0.0 25 142
3247 99 0.0 25 142
3248 99 0.0 25 142
3249 99 0.0 25 142
3250 99 0.0 25 142
3251 99 0.0 25 142
3252 99 0.0 25 142
3253 99 0.0 25 142
3254 99 0.0 25 142
3255 99 0.0 25 142
3256 99 0.0 25 142
3257 99 0.0 25 142
3258 99 0.0 25 142
3259 99 0.0 25 142
3260 99 0.0 25 142
3261 99 0.0 25 142
3262 99 0.0 25 142
3263 99 0.0 25 142
3264 99 0.0 25 142
3265 99 0.0 25 142
3266 99 0.0 25 142
3267 99 0.0 25 142
3268 99 0.0 25 142
3269 99 0.0 25 142
3270 99 0.0 25 142
3271 99 0.0 25 142
3272 99 0.0 25 142
3273 99 0.0 25 142
3274 99 0.0 25 142
3275 99 0.0 25 142
3276 99 0.0 25 142
3277 99 0.0 25 142
3278 99 0.0 25 142
3279 99 0.0 25 142
3280 99 0.0 25 142
3281 99 0.0 25 142
3282 99 0.0 25 142
3283 99 0.0 25 142
3284 99 0.0 25 142
3285 99 0.0 25 142
3286 99 0.0 25 142
3287 99 0.0 25 142
3288 99 0.0 25 142
3289 99 0.0 25 142
3290 99 0.0 25 142
3291 99 0.0 25 142
3292 99 0.0 25 142
3293 99 0.0 25 142
3294 99 0.0 25 142
3295 99 0.0 25 142
3296 99 0.0 25 142
3297 99 0.0 25 142
3298 99 0.0 25 142
3299 99 0.0 25 142
3300 99 0.0 25 142
3301 99 0.0 25 142
3302 99 0.0 25 142
3303 99 0.0 25 142
3304 99 0.0 25 142
3305 99 0.0 25 142
3306 99 0.0 25 142
3307 99 0.0 25 142
3308 99 0.0 25 142
3309 99 0.0 25 142
3310 99 0.0 25 142
3311 99 0.0 25 142
3312 99 0.0 25 142
3313 99 0.0 25 142
3314 99 0.0 25 142
3315 99 0.0 25 142
3316 99 0.0 25 142
3317 99 0.0 25 142
3318 99 0.0 25 142
3319 99 0.0 25 142
3320 99 0.0 25 142
3321 99 0.0 25 142
3322 99 0.0 25 142
3323 99 0.0 25 142
3324 99 0.0 25 142
3325 99 0.0 25 142
3326 99 0.0 25 142
3327 99 0.0 25 142
3328 99 0.0 25 142
3329 99 0.0 25 142
3330 99 0.0 25 142
3331 99 0.0 25 142
3332 99 0.0 25 142
3333 99 0.0 25 142
3334 99 0.0 25 142
3335 99 0.0 25 142
3336 99 0.0 25 142
3337 99 0.0 25 142
3338 99 0.0 25 142
3339 99 0.0 25 142
3340 99 0.0 25 142
3341 99 0.0 25 142
3342 99 0.0 25 142
3343 99 0.0 25 142
3344 99 0.0 25 142
3345 99 0.0 25 142
3346 99 0.0 25 142
3347 99 0.0 25 142
3348 99 0.0 25 142
3349 99 0.0 25 142
3350 99 0.0 25 142
3351 99 0.0 25 142
3352 99 0.0 25 142
3353 99 0.0 25 142
3354 99 0.0 25 142
3355 99 0.0 25 142
3356 99 0.0 25 142
3357 99 0.0 25 142
3358 99 0.0 25 142
3359 99 0.0 25 142
3360 99 0.0 25 142
3361 99 0.0 25 142
3362 99 0.0 25 142
3363 99 0.0 25 142
3364 99 0.0 25 142
3365 99 0.0 25 142
3366 99 0.0 25 142
3367 99 0.0 25 142
3368 99 0.0 25 142
3369 99 0.0 25 142
3370 99 0.0 25 142
3371 99 0.0 25 142
3372 99 0.0 25 142
3373 99 0.0 25 142
3374 99 0.0 25 142
3375 99 0.0 25 142
3376 99 0.0 25 142
3377 99 0.0 25 142
3378 99 0.0 25 142
3379 99 0.0 25 142
3380 99 0.0 25 142
3381 99 0.0 25 142
3382 99 0.0 25 142
3383 99 0.0 25 142
3384 99 0.0 25 142
3385 99 0.0 25 142
3386 99 0.0 25 142
3387 99 0.0 25 142
3388 99 0.0 25 142
3389 99 0.0 25 142
3390 99 0.0 25 142
3391 99 0.0 25 142
3392 99 0.0 25 142
3393 99 0.0 25 142
3394 99 0.0 25 142
3395 99 0.0 25 142
3396 99 0.0 25 142
3397 99 0.0 25 142
3398 99 0.0 25 142
3399 99 0.0 25 142
3400 99 0.0 25 142
3401 99 0.0 25 142
3402 99 0.0 25 142
3403 99 0.0 25 142
3404 99 0.0 25 142
3405 99 0.0 25 142
3406 99 0.0 25 142
3407 99 0.0 25 142
3408 99 0.0 25 142
3409 99 0.0 25 142
3410 99 0.0 25 142
3411 99 0.0 25 142
3412 99 0.0 25 142
3413 99 0.0 25 142
3414 99 0.0 25 142
3415 99 0.0 25 142
3416 99 0.0 25 142
3417 99 0.0 25 142
3418 99 0.0 25 142
3419 99 0.0 25 142
3420 99 0.0 25 142
3421 99 0.0 25 142
3422 99 0.0 25 142
3423 99 0.0 25 142
3424 99 0.0 25 142
3425 99 0.0 25 142
3426 99 0.0 25 142
3427 99 0.0 25 142
3428 99 0.0 25 142
3429 99 0.0 25 142
3430 99 0.0 25 142
3431 99 0.0 25 142
3432 99 0.0 25 142
3433 99 0.0 25 142
3434 99 0.0 25 142
3435 99 0.0 25 142
3436 99 0.0 25 142
3437 99 0.0 25 142
3438 99 0.0 25 142
3439 99 0.0 25 142
3440 99 0.0 25 142
3441 99 0.0 25 142
3442 99 0.0 25 142
3443 99 0.0 25 142
3444 99 0.0 25 142
3445 99 0.0 25 142
3446 99 0.0 25 142
3447 99 0.0 25 142
3448 99 0.0 25 142
3449 99 0.0 25 142
3450 99 0.0 25 142
3451 99 0.0 25 142
3452 99 0.0 25 142
3453 99 0.0 25 142
3454 99 0.0 25 142
3455 99 0.0 25 142
3456 99 0.0 25 142
3457 99 0.0 25 142
3458 99 0.0 25 142
3459 99 0.0 25 142
3460 99 0.0 25 142
3461 99 0.0 25 142
3462 99 0.0 25 142
3463 99 0.0 25 142
3464 99 0.0 25 142
3465 99 0.0 25 142
3466 99 0.0 25 142
3467 99 0.0 25 142
3468 99 0.0 25 142
3469 99 0.0 25 142
3470 99 0.0 25 142
3471 99 0.0 25 142
3472 99 0.0 25 142
3473 99 0.0 25 142
3474 99 0.0 25 142
3475 99 0.0 25 142
3476 99 0.0 25 142
3477 99 0.0 25 142
3478 99 0.0 25 142
3479 99 0.0 25 142
3480 99 0.0 25 142
3481 99 0.0 25 142
3482 99 0.0 25 142
3483 99 0.0 25 142
3484 99 0.0 25 142
3485 99 0.0 25 142
3486 99 0.0 25 142
3487 99 0.0 25 142
3488 99 0.0 25 142
3489 99 0.0 25 142
3490 99 0.0 25 142
3491 99 0.0 25 142
3492 99 0.0 25 142
3493 99 0.0 25 142
3494 99 0.0 25 142
3495 99 0.0 25 142
3496 99 0.0 25 142
3497 99 0.0 25 142
3498 99 0.0 25 142
3499 99 0.0 25 142
3500 99 0.0 25 142
3501 99 0.0 25 142
3502 99 0.0 25 142
3503 99 0.0 25 142
3504 99 0.0 25 142
3505 99 0.0 25 142
3506 99 0.0 25 142
3507 99 0.0 25 142
3508 99 0.0 25 142
3509 99 0.0 25 142
3510 99 0.0 25 142
3511 99 0.0 25 142
3512 99 0.0 25 142
3513 99 0.0 25 142
3514 99 0.0 25 142
3515 99 0.0 25 142
3516 99 0.0 25 142
3517 99 0.0 25 142
3518 99 0.0 25 142
3519 99 0.0 25 142
3520 99 0.0 25 142
3521 99 0.0 25 142
3522 99 0.0 25 142
3523 99 0.0 25 142
3524 99 0.0 25 142
3525 99 0.0 25 142
3526 99 0.0 25 142
3527 99 0.0 25 142
3528 99 0.0 25 142
3529 99 0.0 25 142
3530 99 0.0 25 142
3531 99 0.0 25 142
3532 99 0.0 25 142
3533 99 0.0 25 142
3534 99 0.0 25 142
3535 99 0.0 25 142
3536 99 0.0 25 142
3537 99 0.0 25 142
3538 99 0.0 25 142
3539 99 0.0 25 142
3540 99 0.0 25 142
3541 99 0.0 25 142
3542 99 0.0 25 142
3543 99 0.0 25 142
3544 99 0.0 25 142
3545 99 0.0 25 142
3546 99 0.0 25 142
3547 99 0.0 25 142
3548 99 0.0 25 142
3549 99 0.0 25 142
3550 99 0.0 25 142
3551 99 0.0 25 142
3552 99 0.0 25 142
3553 99 0.0 25 142
3554 99 0.0 25 142
3555 99 0.0 25 142
3556 99 0.0 25 142
3557 99 0.0 25 142
3558 99 0.0 25 142
3559 99 0.0 25 142
3560 99 0.0 25 142
3561 99 0.0 25 142
3562 99 0.0 25 142
3563 99 0.0 25 142
3564 99 0.0 25 142
3565 99 0.0 25 142
3566 99 0.0 25 142
3567 99 0.0 25 142
3568 99 0.0 25 142
3569 99 0.0 25 142
3570 99 0.0 25 142
3571 99 0.0 25 142
3572 99 0.0 25 142
3573 99 0.0 25 142
3574 99 0.0 25 142
3575 99 0.0 25 142
3576 99 0.0 25 142
3577 99 0.0 25 142
3578 99 0.0 25 142
3579 99 0.0 25 142
3580 99 0.0 25 142
3581 99 0.0 25 142
3582 99 0.0 25 142
3583 99 0.0 25 142
3584 99 0.0 25 142
3585 99 0.0 25 142
3586 99 0.0 25 142
3587 99 0.0 25 142
3588 99 0.0 25 142
3589 99 0.0 25 142
3590 99 0.0 25 142
3591 99 0.0 25 142
3592 99 0.0 25 142
3593 99 0.0 25 142
3594 99 0.0 25 142
3595 99 0.0 25 142
3596 99 0.0 25 142
3597 99 0.0 25 142
3598 99 0.0 25 142
3599 99 0.0 25 142
3600 99 0.0 25 142
3601 99 0.0 25 142
3602 99 0.0 25 142
3603 99 0.0 25 142
3604 99 0.0 25 142
3605 99 0.0 25 142
3606 99 0.0 25 142
3607 99 0.0 25 142
3608 99 0.0 25 142
3609 99 0.0 25 142
3610 99 0.0 25 142
3611 99 0.0 25 142
3612 99 0.0 25 142
3613 99 0.0 25 142
3614 99 0.0 25 142
3615 99 0.0 25 142
3616 99 0.0 25 142
3617 99 0.0 25 142
3618 99 0.0 25 142
3619 99 0.0 25 142
3620 99 0.0 25 142
3621 99 0.0 25 142
3622 99 0.0 25 142
3623 99 0.0 25 142
3624 99 0.0 25 142
3625 99 0.0 25 142
3626 99 0.0 25 142
3627 99 0.0 25 142
3628 99 0.0 25 142
3629 99 0.0 25 142
3630 99 0.0 25 142
3631 99 0.0 25 142
3632 99 0.0 25 142
3633 99 0.0 25 142
3634 99 0.0 25 142
3635 99 0.0 25 142
3636 99 0.0 25 142
3637 99 0.0 25 142
3638 99 0.0 25 142
3639 99 0.0 25 142
3640 99 0.0 25 142
3641 99 0.0 25 142
3642 99 0.0 25 142
3643 99 0.0 25 142
3644 99 0.0 25 142
3645 99 0.0 25 142
3646 99 0.0 25 142
3647 99 0.0 25 142
3648 99 0.0 25 142
3649 99 0.0 25 142
3650 99 0.0 25 142
3651 99 0.0 25 142
3652 99 0.0 25 142
3653 99 0.0 25 142
3654 99 0.0 25 142
3655 99 0.0 25 142
3656 99 0.0 25 142
3657 99 0.0 25 142
3658 99 0.0 25 142
3659 99 0.0 25 142
3660 99 0.0 25 142
3661 99 0.0 25 142
3662 99 0.0 25 142
3663 99 0.0 25 142
3664 99 0.0 25 142
3665 99 0.0 25 142
3666 99 0.0 25 142
3667 99 0.0 25 142
3668 99 0.0 25 142
3669 99 0.0 25 142
3670 99 0.0 25 142
3671 99 0.0 25 142
3672 99 0.0 25 142
3673 99 0.0 25 142
3674 99 0.0 25 142
3675 99 0.0 25 142
3676 99 0.0 25 142
3677 99 0.0 25 142
3678 99 0.0 25 142
3679 99 0.0 25 142
3680 99 0.0 25 142
3681 99 0.0 25 142
3682 99 0.0 25 142
3683 99 0.0 25 142
3684 99 0.0 25 142
3685 99 0.0 25 142
3686 99 0.0 25 142
3687 99 0.0 25 142
3688 99 0.0 25 142
3689 99 0.0 25 142
3690 99 0.0 25 142
3691 99 0.0 25 142
3692 99 0.0 25 142
3693 99 0.0 25 142
3694 99 0.0 25 142
3695 99 0.0 25 142
3696 99 0.0 25 142
3697 99 0.0 25 142
3698 99 0.0 25 142
3699 99 0.0 25 142
3700 99 0.0 25 142
3701 99 0.0 25 142
3702 99 0.0 25 142
3703 99 0.0 25 142
3704 99 0.0 25 142
3705 99 0.0 25 142
3706 99 0.0 25 142
3707 99 0.0 25 142
3708 99 0.0 25 142
3709 99 0.0 25 142
3710 99 0.0 25 142
3711 99 0.0 25 142
3712 99 0.0 25 142
3713 99 0.0 25 142
3714 99 0.0 25 142
3715 99 0.0 25 142
3716 99 0.0 25 142
3717 99 0.0 25 142
3718 99 0.0 25 142
3719 99 0.0 25 142
3720 99 0.0 25 142
3721 99 0.0 25 142
3722 99 0.0 25 142
3723 99 0.0 25 142
3724 99 0.0 25 142
3725 99 0.0 25 142
3726 99 0.0 25 142
3727 99 0.0 25 142
3728 99 0.0 25 142
3729 99 0.0 25 142
3730 99 0.0 25 142
3731 99 0.0 25 142
3732 99 0.0 25 142
3733 99 0.0 25 142
3734 99 0.0 25 142
3735 99 0.0 25 142
3736 99 0.0 25 142
3737 99 0.0 25 142
3738 99 0.0 25 142
3739 99 0.0 25 142
3740 99 0.0 25 142
3741 99 0.0 25 142
3742 99 0.0 25 142
3743 99 0.0 25 142
3744 99 0.0 25 142
3745 99 0.0 25 142
3746 99 0.0 25 142
3747 99 0.0 25 142
3748 99 0.0 25 142
3749 99 0.0 25 142
3750 99 0.0 25 142
3751 99 0.0 25 142
3752 99 0.0 25 142
3753 99 0.0 25 142
3754 99 0.0 25 142
3755 99 0.0 25 142
3756 99 0.0 25 142
3757 99 0.0 25 142
3758 99 0.0 25 142
3759 99 0.0 25 142
3760 99 0.0 25 142
3761 99 0.0 25 142
3762 99 0.0 25 142
3763 99 0.0 25 142
3764 99 0.0 25 142
3765 99 0.0 25 142
3766 99 0.0 25 142
3767 99 0.0 25 142
3768 99 0.0 25 142
3769 99 0.0 25 142
3770 99 0.0 25 142
3771 99 0.0 25 142
3772 99 0.0 25 142
3773 99 0.0 25 142
3774 99 0.0 25 142
3775 99 0.0 25 142
3776 99 0.0 25 142
3777 99 0.0 25 142
3778 99 0.0 25 142
3779 99 0.0 25 142
3780 99 0.0 25 142
3781 99 0.0 25 142
3782 99 0.0 25 142
3783 99 0.0 25 142
3784 99 0.0 25 142
3785 99 0.0 25 142
3786 99 0.0 25 142
3787 99 0.0 25 142
3788 99 0.0 25 142
3789 99 0.0 25 142
3790 99 0.0 25 142
3791 99 0.0 25 142
3792 99 0.0 25 142
3793 99 0.0 25 142
3794 99 0.0 25 142
3795 99 0.0 25 142
3796 99 0.0 25 142
3797 99 0.0 25 142
3798 99 0.0 25 142
3799 99 0.0 25 142
3800 99 0.0 25 142
3801 99 0.0 25 142
3802 99 0.0 25 142
3803 99 0.0 25 142
3804 99 0.0 25 142
3805 99 0.0 25 142
3806 99 0.0 25 142
3807 99 0.0 25 142
3808 99 0.0 25 142
3809 99 0.0 25 142
3810 99 0.0 25 142
3811 99 0.0 25 142
3812 99 0.0 25 142
3813 99 0.0 25 142
3814 99 0.0 25 142
3815 99 0.0 25 142
3816 99 0.0 25 142
3817 99 0.0 25 142
3818 99 0.0 25 142
3819 99 0.0 25 142
3820 99 0.0 25 142
3821 99 0.0 25 142
3822 99 0.0 25 142
3823 99 0.0 25 142
3824 99 0.0 25 142
3825 99 0.0 25 142
3826 99 0.0 25 142
3827 99 0.0 25 142
3828 99 0.0 25 142
3829 99 0.0 25 142
3830 99 0.0 25 142
3831 99 0.0 25 142
3832 99 0.0 25 142
3833 99 0.0 25 142
3834 99 0.0 25 142
3835 99 0.0 25 142
3836 99 0.0 25 142
3837 99 0.0 25 142
3838 99 0.0 25 142
3839 99 0.0 25 142
3840 99 0.0 25 142
3841 99 0.0 25 142
3842 99 0.0 25 142
3843 99 0.0 25 142
3844 99 0.0 25 142
3845 99 0.0 25 142
3846 99 0.0 25 142
3847 99 0.0 25 142
3848 99 0.0 25 142
3849 99 0.0 25 142
3850 99 0.0 25 142
3851 99 0.0 25 142
3852 99 0.0 25 142
3853 99 0.0 25 142
3854 99 0.0 25 142
3855 99 0.0 25 142
3856 99 0.0 25 142
3857 99 0.0 25 142
3858 99 0.0 25 142
3859 99 0.0 25 142
3860 99 0.0 25 142
3861 99 0.0 25 142
3862 99 0.0 25 142
3863 99 0.0 25 142
3864 99 0.0 25 142
3865 99 0.0 25 142
3866 99 0.0 25 142
3867 99 0.0 25 142
3868 99 0.0 25 142
3869 99 0.0 25 142
3870 99 0.0 25 142
3871 99 0.0 25 142
3872 99 0.0 25 142
3873 99 0.0 25 142
3874 99 0.0 25 142
3875 99 0.0 25 142
3876 99 0.0 25 142
3877 99 0.0 25 142
3878 99 0.0 25 142
3879 99 0.0 25 142
3880 99 0.0 25 142
3881 99 0.0 25 142
3882 99 0.0 25 142
3883 99 0.0 25 142
3884 99 0.0 25 142
3885 99 0.0 25 142
3886 99 0.0 25 142
3887 99 0.0 25 142
3888 99 0.0 25 142
3889 99 0.0 25 142
3890 99 0.0 25 142
3891 99 0.0 25 142
3892 99 0.0 25 142
3893 99 0.0 25 142
3894 99 0.0 25 142
3895 99 0.0 25 142
3896 99 0.0 25 142
3897 99 0.0 25 142
3898 99 0.0 25 142
3899 99 0.0 25 142
3900 99 0.0 25 142
3901 99 0.0 25 142
3902 99 0.0 25 142
3903 99 0.0 25 142
3904 99 0.0 25 142
3905 99 0.0 25 142
3906 99 0.0 25 142
3907 99 0.0 25 142
3908 99 0.0 25 142
3909 99 0.0 25 142
3910 99 0.0 25 142
3911 99 0.0 25 142
3912 99 0.0 25 142
3913 99 0.0 25 142
3914 99 0.0 25 142
3915 99 0.0 25 142
3916 99 0.0 25 142
3917 99 0.0 25 142
3918 99 0.0 25 142
3919 99 0.0 25 142
3920 99 0.0 25 142
3921 99 0.0 25 142
3922 99 0.0 25 142
3923 99 0.0 25 142
3924 99 0.0 25 142
3925 99 0.0 25 142
3926 99 0.0 25 142
3927 99 0.0 25 142
3928 99 0.0 25 142
3929 99 0.0 25 142
3930 99 0.0 25 142
3931 99 0.0 25 142
3932 99 0.0 25 142
3933 99 0.0 25 142
3934 99 0.0 25 142
3935 99 0.0 25 142
3936 99 0.0 25 142
3937 99 0.0 25 142
3938 99 0.0 25 142
3939 99 0.0 25 142
3940 99 0.0 25 142
3941 99 0.0 25 142
3942 99 0.0 25 142
3943 99 0.0 25 142
3944 99 0.0 25 142
3945 99 0.0 25 142
3946 99 0.0 25 142
3947 99 0.0 25 142
3948 99 0.0 25 142
3949 99 0.0 25 142
3950 99 0.0 25 142
3951 99 0.0 25 142
3952 99 0.0 25 142
3953 99 0.0 25 142
3954 99 0.0 25 142
3955 99 0.0 25 142
3956 99 0.0 25 142
3957 99 0.0 25 142
3958 99 0.0 25 142
3959 99 0.0 25 142
3960 99 0.0 25 142
3961 99 0.0 25 142
3962 99 0.0 25 142
3963 99 0.0 25 142
3964 99 0.0 25 142
3965 99 0.0 25 142
3966 99 0.0 25 142
3967 99 0.0 25 142
3968 99 0.0 25 142
3969 99 0.0 25 142
3970 99 0.0 25 142
3971 99 0.0 25 142
3972 99 0.0 25 142
3973 99 0.0 25 142
3974 99 0.0 25 142
3975 99 0.0 25 142
3976 99 0.0 25 142
3977 99 0.0 25 142
3978 99 0.0 25 142
3979 99 0.0 25 142
3980 99 0.0 25 142
3981 99 0.0 25 142
3982 99 0.0 25 142
3983 99 0.0 25 142
3984 99 0.0 25 142
3985 99 0.0 25 142
3986 99 0.0 25 142
3987 99 0.0 25 142
3988 99 0.0 25 142
3989 99 0.0 25 142
3990 99 0.0 25 142
3991 99 0.0 25 142
3992 99 0.0 25 142
3993 99 0.0 25 142
3994 99 0.0 25 142
3995 99 0.0 25 142
3996 99 0.0 25 142
3997 99 0.0 25 142
3998 99 0.0 25 142
3999 99 0.0 25 142
4000 99 0.0 25 142
4001 99 0.0 25 142
4002 99 0.0 25 142
4003 99 0.0 25 142
4004 99 0.0 25 142
4005 99 0.0 25 142
4006 99 0.0 25 142
4007 99 0.0 25 142
4008 99 0.0 25 142
4009 99 0.0 25 142
4010 99 0.0 25 142
4011 99 0.0 25 142
4012 99 0.0 25 142
4013 99 0.0 25 142
4014 99 0.0 25 142
4015 99 0.0 25 142
4016 99 0.0 25 142
4017 99 0.0 25 142
4018 99 0.0 25 142
4019 99 0.0 25 142
4020 99 0.0 25 142
4021 99 0.0 25 142
4022 99 0.0 25 142
4023 99 0.0 25 142
4024 99 0.0 25 142
4025 99 0.0 25 142
4026 99 0.0 25 142
4027 99 0.0 25 142
4028 99 0.0 25 142
4029 99 0.0 25 142
4030 99 0.0 25 142
4031 99 0.0 25 142
4032 99 0.0 25 142
4033 99 0.0 25 142
4034 99 0.0 25 142
4035 99 0.0 25 142
4036 99 0.0 25 142
4037 99 0.0 25 142
4038 99 0.0 25 142
4039 99 0.0 25 142
4040 99 0.0 25 142
4041 99 0.0 25 142
4042 99 0.0 25 142
4043 99 0.0 25 142
4044 99 0.0 25 142
4045 99 0.0 25 142
4046 99 0.0 25 142
4047 99 0.0 25 142
4048 99 0.0 25 142
4049 99 0.0 25 142
4050 99 0.0 25 142
4051 99 0.0 25 142
4052 99 0.0 25 142
4053 99 0.0 25 142
4054 99 0.0 25 142
4055 99 0.0 25 142
4056 99 0.0 25 142
4057 99 0.0 25 142
4058 99 0.0 25 142
4059 99 0.0 25 142
4060 99 0.0 25 142
4061 99 0.0 25 142
4062 99 0.0 25 142
4063 99 0.0 25 142
4064 99 0.0 25 142
4065 99 0.0 25 142
4066 99 0.0 25 142
4067 99 0.0 25 142
4068 99 0.0 25 142
4069 99 0.0 25 142
4070 99 0.0 25 142
4071 99 0.0 25 142
4072 99 0.0 25 142
4073 99 0.0 25 142
4074 99 0.0 25 142
4075 99 0.0 25 142
4076 99 0.0 25 142
4077 99 0.0 25 142
4078 99 0.0 25 142
4079 99 0.0 25 142
4080 99 0.0 25 142
4081 99 0.0 25 142
4082 99 0.0 25 142
4083 99 0.0 25 142
4084 99 0.0 25 142
4085 99 0.0 25 142
4086 99 0.0 25 142
4087 99 0.0 25 142
4088 99 0.0 25 142
4089 99 0.0 25 142
4090 99 0.0 25 142
4091 99 0.0 25 142
4092 99 0.0 25 142
4093 99 0.0 25 142
4094 99 0.0 25 142
4095 99 0.0 25 142
4096 99 0.0 25 142
4097 99 0.0 25 142
4098 99 0.0 25 142
4099 99 0.0 25 142
4100 99 0.0 25 142
4101 99 0.0 25 142
4102 99 0.0 25 142
4103 99 0.0 25 142
4104 99 0.0 25 142
4105 99 0.0 25 142
4106 99 0.0 25 142
4107 99 0.0 25 142
4108 99 0.0 25 142
4109 99 0.0 25 142
4110 99 0.0 25 142
4111 99 0.0 25 142
4112 99 0.0 25 142
4113 99 0.0 25 142
4114 99 0.0 25 142
4115 99 0.0 25 142
4116 99 0.0 25 142
4117 99 0.0 25 142
4118 99 0.0 25 142
4119 99 0.0 25 142
4120 99 0.0 25 142
4121 99 0.0 25 142
4122 99 0.0 25 142
4123 99 0.0 25 142
4124 99 0.0 25 142
4125 99 0.0 25 142
4126 99 0.0 25 142
4127 99 0.0 25 142
4128 99 0.0 25 142
4129 99 0.0 25 142
4130 99 0.0 25 142
4131 99 0.0 25 142
4132 99 0.0 25 142
4133 99 0.0 25 142
4134 99 0.0 25 142
4135 99 0.0 25 142
4136 99 0.0 25 142
4137 99 0.0 25 142
4138 99 0.0 25 142
4139 99 0.0 25 142
4140 99 0.0 25 142
4141 99 0.0 25 142
4142 99 0.0 25 142
4143 99 0.0 25 142
4144 99 0.0 25 142
4145 99 0.0 25 142
4146 99 0.0 25 142
4147 99 0.0 25 142
4148 99 0.0 25 142
4149 99 0.0 25 142
4150 99 0.0 25 142
4151 99 0.0 25 142
4152 99 0.0 25 142
4153 99 0.0 25 142
4154 99 0.0 25 142
4155 99 0.0 25 142
4156 99 0.0 25 142
4157 99 0.0 25 142
4158 99 0.0 25 142
4159 99 0.0 25 142
4160 99 0.0 25 142
4161 99 0.0 25 142
4162 99 0.0 25 142
4163 99 0.0 25 142
4164 99 0.0 25 142
4165 99 0.0 25 142
4166 99 0.0 25 142
4167 99 0.0 25 142
4168 99 0.0 25 142
4169 99 0.0 25 142
4170 99 0.0 25 142
4171 99 0.0 25 142
4172 99 0.0 25 142
4173 99 0.0 25 142
4174 99 0.0 25 142
4175 99 0.0 25 142
4176 99 0.0 25 142
4177 99 0.0 25 142
4178 99 0.0 25 142
4179 99 0.0 25 142
4180 99 0.0 25 142
4181 99 0.0 25 142
4182 99 0.0 25 142
4183 99 0.0 25 142
4184 99 0.0 25 142
4185 99 0.0 25 142
4186 99 0.0 25 142
4187 99 0.0 25 142
4188 99 0.0 25 142
4189 99 0.0 25 142
4190 99 0.0 25 142
4191 99 0.0 25 142
4192 99 0.0 25 142
4193 99 0.0 25 142
4194 99 0.0 25 142
4195 99 0.0 25 142
4196 99 0.0 25 142
4197 99 0.0 25 142
4198 99 0.0 25 142
4199 99 0.0 25 142
4200 99 0.0 25 142
4201 99 0.0 25 142
4202 99 0.0 25 142
4203 99 0.0 25 142
4204 99 0.0 25 142
4205 99 0.0 25 142
4206 99 0.0 25 142
4207 99 0.0 25 142
4208 99 0.0 25 142
4209 99 0.0 25 142
4210 99 0.0 25 142
4211 99 0.0 25 142
4212 99 0.0 25 142
4213 99 0.0 25 142
4214 99 0.0 25 142
4215 99 0.0 25 142
4216 99 0.0 25 142
4217 99 0.0 25 142
4218 99 0.0 25 142
4219 99 0.0 25 142
4220 99 0.0 25 142
4221 99 0.0 25 142
4222 99 0.0 25 142
4223 99 0.0 25 142
4224 99 0.0 25 142
4225 99 0.0 25 142
4226 99 0.0 25 142
4227 99 0.0 25 142
4228 99 0.0 25 142
4229 99 0.0 25 142
4230 99 0.0 25 142
4231 99 0.0 25 142
4232 99 0.0 25 142
4233 99 0.0 25 142
4234 99 0.0 25 142
4235 99 0.0 25 142
4236 99 0.0 25 142
4237 99 0.0 25 142
4238 99 0.0 25 142
4239 99 0.0 25 142
4240 99 0.0 25 142
4241 99 0.0 25 142
4242 99 0.0 25 142
4243 99 0.0 25 142
4244 99 0.0 25 142
4245 99 0.0 25 142
4246 99 0.0 25 142
4247 99 0.0 25 142
4248 99 0.0 25 142
4249 99 0.0 25 142
4250 99 0.0 25 142
4251 99 0.0 25 142
4252 99 0.0 25 142
4253 99 0.0 25 142
4254 99 0.0 25 142
4255 99 0.0 25 142
4256 99 0.0 25 142
4257 99 0.0 25 142
4258 99 0.0 25 142
4259 99 0.0 25 142
4260 99 0.0 25 142
4261 99 0.0 25 142
4262 99 0.0 25 142
4263 99 0.0 25 142
4264 99 0.0 25 142
4265 99 0.0 25 142
4266 99 0.0 25 142
4267 99 0.0 25 142
4268 99 0.0 25 142
4269 99 0.0 25 142
4270 99 0.0 25 142
4271 99 0.0 25 142
4272 99 0.0 25 142
4273 99 0.0 25 142
4274 99 0.0 25 142
4275 99 0.0 25 142
4276 99 0.0 25 142
4277 99 0.0 25 142
4278 99 0.0 25 142
4279 99 0.0 25 142
4280 99 0.0 25 142
4281 99 0.0 25 142
4282 99 0.0 25 142
4283 99 0.0 25 142
4284 99 0.0 25 142
4285 99 0.0 25 142
4286 99 0.0 25 142
4287 99 0.0 25 142
4288 99 0.0 25 142
4289 99 0.0 25 142
4290 99 0.0 25 142
4291 99 0.0 25 142
4292 99 0.0 25 142
4293 99 0.0 25 142
4294 99 0.0 25 142
4295 99 0.0 25 142
4296 99 0.0 25 142
4297 99 0.0 25 142
4298 99 0.0 25 142
4299 99 0.0 25 142
4300 99 0.0 25 142
4301 99 0.0 25 142
4302 99 0.0 25 142
4303 99 0.0 25 142
4304 99 0.0 25 142
4305 99 0.0 25 142
4306 99 0.0 25 142
4307 99 0.0 25 142
4308 99 0.0 25 142
4309 99 0.0 25 142
4310 99 0.0 25 142
4311 99 0.0 25 142
4312 99 0.0 25 142
4313 99 0.0 25 142
4314 99 0.0 25 142
4315 99 0.0 25 142
4316 99 0.0 25 142
4317 99 0.0 25 142
4318 99 0.0 25 142
4319 99 0.0 25 142
4320 99 0.0 25 142
4321 99 0.0 25 142
4322 99 0.0 25 142
4323 99 0.0 25 142
4324 99 0.0 25 142
4325 99 0.0 25 142
4326 99 0.0 25 142
4327 99 0.0 25 142
4328 99 0.0 25 142
4329 99 0.0 25 142
4330 99 0.0 25 142
4331 99 0.0 25 142
4332 99 0.0 25 142
4333 99 0.0 25 142
4334 99 0.0 25 142
4335 99 0.0 25 142
4336 99 0.0 25 142
4337 99 0.0 25 142
4338 99 0.0 25 142
4339 99 0.0 25 142
4340 99 0.0 25 142
4341 99 0.0 25 142
4342 99 0.0 25 142
4343 99 0.0 25 142
4344 99 0.0 25 142
4345 99 0.0 25 142
4346 99 0.0 25 142
4347 99 0.0 25 142
4348 99 0.0 25 142
4349 99 0.0 25 142
4350 99 0.0 25 142
4351 99 0.0 25 142
4352 99 0.0 25 142
4353 99 0.0 25 142
4354 99 0.0 25 142
4355 99 0.0 25 142
4356 99 0.0 25 142
4357 99 0.0 25 142
4358 99 0.0 25 142
4359 99 0.0 25 142
4360 99 0.0 25 142
4361 99 0.0 25 142
4362 99 0.0 25 142
4363 99 0.0 25 142
4364 99 0.0 25 142
4365 99 0.0 25 142
4366 99 0.0 25 142
4367 99 0.0 25 142
4368 99 0.0 25 142
4369 99 0.0 25 142
4370 99 0.0 25 142
4371 99 0.0 25 142
4372 99 0.0 25 142
4373 99 0.0 25 142
4374 99 0.0 25 142
4375 99 0.0 25 142
4376 99 0.0 25 142
4377 99 0.0 25 142
4378 99 0.0 25 142
4379 99 0.0 25 142
4380 99 0.0 25 142
4381 99 0.0 25 142
4382 99 0.0 25 142
4383 99 0.0 25 142
4384 99 0.0 25 142
4385 99 0.0 25 142
4386 99 0.0 25 142
4387 99 0.0 25 142
4388 99 0.0 25 142
4389 99 0.0 25 142
4390 99 0.0 25 142
4391 99 0.0 25 142
4392 99 0.0 25 142
4393 99 0.0 25 142
4394 99 0.0 25 142
4395 99 0.0 25 142
4396 99 0.0 25 142
4397 99 0.0 25 142
4398 99 0.0 25 142
4399 99 0.0 25 142
4400 99 0.0 25 142
4401 99 0.0 25 142
4402 99 0.0 25 142
4403 99 0.0 25 142
4404 99 0.0 25 142
4405 99 0.0 25 142
4406 99 0.0 25 142
4407 99 0.0 25 142
4408 99 0.0 25 142
4409 99 0.0 25 142
4410 99 0.0 25 142
4411 99 0.0 25 142
4412 99 0.0 25 142
4413 99 0.0 25 142
4414 99 0.0 25 142
4415 99 0.0 25 142
4416 99 0.0 25 142
4417 99 0.0 25 142
4418 99 0.0 25 142
4419 99 0.0 25 142
4420 99 0.0 25 142
4421 99 0.0 25 142
4422 99 0.0 25 142
4423 99 0.0 25 142
4424 99 0.0 25 142
4425 99 0.0 25 142
4426 99 0.0 25 142
4427 99 0.0 25 142
4428 99 0.0 25 142
4429 99 0.0 25 142
4430 99 0.0 25 142
4431 99 0.0 25 142
4432 99 0.0 25 142
4433 99 0.0 25 142
4434 99 0.0 25 142
4435 99 0.0 25 142
4436 99 0.0 25 142
4437 99 0.0 25 142
4438 99 0.0 25 142
4439 99 0.0 25 142
4440 99 0.0 25 142
4441 99 0.0 25 142
4442 99 0.0 25 142
4443 99 0.0 25 142
4444 99 0.0 25 142
4445 99 0.0 25 142
4446 99 0.0 25 142
4447 99 0.0 25 142
4448 99 0.0 25 142
4449 99 0.0 25 142
4450 99 0.0 25 142
4451 99 0.0 25 142
4452 99 0.0 25 142
4453 99 0.0 25 142
4454 99 0.0 25 142
4455 99 0.0 25 142
4456 99 0.0 25 142
4457 99 0.0 25 142
4458 99 0.0 25 142
4459 99 0.0 25 142
4460 99 0.0 25 142
4461 99 0.0 25 142
4462 99 0.0 25 142
4463 99 0.0 25 142
4464 99 0.0 25 142
4465 99 0.0 25 142
4466 99 0.0 25 142
4467 99 0.0 25 142
4468 99 0.0 25 142
4469 99 0.0 25 142
4470 99 0.0 25 142
4471 99 0.0 25 142
4472 99 0.0 25 142
4473 99 0.0 25 142
4474 99 0.0 25 142
4475 99 0.0 25 142
4476 99 0.0 25 142
4477 99 0.0 25 142
4478 99 0.0 25 142
4479 99 0.0 25 142
4480 99 0.0 25 142
4481 99 0.0 25 142
4482 99 0.0 25 142
4483 99 0.0 25 142
4484 99 0.0 25 142
4485 99 0.0 25 142
4486 99 0.0 25 142
4487 99 0.0 25 142
4488 99 0.0 25 142
4489 99 0.0 25 142
4490 99 0.0 25 142
4491 99 0.0 25 142
4492 99 0.0 25 142
4493 99 0.0 25 142
4494 99 0.0 25 142
4495 99 0.0 25 142
4496 99 0.0 25 142
4497 99 0.0 25 142
4498 99 0.0 25 142
4499 99 0.0 25 142
4500 99 0.0 25 142
4501 99 0.0 25 142
4502 99 0.0 25 142
4503 99 0.0 25 142
4504 99 0.0 25 142
4505 99 0.0 25 142
4506 99 0.0 25 142
4507 99 0.0 25 142
4508 99 0.0 25 142
4509 99 0.0 25 142
4510 99 0.0 25 142
4511 99 0.0 25 142
4512 99 0.0 25 142
4513 99 0.0 25 142
4514 99 0.0 25 142
4515 99 0.0 25 142
4516 99 0.0 25 142
4517 99 0.0 25 142
4518 99 0.0 25 142
4519 99 0.0 25 142
4520 99 0.0 25 142
4521 99 0.0 25 142
4522 99 0.0 25 142
4523 99 0.0 25 142
4524 99 0.0 25 142
4525 99 0.0 25 142
4526 99 0.0 25 142
4527 99 0.0 25 142
4528 99 0.0 25 142
4529 99 0.0 25 142
4530 99 0.0 25 142
4531 99 0.0 25 142
4532 99 0.0 25 142
4533 99 0.0 25 142
4534 99 0.0 25 142
4535 99 0.0 25 142
4536 99 0.0 25 142
4537 99 0.0 25 142
4538 99 0.0 25 142
4539 99 0.0 25 142
4540 99 0.0 25 142
4541 99 0.0 25 142
4542 99 0.0 25 142
4543 99 0.0 25 142
4544 99 0.0 25 142
4545 99 0.0 25 142
4546 99 0.0 25 142
4547 99 0.0 25 142
4548 99 0.0 25 142
4549 99 0.0 25 142
4550 99 0.0 25 142
4551 99 0.0 25 142
4552 99 0.0 25 142
4553 99 0.0 25 142
4554 99 0.0 25 142
4555 99 0.0 25 142
4556 99 0.0 25 142
4557 99 0.0 25 142
4558 99 0.0 25 142
4559 99 0.0 25 142
4560 99 0.0 25 142
4561 99 0.0 25 142
4562 99 0.0 25 142
4563 99 0.0 25 142
4564 99 0.0 25 142
4565 99 0.0 25 142
4566 99 0.0 25 142
4567 99 0.0 25 142
4568 99 0.0 25 142
4569 99 0.0 25 142
4570 99 0.0 25 142
4571 99 0.0 25 142
4572 99 0.0 25 142
4573 99 0.0 25 142
4574 99 0.0 25 142
4575 99 0.0 25 142
4576 99 0.0 25 142
4577 99 0.0 25 142
4578 99 0.0 25 142
4579 99 0.0 25 142
4580 99 0.0 25 142
4581 99 0.0 25 142
4582 99 0.0 25 142
4583 99 0.0 25 142
4584 99 0.0 25 142
4585 99 0.0 25 142
4586 99 0.0 25 142
4587 99 0.0 25 142
4588 99 0.0 25 142
4589 99 0.0 25 142
4590 99 0.0 25 142
4591 99 0.0 25 142
4592 99 0.0 25 142
4593 99 0.0 25 142
4594 99 0.0 25 142
4595 99 0.0 25 142
4596 99 0.0 25 142
4597 99 0.0 25 142
4598 99 0.0 25 142
4599 99 0.0 25 142
4600 99 0.0 25 142
4601 99 0.0 25 142
4602 99 0.0 25 142
4603 99 0.0 25 142
4604 99 0.0 25 142
4605 99 0.0 25 142
4606 99 0.0 25 142
4607 99 0.0 25 142
4608 99 0.0 25 142
4609 99 0.0 25 142
4610 99 0.0 25 142
4611 99 0.0 25 142
4612 99 0.0 25 142
4613 99 0.0 25 142
4614 99 0.0 25 142
4615 99 0.0 25 142
4616 99 0.0 25 142
4617 99 0.0 25 142
4618 99 0.0 25 142
4619 99 0.0 25 142
4620 99 0.0 25 142
4621 99 0.0 25 142
4622 99 0.0 25 142
4623 99 0.0 25 142
4624 99 0.0 25 142
4625 99 0.0 25 142
4626 99 0.0 25 142
4627 99 0.0 25 142
4628 99 0.0 25 142
4629 99 0.0 25 142
4630 99 0.0 25 142
4631 99 0.0 25 142
4632 99 0.0 25 142
4633 99 0.0 25 142
4634 99 0.0 25 142
4635 99 0.0 25 142
4636 99 0.0 25 142
4637 99 0.0 25 142
4638 99 0.0 25 142
4639 99 0.0 25 142
4640 99 0.0 25 142
4641 99 0.0 25 142
4642 99 0.0 25 142
4643 99 0.0 25 142
4644 99 0.0 25 142
4645 99 0.0 25 142
4646 99 0.0 25 142
4647 99 0.0 25 142
4648 99 0.0 25 142
4649 99 0.0 25 142
4650 99 0.0 25 142
4651 99 0.0 25 142
4652 99 0.0 25 142
4653 99 0.0 25 142
4654 99 0.0 25 142
4655 99 0.0 25 142
4656 99 0.0 25 142
4657 99 0.0 25 142
4658 99 0.0 25 142
4659 99 0.0 25 142
4660 99 0.0 25 142
4661 99 0.0 25 142
4662 99 0.0 25 142
4663 99 0.0 25 142
4664 99 0.0 25 142
4665 99 0.0 25 142
4666 99 0.0 25 142
4667 99 0.0 25 142
4668 99 0.0 25 142
4669 99 0.0 25 142
4670 99 0.0 25 142
4671 99 0.0 25 142
4672 99 0.0 25 142
4673 99 0.0 25 142
4674 99 0.0 25 142
4675 99 0.0 25 142
4676 99 0.0 25 142
4677 99 0.0 25 142
4678 99 0.0 25 142
4679 99 0.0 25 142
4680 99 0.0 25 142
4681 99 0.0 25 142
4682 99 0.0 25 142
4683 99 0.0 25 142
4684 99 0.0 25 142
4685 99 0.0 25 142
4686 99 0.0 25 142
4687 99 0.0 25 142
4688 99 0.0 25 142
4689 99 0.0 25 142
4690 99 0.0 25 142
4691 99 0.0 25 142
4692 99 0.0 25 142
4693 99 0.0 25 142
4694 99 0.0 25 142
4695 99 0.0 25 142
4696 99 0.0 25 142
4697 99 0.0 25 142
4698 99 0.0 25 142
4699 99 0.0 25 142
4700 99 0.0 25 142
4701 99 0.0 25 142
4702 99 0.0 25 142
4703 99 0.0 25 142
4704 99 0.0 25 142
4705 99 0.0 25 142
4706 99 0.0 25 142
4707 99 0.0 25 142
4708 99 0.0 25 142
4709 99 0.0 25 142
4710 99 0.0 25 142
4711 99 0.0 25 142
4712 99 0.0 25 142
4713 99 0.0 25 142
4714 99 0.0 25 142
4715 99 0.0 25 142
4716 99 0.0 25 142
4717 99 0.0 25 142
4718 99 0.0 25 142
4719 99 0.0 25 142
4720 99 0.0 25 142
4721 99 0.0 25 142
4722 99 0.0 25 142
4723 99 0.0 25 142
4724 99 0.0 25 142
4725 99 0.0 25 142
4726 99 0.0 25 142
4727 99 0.0 25 142
4728 99 0.0 25 142
4729 99 0.0 25 142
4730 99 0.0 25 142
4731 99 0.0 25 142
4732 99 0.0 25 142
4733 99 0.0 25 142
4734 99 0.0 25 142
4735 99 0.0 25 142
4736 99 0.0 25 142
4737 99 0.0 25 142
4738 99 0.0 25 142
4739 99 0.0 25 142
4740 99 0.0 25 142
4741 99 0.0 25 142
4742 99 0.0 25 142
4743 99 0.0 25 142
4744 99 0.0 25 142
4745 99 0.0 25 142
4746 99 0.0 25 142
4747 99 0.0 25 142
4748 99 0.0 25 142
4749 99 0.0 25 142
4750 99 0.0 25 142
4751 99 0.0 25 142
4752 99 0.0 25 142
4753 99 0.0 25 142
4754 99 0.0 25 142
4755 99 0.0 25 142
4756 99 0.0 25 142
4757 99 0.0 25 142
4758 99 0.0 25 142
4759 99 0.0 25 142
4760 99 0.0 25 142
4761 99 0.0 25 142
4762 99 0.0 25 142
4763 99 0.0 25 142
4764 99 0.0 25 142
4765 99 0.0 25 142
4766 99 0.0 25 142
4767 99 0.0 25 142
4768 99 0.0 25 142
4769 99 0.0 25 142
4770 99 0.0 25 142
4771 99 0.0 25 142
4772 99 0.0 25 142
4773 99 0.0 25 142
4774 99 0.0 25 142
4775 99 0.0 25 142
4776 99 0.0 25 142
4777 99 0.0 25 142
4778 99 0.0 25 142
4779 99 0.0 25 142
4780 99 0.0 25 142
4781 99 0.0 25 142
4782 99 0.0 25 142
4783 99 0.0 25 142
4784 99 0.0 25 142
4785 99 0.0 25 142
4786 99 0.0 25 142
4787 99 0.0 25 142
4788 99 0.0 25 142
4789 99 0.0 25 142
4790 99 0.0 25 142
4791 99 0.0 25 142
4792 99 0.0 25 142
4793 99 0.0 25 142
4794 99 0.0 25 142
4795 99 0.0 25 142
4796 99 0.0 25 142
4797 99 0.0 25 142
4798 99 0.0 25 142
4799 99 0.0 25 142
4800 99 0.0 25 142
4801 99 0.0 25 142
4802 99 0.0 25 142
4803 99 0.0 25 142
4804 99 0.0 25 142
4805 99 0.0 25 142
4806 99 0.0 25 142
4807 99 0.0 25 142
4808 99 0.0 25 142
4809 99 0.0 25 142
4810 99 0.0 25 142
4811 99 0.0 25 142
4812 99 0.0 25 142
4813 99 0.0 25 142
4814 99 0.0 25 142
4815 99 0.0 25 142
4816 99 0.0 25 142
4817 99 0.0 25 142
4818 99 0.0 25 142
4819 99 0.0 25 142
4820 99 0.0 25 142
4821 99 0.0 25 142
4822 99 0.0 25 142
4823 99 0.0 25 142
4824 99 0.0 25 142
4825 99 0.0 25 142
4826 99 0.0 25 142
4827 99 0.0 25 142
4828 99 0.0 25 142
4829 99 0.0 25 142
4830 99 0.0 25 142
4831 99 0.0 25 142
4832 99 0.0 25 142
4833 99 0.0 25 142
4834 99 0.0 25 142
4835 99 0.0 25 142
4836 99 0.0 25 142
4837 99 0.0 25 142
4838 99 0.0 25 142
4839 99 0.0 25 142
4840 99 0.0 25 142
4841 99 0.0 25 142
4842 99 0.0 25 142
4843 99 0.0 25 142
4844 99 0.0 25 142
4845 99 0.0 25 142
4846 99 0.0 25 142
4847 99 0.0 25 142
4848 99 0.0 25 142
4849 99 0.0 25 142
4850 99 0.0 25 142
4851 99 0.0 25 142
4852 99 0.0 25 142
4853 99 0.0 25 142
4854 99 0.0 25 142
4855 99 0.0 25 142
4856 99 0.0 25 142
4857 99 0.0 25 142
4858 99 0.0 25 142
4859 99 0.0 25 142
4860 99 0.0 25 142
4861 99 0.0 25 142
4862 99 0.0 25 142
4863 99 0.0 25 142
4864 99 0.0 25 142
4865 99 0.0 25 142
4866 99 0.0 25 142
4867 99 0.0 25 142
4868 99 0.0 25 142
4869 99 0.0 25 142
4870 99 0.0 25 142
4871 99 0.0 25 142
4872 99 0.0 25 142
4873 99 0.0 25 142
4874 99 0.0 25 142
4875 99 0.0 25 142
4876 99 0.0 25 142
4877 99 0.0 25 142
4878 99 0.0 25 142
4879 99 0.0 25 142
4880 99 0.0 25 142
4881 99 0.0 25 142
4882 99 0.0 25 142
4883 99 0.0 25 142
4884 99 0.0 25 142
4885 99 0.0 25 142
4886 99 0.0 25 142
4887 99 0.0 25 142
4888 99 0.0 25 142
4889 99 0.0 25 142
4890 99 0.0 25 142
4891 99 0.0 25 142
4892 99 0.0 25 142
4893 99 0.0 25 142
4894 99 0.0 25 142
4895 99 0.0 25 142
4896 99 0.0 25 142
4897 99 0.0 25 142
4898 99 0.0 25 142
4899 99 0.0 25 142
4900 99 0.0 25 142
4901 99 0.0 25 142
4902 99 0.0 25 142
4903 99 0.0 25 142
4904 99 0.0 25 142
4905 99 0.0 25 142
4906 99 0.0 25 142
4907 99 0.0 25 142
4908 99 0.0 25 142
4909 99 0.0 25 142
4910 99 0.0 25 142
4911 99 0.0 25 142
4912 99 0.0 25 142
4913 99 0.0 25 142
4914 99 0.0 25 142
4915 99 0.0 25 142
4916 99 0.0 25 142
4917 99 0.0 25 142
4918 99 0.0 25 142
4919 99 0.0 25 142
4920 99 0.0 25 142
4921 99 0.0 25 142
4922 99 0.0 25 142
4923 99 0.0 25 142
4924 99 0.0 25 142
4925 99 0.0 25 142
4926 99 0.0 25 142
4927 99 0.0 25 142
4928 99 0.0 25 142
4929 99 0.0 25 142
4930 99 0.0 25 142
4931 99 0.0 25 142
4932 99 0.0 25 142
4933 99 0.0 25 142
4934 99 0.0 25 142
4935 99 0.0 25 142
4936 99 0.0 25 142
4937 99 0.0 25 142
4938 99 0.0 25 142
4939 99 0.0 25 142
4940 99 0.0 25 142
4941 99 0.0 25 142
4942 99 0.0 25 142
4943 99 0.0 25 142
4944 99 0.0 25 142
4945 99 0.0 25 142
4946 99 0.0 25 142
4947 99 0.0 25 142
4948 99 0.0 25 142
4949 99 0.0 25 142
4950 99 0.0 25 142
4951 99 0.0 25 142
4952 99 0.0 25 142
4953 99 0.0 25 142
4954 99 0.0 25 142
4955 99 0.0 25 142
4956 99 0.0 25 142
4957 99 0.0 25 142
4958 99 0.0 25 142
4959 99 0.0 25 142
4960 99 0.0 25 142
4961 99 0.0 25 142
4962 99 0.0 25 142
4963 99 0.0 25 142
4964 99 0.0 25 142
4965 99 0.0 25 142
4966 99 0.0 25 142
4967 99 0.0 25 142
4968 99 0.0 25 142
4969 99 0.0 25 142
4970 99 0.0 25 142
4971 99 0.0 25 142
4972 99 0.0 25 142
4973 99 0.0 25 142
4974 99 0.0 25 142
4975 99 0.0 25 142
4976 99 0.0 25 142
4977 99 0.0 25 142
4978 99 0.0 25 142
4979 99 0.0 25 142
4980 99 0.0 25 142
4981 99 0.0 25 142
4982 99 0.0 25 142
4983 99 0.0 25 142
4984 99 0.0 25 142
4985 99 0.0 25 142
4986 99 0.0 25 142
4987 99 0.0 25 142
4988 99 0.0 25 142
4989 99 0.0 25 142
4990 99 0.0 25 142
4991 99 0.0 25 142
4992 99 0.0 25 142
4993 99 0.0 25 142
4994 99 0.0 25 142
4995 99 0.0 25 142
4996 99 0.0 25 142
4997 99 0.0 25 142
4998 99 0.0 25 142
4999 99 0.0 25 142
5000 99 0.0 25 142
