500 7 1 1 1.0  9
500 7 1 2 1.0  26
500 7 1 3 1.0  38
500 7 1 4 1.0  -1
500 7 2 1 1.0  -1
500 7 2 2 1.0  45
500 7 2 3 1.0  9
500 7 2 4 1.0  -1
500 7 3 1 1.0  8
500 7 3 2 1.0  -1
500 7 3 3 1.0  18
500 7 3 4 1.0  12
500 7 4 1 1.0  12
500 7 4 2 1.0  -1
500 7 4 3 1.0  14
500 7 4 4 1.0  14
500 7 5 1 1.0  14
500 7 5 2 1.0  7
500 7 5 3 1.0  -1
500 7 5 4 1.0  17
500 7 6 1 1.0  45
500 7 6 2 1.0  -1
500 7 6 3 1.0  -1
500 7 6 4 1.0  -1
500 7 7 1 1.0  -1
500 7 7 2 1.0  45
500 7 7 3 1.0  -1
500 7 7 4 1.0  -1
500 7 8 1 1.0  14
500 7 8 2 1.0  4
500 7 8 3 1.0  9
500 7 8 4 1.0  14
500 7 9 1 1.0  14
500 7 9 2 1.0  11
500 7 9 3 1.0  9
500 7 9 4 1.0  7
500 7 10 1 1.0  17
500 7 10 2 1.0  14
500 7 10 3 1.0  3
500 7 10 4 1.0  5
500 7 11 1 1.0  -1
500 7 11 2 1.0  45
500 7 11 3 1.0  -1
500 7 11 4 1.0  -1
500 7 12 1 1.0  18
500 7 12 2 1.0  11
500 7 12 3 1.0  4
500 7 12 4 1.0  17
500 7 13 1 1.0  45
500 7 13 2 1.0  6
500 7 13 3 1.0  9
500 7 13 4 1.0  -1
500 7 14 1 1.0  4
500 7 14 2 1.0  14
500 7 14 3 1.0  12
500 7 14 4 1.0  12
500 7 15 1 1.0  -1
500 7 15 2 1.0  10
500 7 15 3 1.0  11
500 7 15 4 1.0  17
500 7 16 1 1.0  7
500 7 16 2 1.0  10
500 7 16 3 1.0  11
500 7 16 4 1.0  11
500 7 17 1 1.0  14
500 7 17 2 1.0  3
500 7 17 3 1.0  11
500 7 17 4 1.0  17
500 7 18 1 1.0  9
500 7 18 2 1.0  45
500 7 18 3 1.0  -1
500 7 18 4 1.0  8
500 7 19 1 1.0  -1
500 7 19 2 1.0  6
500 7 19 3 1.0  17
500 7 19 4 1.0  22
500 7 20 1 1.0  17
500 7 20 2 1.0  8
500 7 20 3 1.0  -1
500 7 20 4 1.0  17
500 7 21 1 1.0  45
500 7 21 2 1.0  -1
500 7 21 3 1.0  5
500 7 21 4 1.0  -1
500 7 22 1 1.0  14
500 7 22 2 1.0  9
500 7 22 3 1.0  17
500 7 22 4 1.0  -1
500 7 23 1 1.0  26
500 7 23 2 1.0  -1
500 7 23 3 1.0  45
500 7 23 4 1.0  -1
500 7 24 1 1.0  11
500 7 24 2 1.0  17
500 7 24 3 1.0  10
500 7 24 4 1.0  17
500 7 25 1 1.0  7
500 7 25 2 1.0  11
500 7 25 3 1.0  11
500 7 25 4 1.0  10
1000 7 1 1 1.0  128
1000 7 1 2 1.0  6
1000 7 1 3 1.0  128
1000 7 1 4 1.0  128
1000 7 2 1 1.0  128
1000 7 2 2 1.0  12
1000 7 2 3 1.0  128
1000 7 2 4 1.0  -1
1000 7 3 1 1.0  128
1000 7 3 2 1.0  128
1000 7 3 3 1.0  128
1000 7 3 4 1.0  -1
1000 7 4 1 1.0  128
1000 7 4 2 1.0  128
1000 7 4 3 1.0  128
1000 7 4 4 1.0  -1
1000 7 5 1 1.0  128
1000 7 5 2 1.0  128
1000 7 5 3 1.0  128
1000 7 5 4 1.0  -1
1000 7 6 1 1.0  128
1000 7 6 2 1.0  128
1000 7 6 3 1.0  -1
1000 7 6 4 1.0  128
1000 7 7 1 1.0  128
1000 7 7 2 1.0  128
1000 7 7 3 1.0  128
1000 7 7 4 1.0  -1
1000 7 8 1 1.0  128
1000 7 8 2 1.0  128
1000 7 8 3 1.0  128
1000 7 8 4 1.0  7
1000 7 9 1 1.0  11
1000 7 9 2 1.0  6
1000 7 9 3 1.0  128
1000 7 9 4 1.0  128
1000 7 10 1 1.0  128
1000 7 10 2 1.0  -1
1000 7 10 3 1.0  128
1000 7 10 4 1.0  128
1000 7 11 1 1.0  -1
1000 7 11 2 1.0  128
1000 7 11 3 1.0  128
1000 7 11 4 1.0  11
1000 7 12 1 1.0  -1
1000 7 12 2 1.0  128
1000 7 12 3 1.0  128
1000 7 12 4 1.0  38
1000 7 13 1 1.0  128
1000 7 13 2 1.0  128
1000 7 13 3 1.0  128
1000 7 13 4 1.0  128
1000 7 14 1 1.0  -1
1000 7 14 2 1.0  128
1000 7 14 3 1.0  128
1000 7 14 4 1.0  128
1000 7 15 1 1.0  128
1000 7 15 2 1.0  128
1000 7 15 3 1.0  128
1000 7 15 4 1.0  -1
1000 7 16 1 1.0  128
1000 7 16 2 1.0  -1
1000 7 16 3 1.0  128
1000 7 16 4 1.0  128
1000 7 17 1 1.0  128
1000 7 17 2 1.0  128
1000 7 17 3 1.0  38
1000 7 17 4 1.0  6
1000 7 18 1 1.0  11
1000 7 18 2 1.0  128
1000 7 18 3 1.0  128
1000 7 18 4 1.0  -1
1000 7 19 1 1.0  128
1000 7 19 2 1.0  -1
1000 7 19 3 1.0  128
1000 7 19 4 1.0  15
1000 7 20 1 1.0  11
1000 7 20 2 1.0  128
1000 7 20 3 1.0  -1
1000 7 20 4 1.0  128
1000 7 21 1 1.0  15
1000 7 21 2 1.0  128
1000 7 21 3 1.0  -1
1000 7 21 4 1.0  128
1000 7 22 1 1.0  128
1000 7 22 2 1.0  -1
1000 7 22 3 1.0  128
1000 7 22 4 1.0  11
1000 7 23 1 1.0  128
1000 7 23 2 1.0  128
1000 7 23 3 1.0  -1
1000 7 23 4 1.0  128
1000 7 24 1 1.0  128
1000 7 24 2 1.0  -1
1000 7 24 3 1.0  12
1000 7 24 4 1.0  128
1000 7 25 1 1.0  -1
1000 7 25 2 1.0  -1
1000 7 25 3 1.0  -1
1000 7 25 4 1.0  -1
1500 7 1 1 1.0  128
1500 7 1 2 1.0  6
1500 7 1 3 1.0  128
1500 7 1 4 1.0  128
1500 7 2 1 1.0  128
1500 7 2 2 1.0  -1
1500 7 2 3 1.0  128
1500 7 2 4 1.0  128
1500 7 3 1 1.0  -1
1500 7 3 2 1.0  128
1500 7 3 3 1.0  128
1500 7 3 4 1.0  128
1500 7 4 1 1.0  128
1500 7 4 2 1.0  128
1500 7 4 3 1.0  -1
1500 7 4 4 1.0  128
1500 7 5 1 1.0  128
1500 7 5 2 1.0  -1
1500 7 5 3 1.0  128
1500 7 5 4 1.0  128
1500 7 6 1 1.0  128
1500 7 6 2 1.0  128
1500 7 6 3 1.0  -1
1500 7 6 4 1.0  128
1500 7 7 1 1.0  128
1500 7 7 2 1.0  128
1500 7 7 3 1.0  128
1500 7 7 4 1.0  -1
1500 7 8 1 1.0  128
1500 7 8 2 1.0  128
1500 7 8 3 1.0  128
1500 7 8 4 1.0  7
1500 7 9 1 1.0  -1
1500 7 9 2 1.0  -1
1500 7 9 3 1.0  128
1500 7 9 4 1.0  -1
1500 7 10 1 1.0  128
1500 7 10 2 1.0  128
1500 7 10 3 1.0  128
1500 7 10 4 1.0  -1
1500 7 11 1 1.0  128
1500 7 11 2 1.0  128
1500 7 11 3 1.0  128
1500 7 11 4 1.0  -1
1500 7 12 1 1.0  128
1500 7 12 2 1.0  -1
1500 7 12 3 1.0  128
1500 7 12 4 1.0  128
1500 7 13 1 1.0  128
1500 7 13 2 1.0  128
1500 7 13 3 1.0  128
1500 7 13 4 1.0  128
1500 7 14 1 1.0  -1
1500 7 14 2 1.0  128
1500 7 14 3 1.0  128
1500 7 14 4 1.0  128
1500 7 15 1 1.0  128
1500 7 15 2 1.0  128
1500 7 15 3 1.0  128
1500 7 15 4 1.0  -1
1500 7 16 1 1.0  128
1500 7 16 2 1.0  -1
1500 7 16 3 1.0  128
1500 7 16 4 1.0  128
1500 7 17 1 1.0  128
1500 7 17 2 1.0  -1
1500 7 17 3 1.0  128
1500 7 17 4 1.0  128
1500 7 18 1 1.0  128
1500 7 18 2 1.0  -1
1500 7 18 3 1.0  128
1500 7 18 4 1.0  128
1500 7 19 1 1.0  10
1500 7 19 2 1.0  128
1500 7 19 3 1.0  128
1500 7 19 4 1.0  128
1500 7 20 1 1.0  128
1500 7 20 2 1.0  3
1500 7 20 3 1.0  128
1500 7 20 4 1.0  128
1500 7 21 1 1.0  -1
1500 7 21 2 1.0  128
1500 7 21 3 1.0  128
1500 7 21 4 1.0  128
1500 7 22 1 1.0  128
1500 7 22 2 1.0  128
1500 7 22 3 1.0  128
1500 7 22 4 1.0  -1
1500 7 23 1 1.0  10
1500 7 23 2 1.0  128
1500 7 23 3 1.0  128
1500 7 23 4 1.0  128
1500 7 24 1 1.0  128
1500 7 24 2 1.0  -1
1500 7 24 3 1.0  128
1500 7 24 4 1.0  128
1500 7 25 1 1.0  128
1500 7 25 2 1.0  128
1500 7 25 3 1.0  128
1500 7 25 4 1.0  -1
2000 7 1 1 1.0  128
2000 7 1 2 1.0  6
2000 7 1 3 1.0  128
2000 7 1 4 1.0  128
2000 7 2 1 1.0  128
2000 7 2 2 1.0  -1
2000 7 2 3 1.0  128
2000 7 2 4 1.0  128
2000 7 3 1 1.0  -1
2000 7 3 2 1.0  128
2000 7 3 3 1.0  128
2000 7 3 4 1.0  128
2000 7 4 1 1.0  -1
2000 7 4 2 1.0  -1
2000 7 4 3 1.0  -1
2000 7 4 4 1.0  3
2000 7 5 1 1.0  128
2000 7 5 2 1.0  128
2000 7 5 3 1.0  -1
2000 7 5 4 1.0  128
2000 7 6 1 1.0  128
2000 7 6 2 1.0  128
2000 7 6 3 1.0  -1
2000 7 6 4 1.0  128
2000 7 7 1 1.0  128
2000 7 7 2 1.0  -1
2000 7 7 3 1.0  128
2000 7 7 4 1.0  128
2000 7 8 1 1.0  128
2000 7 8 2 1.0  128
2000 7 8 3 1.0  128
2000 7 8 4 1.0  7
2000 7 9 1 1.0  128
2000 7 9 2 1.0  128
2000 7 9 3 1.0  128
2000 7 9 4 1.0  10
2000 7 10 1 1.0  128
2000 7 10 2 1.0  128
2000 7 10 3 1.0  -1
2000 7 10 4 1.0  128
2000 7 11 1 1.0  7
2000 7 11 2 1.0  128
2000 7 11 3 1.0  128
2000 7 11 4 1.0  128
2000 7 12 1 1.0  -1
2000 7 12 2 1.0  128
2000 7 12 3 1.0  128
2000 7 12 4 1.0  128
2000 7 13 1 1.0  128
2000 7 13 2 1.0  128
2000 7 13 3 1.0  128
2000 7 13 4 1.0  128
2000 7 14 1 1.0  128
2000 7 14 2 1.0  128
2000 7 14 3 1.0  128
2000 7 14 4 1.0  -1
2000 7 15 1 1.0  128
2000 7 15 2 1.0  128
2000 7 15 3 1.0  128
2000 7 15 4 1.0  -1
2000 7 16 1 1.0  128
2000 7 16 2 1.0  128
2000 7 16 3 1.0  -1
2000 7 16 4 1.0  128
2000 7 17 1 1.0  128
2000 7 17 2 1.0  -1
2000 7 17 3 1.0  128
2000 7 17 4 1.0  128
2000 7 18 1 1.0  -1
2000 7 18 2 1.0  128
2000 7 18 3 1.0  128
2000 7 18 4 1.0  128
2000 7 19 1 1.0  10
2000 7 19 2 1.0  128
2000 7 19 3 1.0  128
2000 7 19 4 1.0  128
2000 7 20 1 1.0  128
2000 7 20 2 1.0  3
2000 7 20 3 1.0  128
2000 7 20 4 1.0  128
2000 7 21 1 1.0  -1
2000 7 21 2 1.0  128
2000 7 21 3 1.0  128
2000 7 21 4 1.0  128
2000 7 22 1 1.0  128
2000 7 22 2 1.0  128
2000 7 22 3 1.0  -1
2000 7 22 4 1.0  128
2000 7 23 1 1.0  10
2000 7 23 2 1.0  128
2000 7 23 3 1.0  128
2000 7 23 4 1.0  128
2000 7 24 1 1.0  128
2000 7 24 2 1.0  128
2000 7 24 3 1.0  128
2000 7 24 4 1.0  -1
2000 7 25 1 1.0  128
2000 7 25 2 1.0  128
2000 7 25 3 1.0  128
2000 7 25 4 1.0  -1
2500 7 1 1 1.0  128
2500 7 1 2 1.0  6
2500 7 1 3 1.0  128
2500 7 1 4 1.0  128
2500 7 2 1 1.0  15
2500 7 2 2 1.0  128
2500 7 2 3 1.0  128
2500 7 2 4 1.0  128
2500 7 3 1 1.0  7
2500 7 3 2 1.0  128
2500 7 3 3 1.0  128
2500 7 3 4 1.0  128
2500 7 4 1 1.0  128
2500 7 4 2 1.0  128
2500 7 4 3 1.0  -1
2500 7 4 4 1.0  128
2500 7 5 1 1.0  -1
2500 7 5 2 1.0  128
2500 7 5 3 1.0  128
2500 7 5 4 1.0  128
2500 7 6 1 1.0  128
2500 7 6 2 1.0  128
2500 7 6 3 1.0  -1
2500 7 6 4 1.0  128
2500 7 7 1 1.0  128
2500 7 7 2 1.0  128
2500 7 7 3 1.0  128
2500 7 7 4 1.0  -1
2500 7 8 1 1.0  128
2500 7 8 2 1.0  128
2500 7 8 3 1.0  128
2500 7 8 4 1.0  7
2500 7 9 1 1.0  128
2500 7 9 2 1.0  128
2500 7 9 3 1.0  128
2500 7 9 4 1.0  10
2500 7 10 1 1.0  -1
2500 7 10 2 1.0  128
2500 7 10 3 1.0  128
2500 7 10 4 1.0  128
2500 7 11 1 1.0  7
2500 7 11 2 1.0  128
2500 7 11 3 1.0  128
2500 7 11 4 1.0  128
2500 7 12 1 1.0  128
2500 7 12 2 1.0  128
2500 7 12 3 1.0  128
2500 7 12 4 1.0  -1
2500 7 13 1 1.0  128
2500 7 13 2 1.0  128
2500 7 13 3 1.0  128
2500 7 13 4 1.0  128
2500 7 14 1 1.0  128
2500 7 14 2 1.0  -1
2500 7 14 3 1.0  128
2500 7 14 4 1.0  128
2500 7 15 1 1.0  128
2500 7 15 2 1.0  128
2500 7 15 3 1.0  128
2500 7 15 4 1.0  -1
2500 7 16 1 1.0  128
2500 7 16 2 1.0  128
2500 7 16 3 1.0  128
2500 7 16 4 1.0  -1
2500 7 17 1 1.0  128
2500 7 17 2 1.0  -1
2500 7 17 3 1.0  128
2500 7 17 4 1.0  128
2500 7 18 1 1.0  128
2500 7 18 2 1.0  38
2500 7 18 3 1.0  128
2500 7 18 4 1.0  128
2500 7 19 1 1.0  10
2500 7 19 2 1.0  128
2500 7 19 3 1.0  128
2500 7 19 4 1.0  128
2500 7 20 1 1.0  128
2500 7 20 2 1.0  3
2500 7 20 3 1.0  128
2500 7 20 4 1.0  128
2500 7 21 1 1.0  -1
2500 7 21 2 1.0  128
2500 7 21 3 1.0  128
2500 7 21 4 1.0  128
2500 7 22 1 1.0  -1
2500 7 22 2 1.0  128
2500 7 22 3 1.0  128
2500 7 22 4 1.0  128
2500 7 23 1 1.0  10
2500 7 23 2 1.0  128
2500 7 23 3 1.0  128
2500 7 23 4 1.0  128
2500 7 24 1 1.0  -1
2500 7 24 2 1.0  -1
2500 7 24 3 1.0  11
2500 7 24 4 1.0  3
2500 7 25 1 1.0  128
2500 7 25 2 1.0  128
2500 7 25 3 1.0  128
2500 7 25 4 1.0  -1
3000 7 1 1 1.0  128
3000 7 1 2 1.0  6
3000 7 1 3 1.0  128
3000 7 1 4 1.0  128
3000 7 2 1 1.0  15
3000 7 2 2 1.0  128
3000 7 2 3 1.0  128
3000 7 2 4 1.0  128
3000 7 3 1 1.0  7
3000 7 3 2 1.0  128
3000 7 3 3 1.0  128
3000 7 3 4 1.0  128
3000 7 4 1 1.0  128
3000 7 4 2 1.0  128
3000 7 4 3 1.0  6
3000 7 4 4 1.0  128
3000 7 5 1 1.0  128
3000 7 5 2 1.0  128
3000 7 5 3 1.0  -1
3000 7 5 4 1.0  128
3000 7 6 1 1.0  128
3000 7 6 2 1.0  128
3000 7 6 3 1.0  -1
3000 7 6 4 1.0  128
3000 7 7 1 1.0  128
3000 7 7 2 1.0  128
3000 7 7 3 1.0  128
3000 7 7 4 1.0  -1
3000 7 8 1 1.0  128
3000 7 8 2 1.0  128
3000 7 8 3 1.0  128
3000 7 8 4 1.0  7
3000 7 9 1 1.0  128
3000 7 9 2 1.0  128
3000 7 9 3 1.0  128
3000 7 9 4 1.0  10
3000 7 10 1 1.0  128
3000 7 10 2 1.0  128
3000 7 10 3 1.0  -1
3000 7 10 4 1.0  128
3000 7 11 1 1.0  7
3000 7 11 2 1.0  128
3000 7 11 3 1.0  128
3000 7 11 4 1.0  128
3000 7 12 1 1.0  128
3000 7 12 2 1.0  -1
3000 7 12 3 1.0  6
3000 7 12 4 1.0  -1
3000 7 13 1 1.0  128
3000 7 13 2 1.0  128
3000 7 13 3 1.0  128
3000 7 13 4 1.0  128
3000 7 14 1 1.0  128
3000 7 14 2 1.0  -1
3000 7 14 3 1.0  128
3000 7 14 4 1.0  128
3000 7 15 1 1.0  128
3000 7 15 2 1.0  128
3000 7 15 3 1.0  128
3000 7 15 4 1.0  128
3000 7 16 1 1.0  128
3000 7 16 2 1.0  128
3000 7 16 3 1.0  128
3000 7 16 4 1.0  -1
3000 7 17 1 1.0  128
3000 7 17 2 1.0  15
3000 7 17 3 1.0  128
3000 7 17 4 1.0  128
3000 7 18 1 1.0  128
3000 7 18 2 1.0  38
3000 7 18 3 1.0  128
3000 7 18 4 1.0  128
3000 7 19 1 1.0  10
3000 7 19 2 1.0  128
3000 7 19 3 1.0  128
3000 7 19 4 1.0  128
3000 7 20 1 1.0  128
3000 7 20 2 1.0  3
3000 7 20 3 1.0  128
3000 7 20 4 1.0  128
3000 7 21 1 1.0  128
3000 7 21 2 1.0  128
3000 7 21 3 1.0  128
3000 7 21 4 1.0  -1
3000 7 22 1 1.0  128
3000 7 22 2 1.0  128
3000 7 22 3 1.0  128
3000 7 22 4 1.0  128
3000 7 23 1 1.0  10
3000 7 23 2 1.0  128
3000 7 23 3 1.0  128
3000 7 23 4 1.0  128
3000 7 24 1 1.0  128
3000 7 24 2 1.0  128
3000 7 24 3 1.0  128
3000 7 24 4 1.0  128
3000 7 25 1 1.0  128
3000 7 25 2 1.0  -1
3000 7 25 3 1.0  128
3000 7 25 4 1.0  128
3500 7 1 1 1.0  128
3500 7 1 2 1.0  6
3500 7 1 3 1.0  128
3500 7 1 4 1.0  128
3500 7 2 1 1.0  15
3500 7 2 2 1.0  128
3500 7 2 3 1.0  128
3500 7 2 4 1.0  128
3500 7 3 1 1.0  7
3500 7 3 2 1.0  128
3500 7 3 3 1.0  128
3500 7 3 4 1.0  128
3500 7 4 1 1.0  128
3500 7 4 2 1.0  128
3500 7 4 3 1.0  6
3500 7 4 4 1.0  128
3500 7 5 1 1.0  128
3500 7 5 2 1.0  128
3500 7 5 3 1.0  128
3500 7 5 4 1.0  -1
3500 7 6 1 1.0  128
3500 7 6 2 1.0  128
3500 7 6 3 1.0  128
3500 7 6 4 1.0  128
3500 7 7 1 1.0  128
3500 7 7 2 1.0  15
3500 7 7 3 1.0  128
3500 7 7 4 1.0  128
3500 7 8 1 1.0  128
3500 7 8 2 1.0  128
3500 7 8 3 1.0  128
3500 7 8 4 1.0  7
3500 7 9 1 1.0  128
3500 7 9 2 1.0  128
3500 7 9 3 1.0  128
3500 7 9 4 1.0  10
3500 7 10 1 1.0  38
3500 7 10 2 1.0  128
3500 7 10 3 1.0  -1
3500 7 10 4 1.0  -1
3500 7 11 1 1.0  7
3500 7 11 2 1.0  128
3500 7 11 3 1.0  128
3500 7 11 4 1.0  128
3500 7 12 1 1.0  128
3500 7 12 2 1.0  15
3500 7 12 3 1.0  128
3500 7 12 4 1.0  128
3500 7 13 1 1.0  128
3500 7 13 2 1.0  128
3500 7 13 3 1.0  128
3500 7 13 4 1.0  128
3500 7 14 1 1.0  128
3500 7 14 2 1.0  -1
3500 7 14 3 1.0  128
3500 7 14 4 1.0  128
3500 7 15 1 1.0  128
3500 7 15 2 1.0  128
3500 7 15 3 1.0  128
3500 7 15 4 1.0  128
3500 7 16 1 1.0  38
3500 7 16 2 1.0  128
3500 7 16 3 1.0  128
3500 7 16 4 1.0  128
3500 7 17 1 1.0  128
3500 7 17 2 1.0  15
3500 7 17 3 1.0  128
3500 7 17 4 1.0  128
3500 7 18 1 1.0  128
3500 7 18 2 1.0  38
3500 7 18 3 1.0  128
3500 7 18 4 1.0  128
3500 7 19 1 1.0  10
3500 7 19 2 1.0  128
3500 7 19 3 1.0  128
3500 7 19 4 1.0  128
3500 7 20 1 1.0  128
3500 7 20 2 1.0  3
3500 7 20 3 1.0  128
3500 7 20 4 1.0  128
3500 7 21 1 1.0  128
3500 7 21 2 1.0  128
3500 7 21 3 1.0  128
3500 7 21 4 1.0  -1
3500 7 22 1 1.0  128
3500 7 22 2 1.0  128
3500 7 22 3 1.0  128
3500 7 22 4 1.0  128
3500 7 23 1 1.0  10
3500 7 23 2 1.0  128
3500 7 23 3 1.0  128
3500 7 23 4 1.0  128
3500 7 24 1 1.0  128
3500 7 24 2 1.0  128
3500 7 24 3 1.0  128
3500 7 24 4 1.0  128
3500 7 25 1 1.0  128
3500 7 25 2 1.0  -1
3500 7 25 3 1.0  128
3500 7 25 4 1.0  128
4000 7 1 1 1.0  128
4000 7 1 2 1.0  6
4000 7 1 3 1.0  128
4000 7 1 4 1.0  128
4000 7 2 1 1.0  15
4000 7 2 2 1.0  128
4000 7 2 3 1.0  128
4000 7 2 4 1.0  128
4000 7 3 1 1.0  7
4000 7 3 2 1.0  128
4000 7 3 3 1.0  128
4000 7 3 4 1.0  128
4000 7 4 1 1.0  128
4000 7 4 2 1.0  128
4000 7 4 3 1.0  6
4000 7 4 4 1.0  128
4000 7 5 1 1.0  10
4000 7 5 2 1.0  128
4000 7 5 3 1.0  128
4000 7 5 4 1.0  128
4000 7 6 1 1.0  128
4000 7 6 2 1.0  128
4000 7 6 3 1.0  128
4000 7 6 4 1.0  128
4000 7 7 1 1.0  128
4000 7 7 2 1.0  15
4000 7 7 3 1.0  128
4000 7 7 4 1.0  128
4000 7 8 1 1.0  128
4000 7 8 2 1.0  128
4000 7 8 3 1.0  128
4000 7 8 4 1.0  7
4000 7 9 1 1.0  128
4000 7 9 2 1.0  128
4000 7 9 3 1.0  128
4000 7 9 4 1.0  10
4000 7 10 1 1.0  -1
4000 7 10 2 1.0  128
4000 7 10 3 1.0  -1
4000 7 10 4 1.0  -1
4000 7 11 1 1.0  7
4000 7 11 2 1.0  128
4000 7 11 3 1.0  128
4000 7 11 4 1.0  128
4000 7 12 1 1.0  128
4000 7 12 2 1.0  15
4000 7 12 3 1.0  128
4000 7 12 4 1.0  128
4000 7 13 1 1.0  128
4000 7 13 2 1.0  128
4000 7 13 3 1.0  128
4000 7 13 4 1.0  128
4000 7 14 1 1.0  7
4000 7 14 2 1.0  128
4000 7 14 3 1.0  128
4000 7 14 4 1.0  128
4000 7 15 1 1.0  128
4000 7 15 2 1.0  128
4000 7 15 3 1.0  128
4000 7 15 4 1.0  128
4000 7 16 1 1.0  38
4000 7 16 2 1.0  128
4000 7 16 3 1.0  128
4000 7 16 4 1.0  128
4000 7 17 1 1.0  128
4000 7 17 2 1.0  15
4000 7 17 3 1.0  128
4000 7 17 4 1.0  128
4000 7 18 1 1.0  128
4000 7 18 2 1.0  38
4000 7 18 3 1.0  128
4000 7 18 4 1.0  128
4000 7 19 1 1.0  10
4000 7 19 2 1.0  128
4000 7 19 3 1.0  128
4000 7 19 4 1.0  128
4000 7 20 1 1.0  128
4000 7 20 2 1.0  128
4000 7 20 3 1.0  128
4000 7 20 4 1.0  38
4000 7 21 1 1.0  128
4000 7 21 2 1.0  7
4000 7 21 3 1.0  128
4000 7 21 4 1.0  128
4000 7 22 1 1.0  128
4000 7 22 2 1.0  128
4000 7 22 3 1.0  128
4000 7 22 4 1.0  128
4000 7 23 1 1.0  10
4000 7 23 2 1.0  128
4000 7 23 3 1.0  128
4000 7 23 4 1.0  128
4000 7 24 1 1.0  128
4000 7 24 2 1.0  128
4000 7 24 3 1.0  128
4000 7 24 4 1.0  128
4000 7 25 1 1.0  10
4000 7 25 2 1.0  128
4000 7 25 3 1.0  128
4000 7 25 4 1.0  128
4500 7 1 1 1.0  128
4500 7 1 2 1.0  128
4500 7 1 3 1.0  128
4500 7 1 4 1.0  128
4500 7 2 1 1.0  15
4500 7 2 2 1.0  128
4500 7 2 3 1.0  128
4500 7 2 4 1.0  128
4500 7 3 1 1.0  7
4500 7 3 2 1.0  128
4500 7 3 3 1.0  128
4500 7 3 4 1.0  128
4500 7 4 1 1.0  128
4500 7 4 2 1.0  7
4500 7 4 3 1.0  128
4500 7 4 4 1.0  128
4500 7 5 1 1.0  10
4500 7 5 2 1.0  128
4500 7 5 3 1.0  128
4500 7 5 4 1.0  128
4500 7 6 1 1.0  128
4500 7 6 2 1.0  128
4500 7 6 3 1.0  128
4500 7 6 4 1.0  128
4500 7 7 1 1.0  128
4500 7 7 2 1.0  15
4500 7 7 3 1.0  128
4500 7 7 4 1.0  128
4500 7 8 1 1.0  128
4500 7 8 2 1.0  128
4500 7 8 3 1.0  128
4500 7 8 4 1.0  7
4500 7 9 1 1.0  128
4500 7 9 2 1.0  128
4500 7 9 3 1.0  128
4500 7 9 4 1.0  10
4500 7 10 1 1.0  15
4500 7 10 2 1.0  128
4500 7 10 3 1.0  128
4500 7 10 4 1.0  128
4500 7 11 1 1.0  7
4500 7 11 2 1.0  128
4500 7 11 3 1.0  128
4500 7 11 4 1.0  128
4500 7 12 1 1.0  128
4500 7 12 2 1.0  15
4500 7 12 3 1.0  128
4500 7 12 4 1.0  128
4500 7 13 1 1.0  128
4500 7 13 2 1.0  128
4500 7 13 3 1.0  128
4500 7 13 4 1.0  128
4500 7 14 1 1.0  7
4500 7 14 2 1.0  128
4500 7 14 3 1.0  128
4500 7 14 4 1.0  128
4500 7 15 1 1.0  128
4500 7 15 2 1.0  128
4500 7 15 3 1.0  128
4500 7 15 4 1.0  128
4500 7 16 1 1.0  38
4500 7 16 2 1.0  128
4500 7 16 3 1.0  128
4500 7 16 4 1.0  128
4500 7 17 1 1.0  128
4500 7 17 2 1.0  15
4500 7 17 3 1.0  128
4500 7 17 4 1.0  128
4500 7 18 1 1.0  128
4500 7 18 2 1.0  38
4500 7 18 3 1.0  128
4500 7 18 4 1.0  128
4500 7 19 1 1.0  10
4500 7 19 2 1.0  128
4500 7 19 3 1.0  128
4500 7 19 4 1.0  128
4500 7 20 1 1.0  128
4500 7 20 2 1.0  128
4500 7 20 3 1.0  128
4500 7 20 4 1.0  38
4500 7 21 1 1.0  -1
4500 7 21 2 1.0  -1
4500 7 21 3 1.0  -1
4500 7 21 4 1.0  -1
4500 7 22 1 1.0  128
4500 7 22 2 1.0  128
4500 7 22 3 1.0  128
4500 7 22 4 1.0  128
4500 7 23 1 1.0  10
4500 7 23 2 1.0  128
4500 7 23 3 1.0  128
4500 7 23 4 1.0  128
4500 7 24 1 1.0  128
4500 7 24 2 1.0  128
4500 7 24 3 1.0  128
4500 7 24 4 1.0  128
4500 7 25 1 1.0  10
4500 7 25 2 1.0  128
4500 7 25 3 1.0  128
4500 7 25 4 1.0  128
5000 7 1 1 1.0  128
5000 7 1 2 1.0  128
5000 7 1 3 1.0  128
5000 7 1 4 1.0  128
5000 7 2 1 1.0  15
5000 7 2 2 1.0  128
5000 7 2 3 1.0  128
5000 7 2 4 1.0  128
5000 7 3 1 1.0  11
5000 7 3 2 1.0  128
5000 7 3 3 1.0  128
5000 7 3 4 1.0  128
5000 7 4 1 1.0  15
5000 7 4 2 1.0  128
5000 7 4 3 1.0  128
5000 7 4 4 1.0  128
5000 7 5 1 1.0  10
5000 7 5 2 1.0  128
5000 7 5 3 1.0  128
5000 7 5 4 1.0  128
5000 7 6 1 1.0  128
5000 7 6 2 1.0  128
5000 7 6 3 1.0  128
5000 7 6 4 1.0  128
5000 7 7 1 1.0  128
5000 7 7 2 1.0  15
5000 7 7 3 1.0  128
5000 7 7 4 1.0  128
5000 7 8 1 1.0  128
5000 7 8 2 1.0  128
5000 7 8 3 1.0  128
5000 7 8 4 1.0  128
5000 7 9 1 1.0  128
5000 7 9 2 1.0  -1
5000 7 9 3 1.0  -1
5000 7 9 4 1.0  -1
5000 7 10 1 1.0  15
5000 7 10 2 1.0  128
5000 7 10 3 1.0  128
5000 7 10 4 1.0  128
5000 7 11 1 1.0  128
5000 7 11 2 1.0  38
5000 7 11 3 1.0  128
5000 7 11 4 1.0  128
5000 7 12 1 1.0  128
5000 7 12 2 1.0  15
5000 7 12 3 1.0  128
5000 7 12 4 1.0  128
5000 7 13 1 1.0  128
5000 7 13 2 1.0  128
5000 7 13 3 1.0  128
5000 7 13 4 1.0  128
5000 7 14 1 1.0  128
5000 7 14 2 1.0  128
5000 7 14 3 1.0  128
5000 7 14 4 1.0  128
5000 7 15 1 1.0  128
5000 7 15 2 1.0  128
5000 7 15 3 1.0  128
5000 7 15 4 1.0  128
5000 7 16 1 1.0  38
5000 7 16 2 1.0  128
5000 7 16 3 1.0  128
5000 7 16 4 1.0  128
5000 7 17 1 1.0  128
5000 7 17 2 1.0  15
5000 7 17 3 1.0  128
5000 7 17 4 1.0  128
5000 7 18 1 1.0  128
5000 7 18 2 1.0  38
5000 7 18 3 1.0  128
5000 7 18 4 1.0  128
5000 7 19 1 1.0  10
5000 7 19 2 1.0  128
5000 7 19 3 1.0  128
5000 7 19 4 1.0  128
5000 7 20 1 1.0  128
5000 7 20 2 1.0  128
5000 7 20 3 1.0  128
5000 7 20 4 1.0  38
5000 7 21 1 1.0  128
5000 7 21 2 1.0  128
5000 7 21 3 1.0  128
5000 7 21 4 1.0  128
5000 7 22 1 1.0  128
5000 7 22 2 1.0  128
5000 7 22 3 1.0  128
5000 7 22 4 1.0  128
5000 7 23 1 1.0  10
5000 7 23 2 1.0  128
5000 7 23 3 1.0  128
5000 7 23 4 1.0  128
5000 7 24 1 1.0  128
5000 7 24 2 1.0  128
5000 7 24 3 1.0  128
5000 7 24 4 1.0  128
5000 7 25 1 1.0  10
5000 7 25 2 1.0  128
5000 7 25 3 1.0  128
5000 7 25 4 1.0  128
500 8 1 1 1.0  17
500 8 1 2 1.0  17
500 8 1 3 1.0  -1
500 8 1 4 1.0  -1
500 8 2 1 1.0  -1
500 8 2 2 1.0  32
500 8 2 3 1.0  8
500 8 2 4 1.0  8
500 8 3 1 1.0  -1
500 8 3 2 1.0  10
500 8 3 3 1.0  -1
500 8 3 4 1.0  32
500 8 4 1 1.0  8
500 8 4 2 1.0  8
500 8 4 3 1.0  -1
500 8 4 4 1.0  32
500 8 5 1 1.0  35
500 8 5 2 1.0  -1
500 8 5 3 1.0  8
500 8 5 4 1.0  8
500 8 6 1 1.0  8
500 8 6 2 1.0  -1
500 8 6 3 1.0  -1
500 8 6 4 1.0  32
500 8 7 1 1.0  -1
500 8 7 2 1.0  32
500 8 7 3 1.0  8
500 8 7 4 1.0  -1
500 8 8 1 1.0  17
500 8 8 2 1.0  -1
500 8 8 3 1.0  -1
500 8 8 4 1.0  17
500 8 9 1 1.0  32
500 8 9 2 1.0  -1
500 8 9 3 1.0  22
500 8 9 4 1.0  -1
500 8 10 1 1.0  -1
500 8 10 2 1.0  -1
500 8 10 3 1.0  32
500 8 10 4 1.0  17
500 8 11 1 1.0  4
500 8 11 2 1.0  -1
500 8 11 3 1.0  17
500 8 11 4 1.0  17
500 8 12 1 1.0  17
500 8 12 2 1.0  8
500 8 12 3 1.0  4
500 8 12 4 1.0  8
500 8 13 1 1.0  32
500 8 13 2 1.0  -1
500 8 13 3 1.0  8
500 8 13 4 1.0  -1
500 8 14 1 1.0  -1
500 8 14 2 1.0  -1
500 8 14 3 1.0  -1
500 8 14 4 1.0  -1
500 8 15 1 1.0  17
500 8 15 2 1.0  -1
500 8 15 3 1.0  14
500 8 15 4 1.0  8
500 8 16 1 1.0  -1
500 8 16 2 1.0  -1
500 8 16 3 1.0  32
500 8 16 4 1.0  10
500 8 17 1 1.0  8
500 8 17 2 1.0  -1
500 8 17 3 1.0  -1
500 8 17 4 1.0  32
500 8 18 1 1.0  8
500 8 18 2 1.0  8
500 8 18 3 1.0  10
500 8 18 4 1.0  32
500 8 19 1 1.0  -1
500 8 19 2 1.0  8
500 8 19 3 1.0  8
500 8 19 4 1.0  21
500 8 20 1 1.0  -1
500 8 20 2 1.0  8
500 8 20 3 1.0  32
500 8 20 4 1.0  -1
500 8 21 1 1.0  17
500 8 21 2 1.0  8
500 8 21 3 1.0  -1
500 8 21 4 1.0  32
500 8 22 1 1.0  -1
500 8 22 2 1.0  32
500 8 22 3 1.0  -1
500 8 22 4 1.0  8
500 8 23 1 1.0  -1
500 8 23 2 1.0  8
500 8 23 3 1.0  32
500 8 23 4 1.0  -1
500 8 24 1 1.0  26
500 8 24 2 1.0  17
500 8 24 3 1.0  -1
500 8 24 4 1.0  -1
500 8 25 1 1.0  -1
500 8 25 2 1.0  32
500 8 25 3 1.0  -1
500 8 25 4 1.0  17
1000 8 1 1 1.0  50
1000 8 1 2 1.0  3
1000 8 1 3 1.0  32
1000 8 1 4 1.0  -1
1000 8 2 1 1.0  3
1000 8 2 2 1.0  211
1000 8 2 3 1.0  3
1000 8 2 4 1.0  -1
1000 8 3 1 1.0  -1
1000 8 3 2 1.0  -1
1000 8 3 3 1.0  -1
1000 8 3 4 1.0  -1
1000 8 4 1 1.0  211
1000 8 4 2 1.0  -1
1000 8 4 3 1.0  6
1000 8 4 4 1.0  -1
1000 8 5 1 1.0  -1
1000 8 5 2 1.0  211
1000 8 5 3 1.0  -1
1000 8 5 4 1.0  -1
1000 8 6 1 1.0  -1
1000 8 6 2 1.0  50
1000 8 6 3 1.0  13
1000 8 6 4 1.0  50
1000 8 7 1 1.0  13
1000 8 7 2 1.0  26
1000 8 7 3 1.0  32
1000 8 7 4 1.0  -1
1000 8 8 1 1.0  -1
1000 8 8 2 1.0  -1
1000 8 8 3 1.0  211
1000 8 8 4 1.0  -1
1000 8 9 1 1.0  50
1000 8 9 2 1.0  -1
1000 8 9 3 1.0  3
1000 8 9 4 1.0  17
1000 8 10 1 1.0  -1
1000 8 10 2 1.0  -1
1000 8 10 3 1.0  -1
1000 8 10 4 1.0  211
1000 8 11 1 1.0  -1
1000 8 11 2 1.0  50
1000 8 11 3 1.0  22
1000 8 11 4 1.0  50
1000 8 12 1 1.0  3
1000 8 12 2 1.0  -1
1000 8 12 3 1.0  3
1000 8 12 4 1.0  211
1000 8 13 1 1.0  3
1000 8 13 2 1.0  -1
1000 8 13 3 1.0  -1
1000 8 13 4 1.0  211
1000 8 14 1 1.0  50
1000 8 14 2 1.0  50
1000 8 14 3 1.0  32
1000 8 14 4 1.0  3
1000 8 15 1 1.0  50
1000 8 15 2 1.0  -1
1000 8 15 3 1.0  32
1000 8 15 4 1.0  -1
1000 8 16 1 1.0  -1
1000 8 16 2 1.0  -1
1000 8 16 3 1.0  -1
1000 8 16 4 1.0  211
1000 8 17 1 1.0  -1
1000 8 17 2 1.0  32
1000 8 17 3 1.0  8
1000 8 17 4 1.0  50
1000 8 18 1 1.0  -1
1000 8 18 2 1.0  -1
1000 8 18 3 1.0  -1
1000 8 18 4 1.0  211
1000 8 19 1 1.0  -1
1000 8 19 2 1.0  -1
1000 8 19 3 1.0  211
1000 8 19 4 1.0  -1
1000 8 20 1 1.0  17
1000 8 20 2 1.0  -1
1000 8 20 3 1.0  32
1000 8 20 4 1.0  26
1000 8 21 1 1.0  -1
1000 8 21 2 1.0  32
1000 8 21 3 1.0  3
1000 8 21 4 1.0  50
1000 8 22 1 1.0  -1
1000 8 22 2 1.0  50
1000 8 22 3 1.0  -1
1000 8 22 4 1.0  32
1000 8 23 1 1.0  -1
1000 8 23 2 1.0  -1
1000 8 23 3 1.0  -1
1000 8 23 4 1.0  211
1000 8 24 1 1.0  -1
1000 8 24 2 1.0  50
1000 8 24 3 1.0  32
1000 8 24 4 1.0  -1
1000 8 25 1 1.0  211
1000 8 25 2 1.0  -1
1000 8 25 3 1.0  39
1000 8 25 4 1.0  -1
1500 8 1 1 1.0  -1
1500 8 1 2 1.0  -1
1500 8 1 3 1.0  211
1500 8 1 4 1.0  211
1500 8 2 1 1.0  211
1500 8 2 2 1.0  -1
1500 8 2 3 1.0  -1
1500 8 2 4 1.0  211
1500 8 3 1 1.0  211
1500 8 3 2 1.0  -1
1500 8 3 3 1.0  211
1500 8 3 4 1.0  -1
1500 8 4 1 1.0  211
1500 8 4 2 1.0  -1
1500 8 4 3 1.0  -1
1500 8 4 4 1.0  211
1500 8 5 1 1.0  211
1500 8 5 2 1.0  3
1500 8 5 3 1.0  -1
1500 8 5 4 1.0  211
1500 8 6 1 1.0  -1
1500 8 6 2 1.0  211
1500 8 6 3 1.0  -1
1500 8 6 4 1.0  211
1500 8 7 1 1.0  -1
1500 8 7 2 1.0  -1
1500 8 7 3 1.0  211
1500 8 7 4 1.0  211
1500 8 8 1 1.0  -1
1500 8 8 2 1.0  -1
1500 8 8 3 1.0  211
1500 8 8 4 1.0  211
1500 8 9 1 1.0  211
1500 8 9 2 1.0  211
1500 8 9 3 1.0  211
1500 8 9 4 1.0  -1
1500 8 10 1 1.0  211
1500 8 10 2 1.0  211
1500 8 10 3 1.0  3
1500 8 10 4 1.0  -1
1500 8 11 1 1.0  19
1500 8 11 2 1.0  3
1500 8 11 3 1.0  211
1500 8 11 4 1.0  211
1500 8 12 1 1.0  -1
1500 8 12 2 1.0  211
1500 8 12 3 1.0  211
1500 8 12 4 1.0  3
1500 8 13 1 1.0  39
1500 8 13 2 1.0  211
1500 8 13 3 1.0  -1
1500 8 13 4 1.0  211
1500 8 14 1 1.0  211
1500 8 14 2 1.0  3
1500 8 14 3 1.0  -1
1500 8 14 4 1.0  211
1500 8 15 1 1.0  211
1500 8 15 2 1.0  -1
1500 8 15 3 1.0  3
1500 8 15 4 1.0  211
1500 8 16 1 1.0  211
1500 8 16 2 1.0  -1
1500 8 16 3 1.0  211
1500 8 16 4 1.0  211
1500 8 17 1 1.0  211
1500 8 17 2 1.0  -1
1500 8 17 3 1.0  -1
1500 8 17 4 1.0  211
1500 8 18 1 1.0  211
1500 8 18 2 1.0  -1
1500 8 18 3 1.0  211
1500 8 18 4 1.0  -1
1500 8 19 1 1.0  211
1500 8 19 2 1.0  -1
1500 8 19 3 1.0  -1
1500 8 19 4 1.0  211
1500 8 20 1 1.0  19
1500 8 20 2 1.0  211
1500 8 20 3 1.0  211
1500 8 20 4 1.0  -1
1500 8 21 1 1.0  211
1500 8 21 2 1.0  -1
1500 8 21 3 1.0  -1
1500 8 21 4 1.0  211
1500 8 22 1 1.0  211
1500 8 22 2 1.0  -1
1500 8 22 3 1.0  211
1500 8 22 4 1.0  -1
1500 8 23 1 1.0  3
1500 8 23 2 1.0  -1
1500 8 23 3 1.0  211
1500 8 23 4 1.0  211
1500 8 24 1 1.0  211
1500 8 24 2 1.0  8
1500 8 24 3 1.0  211
1500 8 24 4 1.0  -1
1500 8 25 1 1.0  211
1500 8 25 2 1.0  -1
1500 8 25 3 1.0  13
1500 8 25 4 1.0  211
2000 8 1 1 1.0  211
2000 8 1 2 1.0  211
2000 8 1 3 1.0  211
2000 8 1 4 1.0  -1
2000 8 2 1 1.0  211
2000 8 2 2 1.0  211
2000 8 2 3 1.0  211
2000 8 2 4 1.0  211
2000 8 3 1 1.0  211
2000 8 3 2 1.0  211
2000 8 3 3 1.0  211
2000 8 3 4 1.0  211
2000 8 4 1 1.0  211
2000 8 4 2 1.0  -1
2000 8 4 3 1.0  211
2000 8 4 4 1.0  211
2000 8 5 1 1.0  211
2000 8 5 2 1.0  -1
2000 8 5 3 1.0  211
2000 8 5 4 1.0  211
2000 8 6 1 1.0  39
2000 8 6 2 1.0  211
2000 8 6 3 1.0  211
2000 8 6 4 1.0  211
2000 8 7 1 1.0  211
2000 8 7 2 1.0  211
2000 8 7 3 1.0  211
2000 8 7 4 1.0  -1
2000 8 8 1 1.0  211
2000 8 8 2 1.0  4
2000 8 8 3 1.0  211
2000 8 8 4 1.0  211
2000 8 9 1 1.0  211
2000 8 9 2 1.0  211
2000 8 9 3 1.0  211
2000 8 9 4 1.0  -1
2000 8 10 1 1.0  211
2000 8 10 2 1.0  211
2000 8 10 3 1.0  211
2000 8 10 4 1.0  26
2000 8 11 1 1.0  211
2000 8 11 2 1.0  211
2000 8 11 3 1.0  211
2000 8 11 4 1.0  48
2000 8 12 1 1.0  211
2000 8 12 2 1.0  211
2000 8 12 3 1.0  211
2000 8 12 4 1.0  211
2000 8 13 1 1.0  211
2000 8 13 2 1.0  -1
2000 8 13 3 1.0  211
2000 8 13 4 1.0  211
2000 8 14 1 1.0  211
2000 8 14 2 1.0  211
2000 8 14 3 1.0  211
2000 8 14 4 1.0  -1
2000 8 15 1 1.0  211
2000 8 15 2 1.0  211
2000 8 15 3 1.0  211
2000 8 15 4 1.0  -1
2000 8 16 1 1.0  211
2000 8 16 2 1.0  -1
2000 8 16 3 1.0  211
2000 8 16 4 1.0  211
2000 8 17 1 1.0  211
2000 8 17 2 1.0  211
2000 8 17 3 1.0  -1
2000 8 17 4 1.0  211
2000 8 18 1 1.0  -1
2000 8 18 2 1.0  -1
2000 8 18 3 1.0  211
2000 8 18 4 1.0  35
2000 8 19 1 1.0  211
2000 8 19 2 1.0  -1
2000 8 19 3 1.0  211
2000 8 19 4 1.0  211
2000 8 20 1 1.0  211
2000 8 20 2 1.0  211
2000 8 20 3 1.0  211
2000 8 20 4 1.0  211
2000 8 21 1 1.0  211
2000 8 21 2 1.0  211
2000 8 21 3 1.0  26
2000 8 21 4 1.0  211
2000 8 22 1 1.0  211
2000 8 22 2 1.0  -1
2000 8 22 3 1.0  211
2000 8 22 4 1.0  211
2000 8 23 1 1.0  211
2000 8 23 2 1.0  211
2000 8 23 3 1.0  211
2000 8 23 4 1.0  35
2000 8 24 1 1.0  211
2000 8 24 2 1.0  211
2000 8 24 3 1.0  211
2000 8 24 4 1.0  211
2000 8 25 1 1.0  211
2000 8 25 2 1.0  211
2000 8 25 3 1.0  4
2000 8 25 4 1.0  211
2500 8 1 1 1.0  211
2500 8 1 2 1.0  -1
2500 8 1 3 1.0  211
2500 8 1 4 1.0  211
2500 8 2 1 1.0  211
2500 8 2 2 1.0  211
2500 8 2 3 1.0  211
2500 8 2 4 1.0  211
2500 8 3 1 1.0  211
2500 8 3 2 1.0  211
2500 8 3 3 1.0  211
2500 8 3 4 1.0  211
2500 8 4 1 1.0  211
2500 8 4 2 1.0  211
2500 8 4 3 1.0  211
2500 8 4 4 1.0  8
2500 8 5 1 1.0  211
2500 8 5 2 1.0  -1
2500 8 5 3 1.0  211
2500 8 5 4 1.0  211
2500 8 6 1 1.0  39
2500 8 6 2 1.0  211
2500 8 6 3 1.0  211
2500 8 6 4 1.0  211
2500 8 7 1 1.0  211
2500 8 7 2 1.0  -1
2500 8 7 3 1.0  211
2500 8 7 4 1.0  211
2500 8 8 1 1.0  211
2500 8 8 2 1.0  4
2500 8 8 3 1.0  211
2500 8 8 4 1.0  211
2500 8 9 1 1.0  211
2500 8 9 2 1.0  211
2500 8 9 3 1.0  211
2500 8 9 4 1.0  211
2500 8 10 1 1.0  211
2500 8 10 2 1.0  211
2500 8 10 3 1.0  211
2500 8 10 4 1.0  26
2500 8 11 1 1.0  211
2500 8 11 2 1.0  211
2500 8 11 3 1.0  211
2500 8 11 4 1.0  48
2500 8 12 1 1.0  211
2500 8 12 2 1.0  211
2500 8 12 3 1.0  211
2500 8 12 4 1.0  211
2500 8 13 1 1.0  211
2500 8 13 2 1.0  211
2500 8 13 3 1.0  211
2500 8 13 4 1.0  211
2500 8 14 1 1.0  211
2500 8 14 2 1.0  211
2500 8 14 3 1.0  -1
2500 8 14 4 1.0  211
2500 8 15 1 1.0  211
2500 8 15 2 1.0  211
2500 8 15 3 1.0  211
2500 8 15 4 1.0  -1
2500 8 16 1 1.0  -1
2500 8 16 2 1.0  -1
2500 8 16 3 1.0  -1
2500 8 16 4 1.0  -1
2500 8 17 1 1.0  -1
2500 8 17 2 1.0  211
2500 8 17 3 1.0  211
2500 8 17 4 1.0  211
2500 8 18 1 1.0  211
2500 8 18 2 1.0  3
2500 8 18 3 1.0  211
2500 8 18 4 1.0  211
2500 8 19 1 1.0  211
2500 8 19 2 1.0  211
2500 8 19 3 1.0  211
2500 8 19 4 1.0  211
2500 8 20 1 1.0  211
2500 8 20 2 1.0  211
2500 8 20 3 1.0  211
2500 8 20 4 1.0  211
2500 8 21 1 1.0  211
2500 8 21 2 1.0  211
2500 8 21 3 1.0  26
2500 8 21 4 1.0  211
2500 8 22 1 1.0  211
2500 8 22 2 1.0  211
2500 8 22 3 1.0  211
2500 8 22 4 1.0  -1
2500 8 23 1 1.0  211
2500 8 23 2 1.0  211
2500 8 23 3 1.0  211
2500 8 23 4 1.0  35
2500 8 24 1 1.0  211
2500 8 24 2 1.0  211
2500 8 24 3 1.0  211
2500 8 24 4 1.0  211
2500 8 25 1 1.0  211
2500 8 25 2 1.0  211
2500 8 25 3 1.0  4
2500 8 25 4 1.0  211
3000 8 1 1 1.0  211
3000 8 1 2 1.0  211
3000 8 1 3 1.0  211
3000 8 1 4 1.0  211
3000 8 2 1 1.0  211
3000 8 2 2 1.0  211
3000 8 2 3 1.0  211
3000 8 2 4 1.0  211
3000 8 3 1 1.0  211
3000 8 3 2 1.0  211
3000 8 3 3 1.0  211
3000 8 3 4 1.0  211
3000 8 4 1 1.0  211
3000 8 4 2 1.0  211
3000 8 4 3 1.0  211
3000 8 4 4 1.0  8
3000 8 5 1 1.0  211
3000 8 5 2 1.0  -1
3000 8 5 3 1.0  211
3000 8 5 4 1.0  211
3000 8 6 1 1.0  39
3000 8 6 2 1.0  211
3000 8 6 3 1.0  211
3000 8 6 4 1.0  211
3000 8 7 1 1.0  211
3000 8 7 2 1.0  211
3000 8 7 3 1.0  211
3000 8 7 4 1.0  211
3000 8 8 1 1.0  211
3000 8 8 2 1.0  4
3000 8 8 3 1.0  211
3000 8 8 4 1.0  211
3000 8 9 1 1.0  211
3000 8 9 2 1.0  211
3000 8 9 3 1.0  211
3000 8 9 4 1.0  211
3000 8 10 1 1.0  211
3000 8 10 2 1.0  211
3000 8 10 3 1.0  211
3000 8 10 4 1.0  26
3000 8 11 1 1.0  211
3000 8 11 2 1.0  211
3000 8 11 3 1.0  211
3000 8 11 4 1.0  48
3000 8 12 1 1.0  211
3000 8 12 2 1.0  211
3000 8 12 3 1.0  211
3000 8 12 4 1.0  211
3000 8 13 1 1.0  211
3000 8 13 2 1.0  211
3000 8 13 3 1.0  211
3000 8 13 4 1.0  211
3000 8 14 1 1.0  211
3000 8 14 2 1.0  211
3000 8 14 3 1.0  35
3000 8 14 4 1.0  211
3000 8 15 1 1.0  211
3000 8 15 2 1.0  211
3000 8 15 3 1.0  211
3000 8 15 4 1.0  26
3000 8 16 1 1.0  211
3000 8 16 2 1.0  -1
3000 8 16 3 1.0  211
3000 8 16 4 1.0  211
3000 8 17 1 1.0  -1
3000 8 17 2 1.0  -1
3000 8 17 3 1.0  4
3000 8 17 4 1.0  -1
3000 8 18 1 1.0  211
3000 8 18 2 1.0  3
3000 8 18 3 1.0  211
3000 8 18 4 1.0  211
3000 8 19 1 1.0  211
3000 8 19 2 1.0  211
3000 8 19 3 1.0  211
3000 8 19 4 1.0  211
3000 8 20 1 1.0  211
3000 8 20 2 1.0  211
3000 8 20 3 1.0  211
3000 8 20 4 1.0  211
3000 8 21 1 1.0  211
3000 8 21 2 1.0  211
3000 8 21 3 1.0  26
3000 8 21 4 1.0  211
3000 8 22 1 1.0  211
3000 8 22 2 1.0  211
3000 8 22 3 1.0  211
3000 8 22 4 1.0  211
3000 8 23 1 1.0  211
3000 8 23 2 1.0  211
3000 8 23 3 1.0  211
3000 8 23 4 1.0  35
3000 8 24 1 1.0  211
3000 8 24 2 1.0  211
3000 8 24 3 1.0  211
3000 8 24 4 1.0  211
3000 8 25 1 1.0  211
3000 8 25 2 1.0  211
3000 8 25 3 1.0  4
3000 8 25 4 1.0  211
3500 8 1 1 1.0  211
3500 8 1 2 1.0  211
3500 8 1 3 1.0  211
3500 8 1 4 1.0  211
3500 8 2 1 1.0  211
3500 8 2 2 1.0  211
3500 8 2 3 1.0  211
3500 8 2 4 1.0  211
3500 8 3 1 1.0  211
3500 8 3 2 1.0  211
3500 8 3 3 1.0  211
3500 8 3 4 1.0  211
3500 8 4 1 1.0  211
3500 8 4 2 1.0  211
3500 8 4 3 1.0  211
3500 8 4 4 1.0  8
3500 8 5 1 1.0  211
3500 8 5 2 1.0  211
3500 8 5 3 1.0  211
3500 8 5 4 1.0  211
3500 8 6 1 1.0  39
3500 8 6 2 1.0  211
3500 8 6 3 1.0  211
3500 8 6 4 1.0  211
3500 8 7 1 1.0  211
3500 8 7 2 1.0  211
3500 8 7 3 1.0  211
3500 8 7 4 1.0  211
3500 8 8 1 1.0  -1
3500 8 8 2 1.0  211
3500 8 8 3 1.0  211
3500 8 8 4 1.0  -1
3500 8 9 1 1.0  211
3500 8 9 2 1.0  211
3500 8 9 3 1.0  211
3500 8 9 4 1.0  211
3500 8 10 1 1.0  211
3500 8 10 2 1.0  211
3500 8 10 3 1.0  211
3500 8 10 4 1.0  26
3500 8 11 1 1.0  211
3500 8 11 2 1.0  211
3500 8 11 3 1.0  211
3500 8 11 4 1.0  48
3500 8 12 1 1.0  211
3500 8 12 2 1.0  211
3500 8 12 3 1.0  211
3500 8 12 4 1.0  211
3500 8 13 1 1.0  211
3500 8 13 2 1.0  211
3500 8 13 3 1.0  211
3500 8 13 4 1.0  211
3500 8 14 1 1.0  211
3500 8 14 2 1.0  211
3500 8 14 3 1.0  35
3500 8 14 4 1.0  211
3500 8 15 1 1.0  211
3500 8 15 2 1.0  211
3500 8 15 3 1.0  211
3500 8 15 4 1.0  26
3500 8 16 1 1.0  211
3500 8 16 2 1.0  211
3500 8 16 3 1.0  211
3500 8 16 4 1.0  211
3500 8 17 1 1.0  211
3500 8 17 2 1.0  211
3500 8 17 3 1.0  26
3500 8 17 4 1.0  211
3500 8 18 1 1.0  211
3500 8 18 2 1.0  211
3500 8 18 3 1.0  211
3500 8 18 4 1.0  211
3500 8 19 1 1.0  211
3500 8 19 2 1.0  211
3500 8 19 3 1.0  211
3500 8 19 4 1.0  211
3500 8 20 1 1.0  211
3500 8 20 2 1.0  211
3500 8 20 3 1.0  211
3500 8 20 4 1.0  211
3500 8 21 1 1.0  211
3500 8 21 2 1.0  211
3500 8 21 3 1.0  26
3500 8 21 4 1.0  211
3500 8 22 1 1.0  211
3500 8 22 2 1.0  211
3500 8 22 3 1.0  211
3500 8 22 4 1.0  211
3500 8 23 1 1.0  211
3500 8 23 2 1.0  211
3500 8 23 3 1.0  211
3500 8 23 4 1.0  35
3500 8 24 1 1.0  211
3500 8 24 2 1.0  211
3500 8 24 3 1.0  211
3500 8 24 4 1.0  211
3500 8 25 1 1.0  211
3500 8 25 2 1.0  211
3500 8 25 3 1.0  4
3500 8 25 4 1.0  211
4000 8 1 1 1.0  211
4000 8 1 2 1.0  211
4000 8 1 3 1.0  211
4000 8 1 4 1.0  211
4000 8 2 1 1.0  211
4000 8 2 2 1.0  211
4000 8 2 3 1.0  211
4000 8 2 4 1.0  211
4000 8 3 1 1.0  211
4000 8 3 2 1.0  211
4000 8 3 3 1.0  211
4000 8 3 4 1.0  211
4000 8 4 1 1.0  211
4000 8 4 2 1.0  211
4000 8 4 3 1.0  48
4000 8 4 4 1.0  211
4000 8 5 1 1.0  211
4000 8 5 2 1.0  211
4000 8 5 3 1.0  211
4000 8 5 4 1.0  211
4000 8 6 1 1.0  39
4000 8 6 2 1.0  211
4000 8 6 3 1.0  211
4000 8 6 4 1.0  211
4000 8 7 1 1.0  211
4000 8 7 2 1.0  211
4000 8 7 3 1.0  211
4000 8 7 4 1.0  211
4000 8 8 1 1.0  211
4000 8 8 2 1.0  211
4000 8 8 3 1.0  211
4000 8 8 4 1.0  211
4000 8 9 1 1.0  211
4000 8 9 2 1.0  211
4000 8 9 3 1.0  211
4000 8 9 4 1.0  211
4000 8 10 1 1.0  211
4000 8 10 2 1.0  211
4000 8 10 3 1.0  211
4000 8 10 4 1.0  211
4000 8 11 1 1.0  211
4000 8 11 2 1.0  211
4000 8 11 3 1.0  211
4000 8 11 4 1.0  48
4000 8 12 1 1.0  211
4000 8 12 2 1.0  211
4000 8 12 3 1.0  211
4000 8 12 4 1.0  211
4000 8 13 1 1.0  211
4000 8 13 2 1.0  211
4000 8 13 3 1.0  211
4000 8 13 4 1.0  211
4000 8 14 1 1.0  211
4000 8 14 2 1.0  211
4000 8 14 3 1.0  35
4000 8 14 4 1.0  211
4000 8 15 1 1.0  211
4000 8 15 2 1.0  211
4000 8 15 3 1.0  211
4000 8 15 4 1.0  26
4000 8 16 1 1.0  211
4000 8 16 2 1.0  211
4000 8 16 3 1.0  211
4000 8 16 4 1.0  211
4000 8 17 1 1.0  211
4000 8 17 2 1.0  211
4000 8 17 3 1.0  211
4000 8 17 4 1.0  211
4000 8 18 1 1.0  211
4000 8 18 2 1.0  211
4000 8 18 3 1.0  211
4000 8 18 4 1.0  211
4000 8 19 1 1.0  211
4000 8 19 2 1.0  211
4000 8 19 3 1.0  211
4000 8 19 4 1.0  211
4000 8 20 1 1.0  211
4000 8 20 2 1.0  211
4000 8 20 3 1.0  211
4000 8 20 4 1.0  211
4000 8 21 1 1.0  -1
4000 8 21 2 1.0  -1
4000 8 21 3 1.0  211
4000 8 21 4 1.0  -1
4000 8 22 1 1.0  211
4000 8 22 2 1.0  211
4000 8 22 3 1.0  211
4000 8 22 4 1.0  211
4000 8 23 1 1.0  211
4000 8 23 2 1.0  211
4000 8 23 3 1.0  211
4000 8 23 4 1.0  35
4000 8 24 1 1.0  211
4000 8 24 2 1.0  211
4000 8 24 3 1.0  211
4000 8 24 4 1.0  211
4000 8 25 1 1.0  211
4000 8 25 2 1.0  211
4000 8 25 3 1.0  211
4000 8 25 4 1.0  211
4500 8 1 1 1.0  211
4500 8 1 2 1.0  211
4500 8 1 3 1.0  211
4500 8 1 4 1.0  211
4500 8 2 1 1.0  211
4500 8 2 2 1.0  211
4500 8 2 3 1.0  211
4500 8 2 4 1.0  211
4500 8 3 1 1.0  211
4500 8 3 2 1.0  211
4500 8 3 3 1.0  211
4500 8 3 4 1.0  211
4500 8 4 1 1.0  211
4500 8 4 2 1.0  211
4500 8 4 3 1.0  48
4500 8 4 4 1.0  211
4500 8 5 1 1.0  211
4500 8 5 2 1.0  211
4500 8 5 3 1.0  211
4500 8 5 4 1.0  211
4500 8 6 1 1.0  39
4500 8 6 2 1.0  211
4500 8 6 3 1.0  211
4500 8 6 4 1.0  211
4500 8 7 1 1.0  211
4500 8 7 2 1.0  211
4500 8 7 3 1.0  211
4500 8 7 4 1.0  211
4500 8 8 1 1.0  211
4500 8 8 2 1.0  211
4500 8 8 3 1.0  211
4500 8 8 4 1.0  211
4500 8 9 1 1.0  211
4500 8 9 2 1.0  211
4500 8 9 3 1.0  211
4500 8 9 4 1.0  211
4500 8 10 1 1.0  211
4500 8 10 2 1.0  211
4500 8 10 3 1.0  211
4500 8 10 4 1.0  211
4500 8 11 1 1.0  211
4500 8 11 2 1.0  211
4500 8 11 3 1.0  211
4500 8 11 4 1.0  48
4500 8 12 1 1.0  211
4500 8 12 2 1.0  211
4500 8 12 3 1.0  211
4500 8 12 4 1.0  211
4500 8 13 1 1.0  211
4500 8 13 2 1.0  211
4500 8 13 3 1.0  211
4500 8 13 4 1.0  211
4500 8 14 1 1.0  211
4500 8 14 2 1.0  211
4500 8 14 3 1.0  35
4500 8 14 4 1.0  211
4500 8 15 1 1.0  211
4500 8 15 2 1.0  211
4500 8 15 3 1.0  211
4500 8 15 4 1.0  211
4500 8 16 1 1.0  211
4500 8 16 2 1.0  211
4500 8 16 3 1.0  211
4500 8 16 4 1.0  211
4500 8 17 1 1.0  211
4500 8 17 2 1.0  211
4500 8 17 3 1.0  211
4500 8 17 4 1.0  211
4500 8 18 1 1.0  211
4500 8 18 2 1.0  211
4500 8 18 3 1.0  211
4500 8 18 4 1.0  211
4500 8 19 1 1.0  211
4500 8 19 2 1.0  211
4500 8 19 3 1.0  211
4500 8 19 4 1.0  211
4500 8 20 1 1.0  211
4500 8 20 2 1.0  211
4500 8 20 3 1.0  211
4500 8 20 4 1.0  211
4500 8 21 1 1.0  211
4500 8 21 2 1.0  211
4500 8 21 3 1.0  211
4500 8 21 4 1.0  211
4500 8 22 1 1.0  211
4500 8 22 2 1.0  211
4500 8 22 3 1.0  211
4500 8 22 4 1.0  211
4500 8 23 1 1.0  -1
4500 8 23 2 1.0  -1
4500 8 23 3 1.0  4
4500 8 23 4 1.0  39
4500 8 24 1 1.0  211
4500 8 24 2 1.0  211
4500 8 24 3 1.0  211
4500 8 24 4 1.0  211
4500 8 25 1 1.0  211
4500 8 25 2 1.0  211
4500 8 25 3 1.0  211
4500 8 25 4 1.0  211
5000 8 1 1 1.0  211
5000 8 1 2 1.0  211
5000 8 1 3 1.0  211
5000 8 1 4 1.0  211
5000 8 2 1 1.0  211
5000 8 2 2 1.0  211
5000 8 2 3 1.0  211
5000 8 2 4 1.0  211
5000 8 3 1 1.0  211
5000 8 3 2 1.0  211
5000 8 3 3 1.0  211
5000 8 3 4 1.0  211
5000 8 4 1 1.0  211
5000 8 4 2 1.0  211
5000 8 4 3 1.0  48
5000 8 4 4 1.0  211
5000 8 5 1 1.0  211
5000 8 5 2 1.0  211
5000 8 5 3 1.0  211
5000 8 5 4 1.0  211
5000 8 6 1 1.0  211
5000 8 6 2 1.0  211
5000 8 6 3 1.0  211
5000 8 6 4 1.0  211
5000 8 7 1 1.0  211
5000 8 7 2 1.0  211
5000 8 7 3 1.0  211
5000 8 7 4 1.0  211
5000 8 8 1 1.0  211
5000 8 8 2 1.0  211
5000 8 8 3 1.0  211
5000 8 8 4 1.0  211
5000 8 9 1 1.0  211
5000 8 9 2 1.0  211
5000 8 9 3 1.0  211
5000 8 9 4 1.0  211
5000 8 10 1 1.0  211
5000 8 10 2 1.0  211
5000 8 10 3 1.0  211
5000 8 10 4 1.0  211
5000 8 11 1 1.0  -1
5000 8 11 2 1.0  -1
5000 8 11 3 1.0  -1
5000 8 11 4 1.0  -1
5000 8 12 1 1.0  211
5000 8 12 2 1.0  211
5000 8 12 3 1.0  211
5000 8 12 4 1.0  211
5000 8 13 1 1.0  211
5000 8 13 2 1.0  211
5000 8 13 3 1.0  211
5000 8 13 4 1.0  211
5000 8 14 1 1.0  211
5000 8 14 2 1.0  211
5000 8 14 3 1.0  211
5000 8 14 4 1.0  211
5000 8 15 1 1.0  211
5000 8 15 2 1.0  211
5000 8 15 3 1.0  211
5000 8 15 4 1.0  211
5000 8 16 1 1.0  211
5000 8 16 2 1.0  211
5000 8 16 3 1.0  211
5000 8 16 4 1.0  211
5000 8 17 1 1.0  211
5000 8 17 2 1.0  211
5000 8 17 3 1.0  211
5000 8 17 4 1.0  211
5000 8 18 1 1.0  211
5000 8 18 2 1.0  211
5000 8 18 3 1.0  211
5000 8 18 4 1.0  211
5000 8 19 1 1.0  211
5000 8 19 2 1.0  211
5000 8 19 3 1.0  211
5000 8 19 4 1.0  211
5000 8 20 1 1.0  211
5000 8 20 2 1.0  211
5000 8 20 3 1.0  211
5000 8 20 4 1.0  211
5000 8 21 1 1.0  211
5000 8 21 2 1.0  211
5000 8 21 3 1.0  211
5000 8 21 4 1.0  211
5000 8 22 1 1.0  211
5000 8 22 2 1.0  211
5000 8 22 3 1.0  211
5000 8 22 4 1.0  211
5000 8 23 1 1.0  211
5000 8 23 2 1.0  211
5000 8 23 3 1.0  211
5000 8 23 4 1.0  211
5000 8 24 1 1.0  211
5000 8 24 2 1.0  211
5000 8 24 3 1.0  211
5000 8 24 4 1.0  211
5000 8 25 1 1.0  211
5000 8 25 2 1.0  211
5000 8 25 3 1.0  211
5000 8 25 4 1.0  211
