500 11 1 1 0.0  -1
500 11 1 2 0.0  -1
500 11 1 3 0.0  7
500 11 1 4 0.0  -1
500 11 2 1 0.0  -1
500 11 2 2 0.0  7
500 11 2 3 0.0  -1
500 11 2 4 0.0  7
500 11 3 1 0.0  5
500 11 3 2 0.0  -1
500 11 3 3 0.0  -1
500 11 3 4 0.0  7
500 11 4 1 0.0  -1
500 11 4 2 0.0  -1
500 11 4 3 0.0  2
500 11 4 4 0.0  7
500 11 5 1 0.0  7
500 11 5 2 0.0  -1
500 11 5 3 0.0  7
500 11 5 4 0.0  3
500 11 6 1 0.0  -1
500 11 6 2 0.0  7
500 11 6 3 0.0  -1
500 11 6 4 0.0  7
500 11 7 1 0.0  -1
500 11 7 2 0.0  7
500 11 7 3 0.0  -1
500 11 7 4 0.0  -1
500 11 8 1 0.0  7
500 11 8 2 0.0  -1
500 11 8 3 0.0  -1
500 11 8 4 0.0  -1
500 11 9 1 0.0  5
500 11 9 2 0.0  7
500 11 9 3 0.0  7
500 11 9 4 0.0  -1
500 11 10 1 0.0  7
500 11 10 2 0.0  -1
500 11 10 3 0.0  -1
500 11 10 4 0.0  -1
500 11 11 1 0.0  7
500 11 11 2 0.0  -1
500 11 11 3 0.0  -1
500 11 11 4 0.0  4
500 11 12 1 0.0  7
500 11 12 2 0.0  -1
500 11 12 3 0.0  -1
500 11 12 4 0.0  -1
500 11 13 1 0.0  -1
500 11 13 2 0.0  7
500 11 13 3 0.0  5
500 11 13 4 0.0  4
500 11 14 1 0.0  -1
500 11 14 2 0.0  -1
500 11 14 3 0.0  -1
500 11 14 4 0.0  7
500 11 15 1 0.0  -1
500 11 15 2 0.0  7
500 11 15 3 0.0  -1
500 11 15 4 0.0  -1
500 11 16 1 0.0  7
500 11 16 2 0.0  -1
500 11 16 3 0.0  -1
500 11 16 4 0.0  3
500 11 17 1 0.0  5
500 11 17 2 0.0  7
500 11 17 3 0.0  -1
500 11 17 4 0.0  -1
500 11 18 1 0.0  -1
500 11 18 2 0.0  -1
500 11 18 3 0.0  7
500 11 18 4 0.0  7
500 11 19 1 0.0  -1
500 11 19 2 0.0  -1
500 11 19 3 0.0  -1
500 11 19 4 0.0  7
500 11 20 1 0.0  -1
500 11 20 2 0.0  -1
500 11 20 3 0.0  7
500 11 20 4 0.0  -1
500 11 21 1 0.0  5
500 11 21 2 0.0  4
500 11 21 3 0.0  -1
500 11 21 4 0.0  -1
500 11 22 1 0.0  2
500 11 22 2 0.0  7
500 11 22 3 0.0  -1
500 11 22 4 0.0  -1
500 11 23 1 0.0  7
500 11 23 2 0.0  -1
500 11 23 3 0.0  -1
500 11 23 4 0.0  -1
500 11 24 1 0.0  -1
500 11 24 2 0.0  -1
500 11 24 3 0.0  7
500 11 24 4 0.0  -1
500 11 25 1 0.0  -1
500 11 25 2 0.0  -1
500 11 25 3 0.0  7
500 11 25 4 0.0  -1
1000 11 1 1 0.0  -1
1000 11 1 2 0.0  8
1000 11 1 3 0.0  -1
1000 11 1 4 0.0  -1
1000 11 2 1 0.0  2
1000 11 2 2 0.0  -1
1000 11 2 3 0.0  3
1000 11 2 4 0.0  13
1000 11 3 1 0.0  8
1000 11 3 2 0.0  -1
1000 11 3 3 0.0  -1
1000 11 3 4 0.0  -1
1000 11 4 1 0.0  -1
1000 11 4 2 0.0  8
1000 11 4 3 0.0  1
1000 11 4 4 0.0  2
1000 11 5 1 0.0  -1
1000 11 5 2 0.0  3
1000 11 5 3 0.0  8
1000 11 5 4 0.0  -1
1000 11 6 1 0.0  13
1000 11 6 2 0.0  -1
1000 11 6 3 0.0  2
1000 11 6 4 0.0  -1
1000 11 7 1 0.0  -1
1000 11 7 2 0.0  7
1000 11 7 3 0.0  -1
1000 11 7 4 0.0  -1
1000 11 8 1 0.0  2
1000 11 8 2 0.0  2
1000 11 8 3 0.0  13
1000 11 8 4 0.0  -1
1000 11 9 1 0.0  -1
1000 11 9 2 0.0  -1
1000 11 9 3 0.0  5
1000 11 9 4 0.0  8
1000 11 10 1 0.0  2
1000 11 10 2 0.0  13
1000 11 10 3 0.0  8
1000 11 10 4 0.0  -1
1000 11 11 1 0.0  -1
1000 11 11 2 0.0  -1
1000 11 11 3 0.0  2
1000 11 11 4 0.0  13
1000 11 12 1 0.0  -1
1000 11 12 2 0.0  -1
1000 11 12 3 0.0  13
1000 11 12 4 0.0  8
1000 11 13 1 0.0  -1
1000 11 13 2 0.0  -1
1000 11 13 3 0.0  8
1000 11 13 4 0.0  5
1000 11 14 1 0.0  -1
1000 11 14 2 0.0  8
1000 11 14 3 0.0  -1
1000 11 14 4 0.0  -1
1000 11 15 1 0.0  3
1000 11 15 2 0.0  8
1000 11 15 3 0.0  13
1000 11 15 4 0.0  3
1000 11 16 1 0.0  -1
1000 11 16 2 0.0  13
1000 11 16 3 0.0  2
1000 11 16 4 0.0  -1
1000 11 17 1 0.0  2
1000 11 17 2 0.0  8
1000 11 17 3 0.0  -1
1000 11 17 4 0.0  2
1000 11 18 1 0.0  -1
1000 11 18 2 0.0  -1
1000 11 18 3 0.0  13
1000 11 18 4 0.0  -1
1000 11 19 1 0.0  -1
1000 11 19 2 0.0  8
1000 11 19 3 0.0  2
1000 11 19 4 0.0  5
1000 11 20 1 0.0  -1
1000 11 20 2 0.0  8
1000 11 20 3 0.0  -1
1000 11 20 4 0.0  -1
1000 11 21 1 0.0  13
1000 11 21 2 0.0  2
1000 11 21 3 0.0  2
1000 11 21 4 0.0  -1
1000 11 22 1 0.0  5
1000 11 22 2 0.0  8
1000 11 22 3 0.0  8
1000 11 22 4 0.0  -1
1000 11 23 1 0.0  -1
1000 11 23 2 0.0  8
1000 11 23 3 0.0  -1
1000 11 23 4 0.0  9
1000 11 24 1 0.0  -1
1000 11 24 2 0.0  8
1000 11 24 3 0.0  -1
1000 11 24 4 0.0  -1
1000 11 25 1 0.0  8
1000 11 25 2 0.0  4
1000 11 25 3 0.0  -1
1000 11 25 4 0.0  -1
1500 11 1 1 0.0  5
1500 11 1 2 0.0  -1
1500 11 1 3 0.0  35
1500 11 1 4 0.0  2
1500 11 2 1 0.0  35
1500 11 2 2 0.0  -1
1500 11 2 3 0.0  2
1500 11 2 4 0.0  11
1500 11 3 1 0.0  35
1500 11 3 2 0.0  -1
1500 11 3 3 0.0  -1
1500 11 3 4 0.0  -1
1500 11 4 1 0.0  7
1500 11 4 2 0.0  35
1500 11 4 3 0.0  4
1500 11 4 4 0.0  -1
1500 11 5 1 0.0  -1
1500 11 5 2 0.0  9
1500 11 5 3 0.0  35
1500 11 5 4 0.0  2
1500 11 6 1 0.0  -1
1500 11 6 2 0.0  35
1500 11 6 3 0.0  -1
1500 11 6 4 0.0  -1
1500 11 7 1 0.0  6
1500 11 7 2 0.0  35
1500 11 7 3 0.0  5
1500 11 7 4 0.0  2
1500 11 8 1 0.0  2
1500 11 8 2 0.0  5
1500 11 8 3 0.0  26
1500 11 8 4 0.0  35
1500 11 9 1 0.0  -1
1500 11 9 2 0.0  -1
1500 11 9 3 0.0  35
1500 11 9 4 0.0  -1
1500 11 10 1 0.0  8
1500 11 10 2 0.0  2
1500 11 10 3 0.0  35
1500 11 10 4 0.0  2
1500 11 11 1 0.0  2
1500 11 11 2 0.0  11
1500 11 11 3 0.0  35
1500 11 11 4 0.0  35
1500 11 12 1 0.0  35
1500 11 12 2 0.0  2
1500 11 12 3 0.0  9
1500 11 12 4 0.0  -1
1500 11 13 1 0.0  35
1500 11 13 2 0.0  2
1500 11 13 3 0.0  2
1500 11 13 4 0.0  -1
1500 11 14 1 0.0  -1
1500 11 14 2 0.0  35
1500 11 14 3 0.0  35
1500 11 14 4 0.0  -1
1500 11 15 1 0.0  5
1500 11 15 2 0.0  35
1500 11 15 3 0.0  8
1500 11 15 4 0.0  2
1500 11 16 1 0.0  2
1500 11 16 2 0.0  35
1500 11 16 3 0.0  8
1500 11 16 4 0.0  2
1500 11 17 1 0.0  2
1500 11 17 2 0.0  -1
1500 11 17 3 0.0  35
1500 11 17 4 0.0  2
1500 11 18 1 0.0  35
1500 11 18 2 0.0  -1
1500 11 18 3 0.0  -1
1500 11 18 4 0.0  -1
1500 11 19 1 0.0  35
1500 11 19 2 0.0  5
1500 11 19 3 0.0  -1
1500 11 19 4 0.0  -1
1500 11 20 1 0.0  -1
1500 11 20 2 0.0  2
1500 11 20 3 0.0  -1
1500 11 20 4 0.0  9
1500 11 21 1 0.0  35
1500 11 21 2 0.0  -1
1500 11 21 3 0.0  -1
1500 11 21 4 0.0  -1
1500 11 22 1 0.0  -1
1500 11 22 2 0.0  -1
1500 11 22 3 0.0  35
1500 11 22 4 0.0  2
1500 11 23 1 0.0  35
1500 11 23 2 0.0  -1
1500 11 23 3 0.0  -1
1500 11 23 4 0.0  -1
1500 11 24 1 0.0  8
1500 11 24 2 0.0  2
1500 11 24 3 0.0  35
1500 11 24 4 0.0  2
1500 11 25 1 0.0  2
1500 11 25 2 0.0  -1
1500 11 25 3 0.0  35
1500 11 25 4 0.0  2
2000 11 1 1 0.0  -1
2000 11 1 2 0.0  5
2000 11 1 3 0.0  51
2000 11 1 4 0.0  5
2000 11 2 1 0.0  3
2000 11 2 2 0.0  6
2000 11 2 3 0.0  3
2000 11 2 4 0.0  51
2000 11 3 1 0.0  51
2000 11 3 2 0.0  9
2000 11 3 3 0.0  5
2000 11 3 4 0.0  -1
2000 11 4 1 0.0  51
2000 11 4 2 0.0  2
2000 11 4 3 0.0  -1
2000 11 4 4 0.0  5
2000 11 5 1 0.0  -1
2000 11 5 2 0.0  -1
2000 11 5 3 0.0  -1
2000 11 5 4 0.0  -1
2000 11 6 1 0.0  51
2000 11 6 2 0.0  3
2000 11 6 3 0.0  -1
2000 11 6 4 0.0  -1
2000 11 7 1 0.0  -1
2000 11 7 2 0.0  -1
2000 11 7 3 0.0  51
2000 11 7 4 0.0  5
2000 11 8 1 0.0  -1
2000 11 8 2 0.0  6
2000 11 8 3 0.0  -1
2000 11 8 4 0.0  51
2000 11 9 1 0.0  9
2000 11 9 2 0.0  51
2000 11 9 3 0.0  9
2000 11 9 4 0.0  51
2000 11 10 1 0.0  10
2000 11 10 2 0.0  51
2000 11 10 3 0.0  -1
2000 11 10 4 0.0  -1
2000 11 11 1 0.0  51
2000 11 11 2 0.0  -1
2000 11 11 3 0.0  -1
2000 11 11 4 0.0  5
2000 11 12 1 0.0  51
2000 11 12 2 0.0  2
2000 11 12 3 0.0  5
2000 11 12 4 0.0  -1
2000 11 13 1 0.0  -1
2000 11 13 2 0.0  10
2000 11 13 3 0.0  -1
2000 11 13 4 0.0  51
2000 11 14 1 0.0  2
2000 11 14 2 0.0  51
2000 11 14 3 0.0  2
2000 11 14 4 0.0  2
2000 11 15 1 0.0  51
2000 11 15 2 0.0  -1
2000 11 15 3 0.0  5
2000 11 15 4 0.0  -1
2000 11 16 1 0.0  -1
2000 11 16 2 0.0  10
2000 11 16 3 0.0  51
2000 11 16 4 0.0  9
2000 11 17 1 0.0  -1
2000 11 17 2 0.0  51
2000 11 17 3 0.0  -1
2000 11 17 4 0.0  -1
2000 11 18 1 0.0  -1
2000 11 18 2 0.0  51
2000 11 18 3 0.0  8
2000 11 18 4 0.0  51
2000 11 19 1 0.0  5
2000 11 19 2 0.0  -1
2000 11 19 3 0.0  -1
2000 11 19 4 0.0  51
2000 11 20 1 0.0  51
2000 11 20 2 0.0  -1
2000 11 20 3 0.0  -1
2000 11 20 4 0.0  5
2000 11 21 1 0.0  51
2000 11 21 2 0.0  5
2000 11 21 3 0.0  -1
2000 11 21 4 0.0  9
2000 11 22 1 0.0  -1
2000 11 22 2 0.0  35
2000 11 22 3 0.0  -1
2000 11 22 4 0.0  51
2000 11 23 1 0.0  35
2000 11 23 2 0.0  -1
2000 11 23 3 0.0  -1
2000 11 23 4 0.0  51
2000 11 24 1 0.0  -1
2000 11 24 2 0.0  -1
2000 11 24 3 0.0  -1
2000 11 24 4 0.0  51
2000 11 25 1 0.0  5
2000 11 25 2 0.0  9
2000 11 25 3 0.0  51
2000 11 25 4 0.0  10
2500 11 1 1 0.0  -1
2500 11 1 2 0.0  -1
2500 11 1 3 0.0  8
2500 11 1 4 0.0  51
2500 11 2 1 0.0  -1
2500 11 2 2 0.0  51
2500 11 2 3 0.0  -1
2500 11 2 4 0.0  51
2500 11 3 1 0.0  2
2500 11 3 2 0.0  2
2500 11 3 3 0.0  2
2500 11 3 4 0.0  51
2500 11 4 1 0.0  -1
2500 11 4 2 0.0  51
2500 11 4 3 0.0  -1
2500 11 4 4 0.0  -1
2500 11 5 1 0.0  51
2500 11 5 2 0.0  -1
2500 11 5 3 0.0  51
2500 11 5 4 0.0  2
2500 11 6 1 0.0  2
2500 11 6 2 0.0  2
2500 11 6 3 0.0  2
2500 11 6 4 0.0  51
2500 11 7 1 0.0  2
2500 11 7 2 0.0  2
2500 11 7 3 0.0  -1
2500 11 7 4 0.0  51
2500 11 8 1 0.0  -1
2500 11 8 2 0.0  51
2500 11 8 3 0.0  -1
2500 11 8 4 0.0  -1
2500 11 9 1 0.0  -1
2500 11 9 2 0.0  -1
2500 11 9 3 0.0  51
2500 11 9 4 0.0  2
2500 11 10 1 0.0  -1
2500 11 10 2 0.0  12
2500 11 10 3 0.0  -1
2500 11 10 4 0.0  51
2500 11 11 1 0.0  51
2500 11 11 2 0.0  1
2500 11 11 3 0.0  -1
2500 11 11 4 0.0  2
2500 11 12 1 0.0  51
2500 11 12 2 0.0  2
2500 11 12 3 0.0  2
2500 11 12 4 0.0  2
2500 11 13 1 0.0  -1
2500 11 13 2 0.0  51
2500 11 13 3 0.0  -1
2500 11 13 4 0.0  5
2500 11 14 1 0.0  -1
2500 11 14 2 0.0  -1
2500 11 14 3 0.0  -1
2500 11 14 4 0.0  -1
2500 11 15 1 0.0  51
2500 11 15 2 0.0  2
2500 11 15 3 0.0  -1
2500 11 15 4 0.0  -1
2500 11 16 1 0.0  -1
2500 11 16 2 0.0  9
2500 11 16 3 0.0  51
2500 11 16 4 0.0  -1
2500 11 17 1 0.0  -1
2500 11 17 2 0.0  -1
2500 11 17 3 0.0  51
2500 11 17 4 0.0  9
2500 11 18 1 0.0  -1
2500 11 18 2 0.0  -1
2500 11 18 3 0.0  -1
2500 11 18 4 0.0  51
2500 11 19 1 0.0  2
2500 11 19 2 0.0  51
2500 11 19 3 0.0  -1
2500 11 19 4 0.0  51
2500 11 20 1 0.0  -1
2500 11 20 2 0.0  2
2500 11 20 3 0.0  51
2500 11 20 4 0.0  -1
2500 11 21 1 0.0  51
2500 11 21 2 0.0  -1
2500 11 21 3 0.0  7
2500 11 21 4 0.0  -1
2500 11 22 1 0.0  51
2500 11 22 2 0.0  -1
2500 11 22 3 0.0  -1
2500 11 22 4 0.0  -1
2500 11 23 1 0.0  2
2500 11 23 2 0.0  2
2500 11 23 3 0.0  -1
2500 11 23 4 0.0  51
2500 11 24 1 0.0  -1
2500 11 24 2 0.0  5
2500 11 24 3 0.0  2
2500 11 24 4 0.0  51
2500 11 25 1 0.0  51
2500 11 25 2 0.0  2
2500 11 25 3 0.0  2
2500 11 25 4 0.0  2
3000 11 1 1 0.0  -1
3000 11 1 2 0.0  53
3000 11 1 3 0.0  -1
3000 11 1 4 0.0  2
3000 11 2 1 0.0  -1
3000 11 2 2 0.0  -1
3000 11 2 3 0.0  53
3000 11 2 4 0.0  -1
3000 11 3 1 0.0  53
3000 11 3 2 0.0  -1
3000 11 3 3 0.0  -1
3000 11 3 4 0.0  -1
3000 11 4 1 0.0  -1
3000 11 4 2 0.0  -1
3000 11 4 3 0.0  53
3000 11 4 4 0.0  -1
3000 11 5 1 0.0  -1
3000 11 5 2 0.0  -1
3000 11 5 3 0.0  -1
3000 11 5 4 0.0  53
3000 11 6 1 0.0  2
3000 11 6 2 0.0  -1
3000 11 6 3 0.0  53
3000 11 6 4 0.0  1
3000 11 7 1 0.0  -1
3000 11 7 2 0.0  -1
3000 11 7 3 0.0  53
3000 11 7 4 0.0  23
3000 11 8 1 0.0  -1
3000 11 8 2 0.0  14
3000 11 8 3 0.0  53
3000 11 8 4 0.0  -1
3000 11 9 1 0.0  -1
3000 11 9 2 0.0  -1
3000 11 9 3 0.0  53
3000 11 9 4 0.0  2
3000 11 10 1 0.0  -1
3000 11 10 2 0.0  -1
3000 11 10 3 0.0  -1
3000 11 10 4 0.0  53
3000 11 11 1 0.0  53
3000 11 11 2 0.0  -1
3000 11 11 3 0.0  53
3000 11 11 4 0.0  53
3000 11 12 1 0.0  -1
3000 11 12 2 0.0  53
3000 11 12 3 0.0  2
3000 11 12 4 0.0  -1
3000 11 13 1 0.0  2
3000 11 13 2 0.0  53
3000 11 13 3 0.0  2
3000 11 13 4 0.0  -1
3000 11 14 1 0.0  -1
3000 11 14 2 0.0  53
3000 11 14 3 0.0  49
3000 11 14 4 0.0  7
3000 11 15 1 0.0  53
3000 11 15 2 0.0  10
3000 11 15 3 0.0  2
3000 11 15 4 0.0  2
3000 11 16 1 0.0  -1
3000 11 16 2 0.0  -1
3000 11 16 3 0.0  -1
3000 11 16 4 0.0  53
3000 11 17 1 0.0  -1
3000 11 17 2 0.0  -1
3000 11 17 3 0.0  -1
3000 11 17 4 0.0  -1
3000 11 18 1 0.0  8
3000 11 18 2 0.0  17
3000 11 18 3 0.0  2
3000 11 18 4 0.0  53
3000 11 19 1 0.0  53
3000 11 19 2 0.0  -1
3000 11 19 3 0.0  -1
3000 11 19 4 0.0  -1
3000 11 20 1 0.0  -1
3000 11 20 2 0.0  -1
3000 11 20 3 0.0  -1
3000 11 20 4 0.0  53
3000 11 21 1 0.0  5
3000 11 21 2 0.0  -1
3000 11 21 3 0.0  10
3000 11 21 4 0.0  53
3000 11 22 1 0.0  -1
3000 11 22 2 0.0  2
3000 11 22 3 0.0  7
3000 11 22 4 0.0  53
3000 11 23 1 0.0  -1
3000 11 23 2 0.0  53
3000 11 23 3 0.0  5
3000 11 23 4 0.0  -1
3000 11 24 1 0.0  -1
3000 11 24 2 0.0  2
3000 11 24 3 0.0  53
3000 11 24 4 0.0  -1
3000 11 25 1 0.0  -1
3000 11 25 2 0.0  -1
3000 11 25 3 0.0  -1
3000 11 25 4 0.0  53
3500 11 1 1 0.0  -1
3500 11 1 2 0.0  53
3500 11 1 3 0.0  -1
3500 11 1 4 0.0  -1
3500 11 2 1 0.0  7
3500 11 2 2 0.0  -1
3500 11 2 3 0.0  7
3500 11 2 4 0.0  53
3500 11 3 1 0.0  -1
3500 11 3 2 0.0  25
3500 11 3 3 0.0  -1
3500 11 3 4 0.0  53
3500 11 4 1 0.0  2
3500 11 4 2 0.0  5
3500 11 4 3 0.0  -1
3500 11 4 4 0.0  53
3500 11 5 1 0.0  53
3500 11 5 2 0.0  -1
3500 11 5 3 0.0  6
3500 11 5 4 0.0  -1
3500 11 6 1 0.0  -1
3500 11 6 2 0.0  -1
3500 11 6 3 0.0  -1
3500 11 6 4 0.0  3
3500 11 7 1 0.0  -1
3500 11 7 2 0.0  -1
3500 11 7 3 0.0  53
3500 11 7 4 0.0  -1
3500 11 8 1 0.0  -1
3500 11 8 2 0.0  3
3500 11 8 3 0.0  3
3500 11 8 4 0.0  53
3500 11 9 1 0.0  -1
3500 11 9 2 0.0  -1
3500 11 9 3 0.0  53
3500 11 9 4 0.0  -1
3500 11 10 1 0.0  -1
3500 11 10 2 0.0  53
3500 11 10 3 0.0  7
3500 11 10 4 0.0  -1
3500 11 11 1 0.0  7
3500 11 11 2 0.0  -1
3500 11 11 3 0.0  -1
3500 11 11 4 0.0  53
3500 11 12 1 0.0  -1
3500 11 12 2 0.0  3
3500 11 12 3 0.0  -1
3500 11 12 4 0.0  53
3500 11 13 1 0.0  -1
3500 11 13 2 0.0  5
3500 11 13 3 0.0  -1
3500 11 13 4 0.0  53
3500 11 14 1 0.0  53
3500 11 14 2 0.0  -1
3500 11 14 3 0.0  -1
3500 11 14 4 0.0  2
3500 11 15 1 0.0  -1
3500 11 15 2 0.0  -1
3500 11 15 3 0.0  2
3500 11 15 4 0.0  53
3500 11 16 1 0.0  -1
3500 11 16 2 0.0  -1
3500 11 16 3 0.0  -1
3500 11 16 4 0.0  53
3500 11 17 1 0.0  -1
3500 11 17 2 0.0  53
3500 11 17 3 0.0  4
3500 11 17 4 0.0  -1
3500 11 18 1 0.0  53
3500 11 18 2 0.0  53
3500 11 18 3 0.0  -1
3500 11 18 4 0.0  -1
3500 11 19 1 0.0  53
3500 11 19 2 0.0  -1
3500 11 19 3 0.0  -1
3500 11 19 4 0.0  -1
3500 11 20 1 0.0  -1
3500 11 20 2 0.0  53
3500 11 20 3 0.0  -1
3500 11 20 4 0.0  -1
3500 11 21 1 0.0  -1
3500 11 21 2 0.0  53
3500 11 21 3 0.0  -1
3500 11 21 4 0.0  -1
3500 11 22 1 0.0  -1
3500 11 22 2 0.0  -1
3500 11 22 3 0.0  -1
3500 11 22 4 0.0  53
3500 11 23 1 0.0  -1
3500 11 23 2 0.0  -1
3500 11 23 3 0.0  53
3500 11 23 4 0.0  -1
3500 11 24 1 0.0  -1
3500 11 24 2 0.0  2
3500 11 24 3 0.0  -1
3500 11 24 4 0.0  53
3500 11 25 1 0.0  7
3500 11 25 2 0.0  -1
3500 11 25 3 0.0  -1
3500 11 25 4 0.0  53
4000 11 1 1 0.0  5
4000 11 1 2 0.0  53
4000 11 1 3 0.0  2
4000 11 1 4 0.0  -1
4000 11 2 1 0.0  53
4000 11 2 2 0.0  -1
4000 11 2 3 0.0  -1
4000 11 2 4 0.0  -1
4000 11 3 1 0.0  53
4000 11 3 2 0.0  -1
4000 11 3 3 0.0  -1
4000 11 3 4 0.0  -1
4000 11 4 1 0.0  2
4000 11 4 2 0.0  5
4000 11 4 3 0.0  -1
4000 11 4 4 0.0  53
4000 11 5 1 0.0  -1
4000 11 5 2 0.0  -1
4000 11 5 3 0.0  53
4000 11 5 4 0.0  -1
4000 11 6 1 0.0  -1
4000 11 6 2 0.0  -1
4000 11 6 3 0.0  -1
4000 11 6 4 0.0  53
4000 11 7 1 0.0  2
4000 11 7 2 0.0  2
4000 11 7 3 0.0  2
4000 11 7 4 0.0  53
4000 11 8 1 0.0  53
4000 11 8 2 0.0  -1
4000 11 8 3 0.0  -1
4000 11 8 4 0.0  -1
4000 11 9 1 0.0  53
4000 11 9 2 0.0  -1
4000 11 9 3 0.0  -1
4000 11 9 4 0.0  -1
4000 11 10 1 0.0  -1
4000 11 10 2 0.0  53
4000 11 10 3 0.0  -1
4000 11 10 4 0.0  -1
4000 11 11 1 0.0  53
4000 11 11 2 0.0  -1
4000 11 11 3 0.0  -1
4000 11 11 4 0.0  -1
4000 11 12 1 0.0  17
4000 11 12 2 0.0  2
4000 11 12 3 0.0  53
4000 11 12 4 0.0  2
4000 11 13 1 0.0  -1
4000 11 13 2 0.0  -1
4000 11 13 3 0.0  11
4000 11 13 4 0.0  53
4000 11 14 1 0.0  8
4000 11 14 2 0.0  -1
4000 11 14 3 0.0  53
4000 11 14 4 0.0  -1
4000 11 15 1 0.0  -1
4000 11 15 2 0.0  -1
4000 11 15 3 0.0  53
4000 11 15 4 0.0  -1
4000 11 16 1 0.0  2
4000 11 16 2 0.0  -1
4000 11 16 3 0.0  -1
4000 11 16 4 0.0  53
4000 11 17 1 0.0  -1
4000 11 17 2 0.0  -1
4000 11 17 3 0.0  -1
4000 11 17 4 0.0  53
4000 11 18 1 0.0  6
4000 11 18 2 0.0  7
4000 11 18 3 0.0  53
4000 11 18 4 0.0  -1
4000 11 19 1 0.0  -1
4000 11 19 2 0.0  53
4000 11 19 3 0.0  -1
4000 11 19 4 0.0  -1
4000 11 20 1 0.0  -1
4000 11 20 2 0.0  2
4000 11 20 3 0.0  53
4000 11 20 4 0.0  -1
4000 11 21 1 0.0  -1
4000 11 21 2 0.0  53
4000 11 21 3 0.0  -1
4000 11 21 4 0.0  -1
4000 11 22 1 0.0  -1
4000 11 22 2 0.0  53
4000 11 22 3 0.0  34
4000 11 22 4 0.0  21
4000 11 23 1 0.0  2
4000 11 23 2 0.0  53
4000 11 23 3 0.0  -1
4000 11 23 4 0.0  -1
4000 11 24 1 0.0  53
4000 11 24 2 0.0  -1
4000 11 24 3 0.0  2
4000 11 24 4 0.0  2
4000 11 25 1 0.0  53
4000 11 25 2 0.0  -1
4000 11 25 3 0.0  -1
4000 11 25 4 0.0  -1
4500 11 1 1 0.0  3
4500 11 1 2 0.0  5
4500 11 1 3 0.0  53
4500 11 1 4 0.0  -1
4500 11 2 1 0.0  21
4500 11 2 2 0.0  -1
4500 11 2 3 0.0  53
4500 11 2 4 0.0  -1
4500 11 3 1 0.0  -1
4500 11 3 2 0.0  -1
4500 11 3 3 0.0  53
4500 11 3 4 0.0  -1
4500 11 4 1 0.0  3
4500 11 4 2 0.0  53
4500 11 4 3 0.0  -1
4500 11 4 4 0.0  -1
4500 11 5 1 0.0  -1
4500 11 5 2 0.0  -1
4500 11 5 3 0.0  53
4500 11 5 4 0.0  -1
4500 11 6 1 0.0  -1
4500 11 6 2 0.0  -1
4500 11 6 3 0.0  -1
4500 11 6 4 0.0  53
4500 11 7 1 0.0  53
4500 11 7 2 0.0  -1
4500 11 7 3 0.0  -1
4500 11 7 4 0.0  -1
4500 11 8 1 0.0  53
4500 11 8 2 0.0  -1
4500 11 8 3 0.0  -1
4500 11 8 4 0.0  2
4500 11 9 1 0.0  53
4500 11 9 2 0.0  -1
4500 11 9 3 0.0  -1
4500 11 9 4 0.0  -1
4500 11 10 1 0.0  7
4500 11 10 2 0.0  -1
4500 11 10 3 0.0  53
4500 11 10 4 0.0  34
4500 11 11 1 0.0  -1
4500 11 11 2 0.0  7
4500 11 11 3 0.0  -1
4500 11 11 4 0.0  53
4500 11 12 1 0.0  -1
4500 11 12 2 0.0  53
4500 11 12 3 0.0  -1
4500 11 12 4 0.0  -1
4500 11 13 1 0.0  -1
4500 11 13 2 0.0  -1
4500 11 13 3 0.0  53
4500 11 13 4 0.0  -1
4500 11 14 1 0.0  53
4500 11 14 2 0.0  6
4500 11 14 3 0.0  -1
4500 11 14 4 0.0  -1
4500 11 15 1 0.0  53
4500 11 15 2 0.0  -1
4500 11 15 3 0.0  -1
4500 11 15 4 0.0  -1
4500 11 16 1 0.0  -1
4500 11 16 2 0.0  -1
4500 11 16 3 0.0  -1
4500 11 16 4 0.0  -1
4500 11 17 1 0.0  -1
4500 11 17 2 0.0  -1
4500 11 17 3 0.0  -1
4500 11 17 4 0.0  53
4500 11 18 1 0.0  2
4500 11 18 2 0.0  -1
4500 11 18 3 0.0  7
4500 11 18 4 0.0  53
4500 11 19 1 0.0  -1
4500 11 19 2 0.0  53
4500 11 19 3 0.0  -1
4500 11 19 4 0.0  -1
4500 11 20 1 0.0  -1
4500 11 20 2 0.0  2
4500 11 20 3 0.0  53
4500 11 20 4 0.0  -1
4500 11 21 1 0.0  -1
4500 11 21 2 0.0  -1
4500 11 21 3 0.0  -1
4500 11 21 4 0.0  53
4500 11 22 1 0.0  -1
4500 11 22 2 0.0  53
4500 11 22 3 0.0  -1
4500 11 22 4 0.0  -1
4500 11 23 1 0.0  2
4500 11 23 2 0.0  53
4500 11 23 3 0.0  -1
4500 11 23 4 0.0  -1
4500 11 24 1 0.0  53
4500 11 24 2 0.0  -1
4500 11 24 3 0.0  -1
4500 11 24 4 0.0  -1
4500 11 25 1 0.0  -1
4500 11 25 2 0.0  -1
4500 11 25 3 0.0  -1
4500 11 25 4 0.0  53
5000 11 1 1 0.0  5
5000 11 1 2 0.0  -1
5000 11 1 3 0.0  53
5000 11 1 4 0.0  -1
5000 11 2 1 0.0  -1
5000 11 2 2 0.0  -1
5000 11 2 3 0.0  5
5000 11 2 4 0.0  53
5000 11 3 1 0.0  53
5000 11 3 2 0.0  -1
5000 11 3 3 0.0  5
5000 11 3 4 0.0  -1
5000 11 4 1 0.0  -1
5000 11 4 2 0.0  -1
5000 11 4 3 0.0  -1
5000 11 4 4 0.0  53
5000 11 5 1 0.0  3
5000 11 5 2 0.0  -1
5000 11 5 3 0.0  53
5000 11 5 4 0.0  -1
5000 11 6 1 0.0  -1
5000 11 6 2 0.0  -1
5000 11 6 3 0.0  -1
5000 11 6 4 0.0  53
5000 11 7 1 0.0  -1
5000 11 7 2 0.0  -1
5000 11 7 3 0.0  -1
5000 11 7 4 0.0  53
5000 11 8 1 0.0  -1
5000 11 8 2 0.0  53
5000 11 8 3 0.0  53
5000 11 8 4 0.0  -1
5000 11 9 1 0.0  53
5000 11 9 2 0.0  -1
5000 11 9 3 0.0  -1
5000 11 9 4 0.0  -1
5000 11 10 1 0.0  -1
5000 11 10 2 0.0  -1
5000 11 10 3 0.0  -1
5000 11 10 4 0.0  53
5000 11 11 1 0.0  -1
5000 11 11 2 0.0  53
5000 11 11 3 0.0  -1
5000 11 11 4 0.0  -1
5000 11 12 1 0.0  -1
5000 11 12 2 0.0  53
5000 11 12 3 0.0  -1
5000 11 12 4 0.0  -1
5000 11 13 1 0.0  5
5000 11 13 2 0.0  -1
5000 11 13 3 0.0  -1
5000 11 13 4 0.0  53
5000 11 14 1 0.0  -1
5000 11 14 2 0.0  53
5000 11 14 3 0.0  -1
5000 11 14 4 0.0  -1
5000 11 15 1 0.0  -1
5000 11 15 2 0.0  -1
5000 11 15 3 0.0  53
5000 11 15 4 0.0  7
5000 11 16 1 0.0  -1
5000 11 16 2 0.0  3
5000 11 16 3 0.0  -1
5000 11 16 4 0.0  53
5000 11 17 1 0.0  -1
5000 11 17 2 0.0  53
5000 11 17 3 0.0  2
5000 11 17 4 0.0  -1
5000 11 18 1 0.0  -1
5000 11 18 2 0.0  -1
5000 11 18 3 0.0  53
5000 11 18 4 0.0  -1
5000 11 19 1 0.0  -1
5000 11 19 2 0.0  5
5000 11 19 3 0.0  -1
5000 11 19 4 0.0  5
5000 11 20 1 0.0  -1
5000 11 20 2 0.0  -1
5000 11 20 3 0.0  7
5000 11 20 4 0.0  53
5000 11 21 1 0.0  53
5000 11 21 2 0.0  -1
5000 11 21 3 0.0  8
5000 11 21 4 0.0  -1
5000 11 22 1 0.0  53
5000 11 22 2 0.0  -1
5000 11 22 3 0.0  -1
5000 11 22 4 0.0  -1
5000 11 23 1 0.0  8
5000 11 23 2 0.0  53
5000 11 23 3 0.0  -1
5000 11 23 4 0.0  -1
5000 11 24 1 0.0  25
5000 11 24 2 0.0  -1
5000 11 24 3 0.0  -1
5000 11 24 4 0.0  53
5000 11 25 1 0.0  -1
5000 11 25 2 0.0  -1
5000 11 25 3 0.0  -1
5000 11 25 4 0.0  53
500 12 1 1 0.0  -1
500 12 1 2 0.0  -1
500 12 1 3 0.0  14
500 12 1 4 0.0  8
500 12 2 1 0.0  -1
500 12 2 2 0.0  -1
500 12 2 3 0.0  14
500 12 2 4 0.0  -1
500 12 3 1 0.0  20
500 12 3 2 0.0  -1
500 12 3 3 0.0  -1
500 12 3 4 0.0  -1
500 12 4 1 0.0  12
500 12 4 2 0.0  14
500 12 4 3 0.0  14
500 12 4 4 0.0  -1
500 12 5 1 0.0  -1
500 12 5 2 0.0  -1
500 12 5 3 0.0  14
500 12 5 4 0.0  5
500 12 6 1 0.0  -1
500 12 6 2 0.0  -1
500 12 6 3 0.0  16
500 12 6 4 0.0  -1
500 12 7 1 0.0  -1
500 12 7 2 0.0  -1
500 12 7 3 0.0  14
500 12 7 4 0.0  14
500 12 8 1 0.0  -1
500 12 8 2 0.0  -1
500 12 8 3 0.0  20
500 12 8 4 0.0  20
500 12 9 1 0.0  -1
500 12 9 2 0.0  14
500 12 9 3 0.0  -1
500 12 9 4 0.0  -1
500 12 10 1 0.0  -1
500 12 10 2 0.0  -1
500 12 10 3 0.0  -1
500 12 10 4 0.0  20
500 12 11 1 0.0  20
500 12 11 2 0.0  -1
500 12 11 3 0.0  9
500 12 11 4 0.0  -1
500 12 12 1 0.0  -1
500 12 12 2 0.0  15
500 12 12 3 0.0  5
500 12 12 4 0.0  -1
500 12 13 1 0.0  10
500 12 13 2 0.0  20
500 12 13 3 0.0  -1
500 12 13 4 0.0  -1
500 12 14 1 0.0  11
500 12 14 2 0.0  14
500 12 14 3 0.0  -1
500 12 14 4 0.0  -1
500 12 15 1 0.0  14
500 12 15 2 0.0  -1
500 12 15 3 0.0  -1
500 12 15 4 0.0  -1
500 12 16 1 0.0  7
500 12 16 2 0.0  -1
500 12 16 3 0.0  20
500 12 16 4 0.0  -1
500 12 17 1 0.0  -1
500 12 17 2 0.0  -1
500 12 17 3 0.0  3
500 12 17 4 0.0  20
500 12 18 1 0.0  20
500 12 18 2 0.0  -1
500 12 18 3 0.0  -1
500 12 18 4 0.0  -1
500 12 19 1 0.0  -1
500 12 19 2 0.0  -1
500 12 19 3 0.0  14
500 12 19 4 0.0  -1
500 12 20 1 0.0  -1
500 12 20 2 0.0  14
500 12 20 3 0.0  -1
500 12 20 4 0.0  -1
500 12 21 1 0.0  -1
500 12 21 2 0.0  3
500 12 21 3 0.0  -1
500 12 21 4 0.0  20
500 12 22 1 0.0  -1
500 12 22 2 0.0  -1
500 12 22 3 0.0  20
500 12 22 4 0.0  12
500 12 23 1 0.0  -1
500 12 23 2 0.0  20
500 12 23 3 0.0  13
500 12 23 4 0.0  -1
500 12 24 1 0.0  -1
500 12 24 2 0.0  -1
500 12 24 3 0.0  9
500 12 24 4 0.0  14
500 12 25 1 0.0  -1
500 12 25 2 0.0  8
500 12 25 3 0.0  14
500 12 25 4 0.0  -1
1000 12 1 1 0.0  -1
1000 12 1 2 0.0  -1
1000 12 1 3 0.0  38
1000 12 1 4 0.0  -1
1000 12 2 1 0.0  -1
1000 12 2 2 0.0  -1
1000 12 2 3 0.0  38
1000 12 2 4 0.0  38
1000 12 3 1 0.0  -1
1000 12 3 2 0.0  38
1000 12 3 3 0.0  -1
1000 12 3 4 0.0  -1
1000 12 4 1 0.0  38
1000 12 4 2 0.0  -1
1000 12 4 3 0.0  -1
1000 12 4 4 0.0  -1
1000 12 5 1 0.0  38
1000 12 5 2 0.0  16
1000 12 5 3 0.0  -1
1000 12 5 4 0.0  22
1000 12 6 1 0.0  -1
1000 12 6 2 0.0  3
1000 12 6 3 0.0  -1
1000 12 6 4 0.0  38
1000 12 7 1 0.0  -1
1000 12 7 2 0.0  -1
1000 12 7 3 0.0  -1
1000 12 7 4 0.0  38
1000 12 8 1 0.0  -1
1000 12 8 2 0.0  -1
1000 12 8 3 0.0  38
1000 12 8 4 0.0  -1
1000 12 9 1 0.0  -1
1000 12 9 2 0.0  10
1000 12 9 3 0.0  38
1000 12 9 4 0.0  -1
1000 12 10 1 0.0  5
1000 12 10 2 0.0  38
1000 12 10 3 0.0  16
1000 12 10 4 0.0  -1
1000 12 11 1 0.0  -1
1000 12 11 2 0.0  -1
1000 12 11 3 0.0  -1
1000 12 11 4 0.0  -1
1000 12 12 1 0.0  -1
1000 12 12 2 0.0  -1
1000 12 12 3 0.0  38
1000 12 12 4 0.0  -1
1000 12 13 1 0.0  5
1000 12 13 2 0.0  5
1000 12 13 3 0.0  5
1000 12 13 4 0.0  38
1000 12 14 1 0.0  -1
1000 12 14 2 0.0  -1
1000 12 14 3 0.0  -1
1000 12 14 4 0.0  38
1000 12 15 1 0.0  3
1000 12 15 2 0.0  -1
1000 12 15 3 0.0  38
1000 12 15 4 0.0  -1
1000 12 16 1 0.0  -1
1000 12 16 2 0.0  38
1000 12 16 3 0.0  -1
1000 12 16 4 0.0  -1
1000 12 17 1 0.0  38
1000 12 17 2 0.0  7
1000 12 17 3 0.0  9
1000 12 17 4 0.0  3
1000 12 18 1 0.0  22
1000 12 18 2 0.0  -1
1000 12 18 3 0.0  -1
1000 12 18 4 0.0  38
1000 12 19 1 0.0  7
1000 12 19 2 0.0  -1
1000 12 19 3 0.0  3
1000 12 19 4 0.0  38
1000 12 20 1 0.0  -1
1000 12 20 2 0.0  -1
1000 12 20 3 0.0  38
1000 12 20 4 0.0  -1
1000 12 21 1 0.0  38
1000 12 21 2 0.0  -1
1000 12 21 3 0.0  38
1000 12 21 4 0.0  -1
1000 12 22 1 0.0  -1
1000 12 22 2 0.0  3
1000 12 22 3 0.0  -1
1000 12 22 4 0.0  38
1000 12 23 1 0.0  -1
1000 12 23 2 0.0  5
1000 12 23 3 0.0  -1
1000 12 23 4 0.0  38
1000 12 24 1 0.0  5
1000 12 24 2 0.0  -1
1000 12 24 3 0.0  -1
1000 12 24 4 0.0  38
1000 12 25 1 0.0  -1
1000 12 25 2 0.0  38
1000 12 25 3 0.0  -1
1000 12 25 4 0.0  -1
1500 12 1 1 0.0  16
1500 12 1 2 0.0  3
1500 12 1 3 0.0  48
1500 12 1 4 0.0  16
1500 12 2 1 0.0  -1
1500 12 2 2 0.0  48
1500 12 2 3 0.0  -1
1500 12 2 4 0.0  -1
1500 12 3 1 0.0  -1
1500 12 3 2 0.0  48
1500 12 3 3 0.0  -1
1500 12 3 4 0.0  -1
1500 12 4 1 0.0  -1
1500 12 4 2 0.0  48
1500 12 4 3 0.0  -1
1500 12 4 4 0.0  -1
1500 12 5 1 0.0  -1
1500 12 5 2 0.0  -1
1500 12 5 3 0.0  -1
1500 12 5 4 0.0  48
1500 12 6 1 0.0  -1
1500 12 6 2 0.0  -1
1500 12 6 3 0.0  -1
1500 12 6 4 0.0  48
1500 12 7 1 0.0  48
1500 12 7 2 0.0  -1
1500 12 7 3 0.0  15
1500 12 7 4 0.0  -1
1500 12 8 1 0.0  -1
1500 12 8 2 0.0  3
1500 12 8 3 0.0  48
1500 12 8 4 0.0  -1
1500 12 9 1 0.0  -1
1500 12 9 2 0.0  -1
1500 12 9 3 0.0  48
1500 12 9 4 0.0  -1
1500 12 10 1 0.0  48
1500 12 10 2 0.0  6
1500 12 10 3 0.0  -1
1500 12 10 4 0.0  16
1500 12 11 1 0.0  8
1500 12 11 2 0.0  -1
1500 12 11 3 0.0  -1
1500 12 11 4 0.0  48
1500 12 12 1 0.0  48
1500 12 12 2 0.0  -1
1500 12 12 3 0.0  -1
1500 12 12 4 0.0  -1
1500 12 13 1 0.0  -1
1500 12 13 2 0.0  48
1500 12 13 3 0.0  -1
1500 12 13 4 0.0  -1
1500 12 14 1 0.0  -1
1500 12 14 2 0.0  -1
1500 12 14 3 0.0  48
1500 12 14 4 0.0  -1
1500 12 15 1 0.0  -1
1500 12 15 2 0.0  -1
1500 12 15 3 0.0  48
1500 12 15 4 0.0  -1
1500 12 16 1 0.0  48
1500 12 16 2 0.0  -1
1500 12 16 3 0.0  -1
1500 12 16 4 0.0  -1
1500 12 17 1 0.0  -1
1500 12 17 2 0.0  -1
1500 12 17 3 0.0  48
1500 12 17 4 0.0  -1
1500 12 18 1 0.0  48
1500 12 18 2 0.0  -1
1500 12 18 3 0.0  -1
1500 12 18 4 0.0  -1
1500 12 19 1 0.0  -1
1500 12 19 2 0.0  -1
1500 12 19 3 0.0  48
1500 12 19 4 0.0  -1
1500 12 20 1 0.0  -1
1500 12 20 2 0.0  -1
1500 12 20 3 0.0  -1
1500 12 20 4 0.0  4
1500 12 21 1 0.0  -1
1500 12 21 2 0.0  -1
1500 12 21 3 0.0  48
1500 12 21 4 0.0  -1
1500 12 22 1 0.0  -1
1500 12 22 2 0.0  48
1500 12 22 3 0.0  -1
1500 12 22 4 0.0  -1
1500 12 23 1 0.0  -1
1500 12 23 2 0.0  -1
1500 12 23 3 0.0  48
1500 12 23 4 0.0  -1
1500 12 24 1 0.0  48
1500 12 24 2 0.0  -1
1500 12 24 3 0.0  2
1500 12 24 4 0.0  -1
1500 12 25 1 0.0  -1
1500 12 25 2 0.0  -1
1500 12 25 3 0.0  -1
1500 12 25 4 0.0  48
2000 12 1 1 0.0  -1
2000 12 1 2 0.0  48
2000 12 1 3 0.0  2
2000 12 1 4 0.0  7
2000 12 2 1 0.0  -1
2000 12 2 2 0.0  -1
2000 12 2 3 0.0  48
2000 12 2 4 0.0  -1
2000 12 3 1 0.0  -1
2000 12 3 2 0.0  48
2000 12 3 3 0.0  8
2000 12 3 4 0.0  15
2000 12 4 1 0.0  -1
2000 12 4 2 0.0  -1
2000 12 4 3 0.0  -1
2000 12 4 4 0.0  48
2000 12 5 1 0.0  9
2000 12 5 2 0.0  -1
2000 12 5 3 0.0  48
2000 12 5 4 0.0  -1
2000 12 6 1 0.0  20
2000 12 6 2 0.0  -1
2000 12 6 3 0.0  48
2000 12 6 4 0.0  48
2000 12 7 1 0.0  48
2000 12 7 2 0.0  -1
2000 12 7 3 0.0  -1
2000 12 7 4 0.0  -1
2000 12 8 1 0.0  48
2000 12 8 2 0.0  -1
2000 12 8 3 0.0  -1
2000 12 8 4 0.0  -1
2000 12 9 1 0.0  48
2000 12 9 2 0.0  -1
2000 12 9 3 0.0  -1
2000 12 9 4 0.0  -1
2000 12 10 1 0.0  -1
2000 12 10 2 0.0  48
2000 12 10 3 0.0  -1
2000 12 10 4 0.0  -1
2000 12 11 1 0.0  -1
2000 12 11 2 0.0  -1
2000 12 11 3 0.0  48
2000 12 11 4 0.0  -1
2000 12 12 1 0.0  -1
2000 12 12 2 0.0  48
2000 12 12 3 0.0  -1
2000 12 12 4 0.0  -1
2000 12 13 1 0.0  48
2000 12 13 2 0.0  -1
2000 12 13 3 0.0  -1
2000 12 13 4 0.0  -1
2000 12 14 1 0.0  -1
2000 12 14 2 0.0  -1
2000 12 14 3 0.0  48
2000 12 14 4 0.0  48
2000 12 15 1 0.0  -1
2000 12 15 2 0.0  48
2000 12 15 3 0.0  -1
2000 12 15 4 0.0  48
2000 12 16 1 0.0  -1
2000 12 16 2 0.0  3
2000 12 16 3 0.0  48
2000 12 16 4 0.0  -1
2000 12 17 1 0.0  -1
2000 12 17 2 0.0  48
2000 12 17 3 0.0  -1
2000 12 17 4 0.0  -1
2000 12 18 1 0.0  -1
2000 12 18 2 0.0  3
2000 12 18 3 0.0  -1
2000 12 18 4 0.0  48
2000 12 19 1 0.0  7
2000 12 19 2 0.0  -1
2000 12 19 3 0.0  -1
2000 12 19 4 0.0  -1
2000 12 20 1 0.0  -1
2000 12 20 2 0.0  -1
2000 12 20 3 0.0  48
2000 12 20 4 0.0  -1
2000 12 21 1 0.0  -1
2000 12 21 2 0.0  48
2000 12 21 3 0.0  -1
2000 12 21 4 0.0  -1
2000 12 22 1 0.0  48
2000 12 22 2 0.0  -1
2000 12 22 3 0.0  16
2000 12 22 4 0.0  3
2000 12 23 1 0.0  48
2000 12 23 2 0.0  -1
2000 12 23 3 0.0  15
2000 12 23 4 0.0  -1
2000 12 24 1 0.0  48
2000 12 24 2 0.0  -1
2000 12 24 3 0.0  7
2000 12 24 4 0.0  7
2000 12 25 1 0.0  -1
2000 12 25 2 0.0  22
2000 12 25 3 0.0  48
2000 12 25 4 0.0  20
2500 12 1 1 0.0  48
2500 12 1 2 0.0  -1
2500 12 1 3 0.0  -1
2500 12 1 4 0.0  11
2500 12 2 1 0.0  -1
2500 12 2 2 0.0  48
2500 12 2 3 0.0  -1
2500 12 2 4 0.0  -1
2500 12 3 1 0.0  -1
2500 12 3 2 0.0  3
2500 12 3 3 0.0  48
2500 12 3 4 0.0  48
2500 12 4 1 0.0  -1
2500 12 4 2 0.0  48
2500 12 4 3 0.0  -1
2500 12 4 4 0.0  3
2500 12 5 1 0.0  -1
2500 12 5 2 0.0  -1
2500 12 5 3 0.0  48
2500 12 5 4 0.0  -1
2500 12 6 1 0.0  -1
2500 12 6 2 0.0  48
2500 12 6 3 0.0  -1
2500 12 6 4 0.0  -1
2500 12 7 1 0.0  48
2500 12 7 2 0.0  -1
2500 12 7 3 0.0  11
2500 12 7 4 0.0  8
2500 12 8 1 0.0  -1
2500 12 8 2 0.0  48
2500 12 8 3 0.0  -1
2500 12 8 4 0.0  48
2500 12 9 1 0.0  48
2500 12 9 2 0.0  -1
2500 12 9 3 0.0  -1
2500 12 9 4 0.0  11
2500 12 10 1 0.0  -1
2500 12 10 2 0.0  3
2500 12 10 3 0.0  48
2500 12 10 4 0.0  3
2500 12 11 1 0.0  3
2500 12 11 2 0.0  48
2500 12 11 3 0.0  38
2500 12 11 4 0.0  3
2500 12 12 1 0.0  -1
2500 12 12 2 0.0  -1
2500 12 12 3 0.0  48
2500 12 12 4 0.0  -1
2500 12 13 1 0.0  -1
2500 12 13 2 0.0  -1
2500 12 13 3 0.0  -1
2500 12 13 4 0.0  48
2500 12 14 1 0.0  48
2500 12 14 2 0.0  11
2500 12 14 3 0.0  -1
2500 12 14 4 0.0  -1
2500 12 15 1 0.0  10
2500 12 15 2 0.0  12
2500 12 15 3 0.0  -1
2500 12 15 4 0.0  48
2500 12 16 1 0.0  48
2500 12 16 2 0.0  -1
2500 12 16 3 0.0  -1
2500 12 16 4 0.0  -1
2500 12 17 1 0.0  -1
2500 12 17 2 0.0  48
2500 12 17 3 0.0  -1
2500 12 17 4 0.0  10
2500 12 18 1 0.0  -1
2500 12 18 2 0.0  48
2500 12 18 3 0.0  -1
2500 12 18 4 0.0  -1
2500 12 19 1 0.0  -1
2500 12 19 2 0.0  48
2500 12 19 3 0.0  -1
2500 12 19 4 0.0  -1
2500 12 20 1 0.0  48
2500 12 20 2 0.0  -1
2500 12 20 3 0.0  -1
2500 12 20 4 0.0  -1
2500 12 21 1 0.0  -1
2500 12 21 2 0.0  2
2500 12 21 3 0.0  -1
2500 12 21 4 0.0  48
2500 12 22 1 0.0  -1
2500 12 22 2 0.0  -1
2500 12 22 3 0.0  -1
2500 12 22 4 0.0  48
2500 12 23 1 0.0  -1
2500 12 23 2 0.0  -1
2500 12 23 3 0.0  -1
2500 12 23 4 0.0  -1
2500 12 24 1 0.0  -1
2500 12 24 2 0.0  48
2500 12 24 3 0.0  -1
2500 12 24 4 0.0  -1
2500 12 25 1 0.0  48
2500 12 25 2 0.0  -1
2500 12 25 3 0.0  11
2500 12 25 4 0.0  -1
3000 12 1 1 0.0  48
3000 12 1 2 0.0  -1
3000 12 1 3 0.0  -1
3000 12 1 4 0.0  11
3000 12 2 1 0.0  48
3000 12 2 2 0.0  -1
3000 12 2 3 0.0  -1
3000 12 2 4 0.0  -1
3000 12 3 1 0.0  -1
3000 12 3 2 0.0  14
3000 12 3 3 0.0  48
3000 12 3 4 0.0  -1
3000 12 4 1 0.0  48
3000 12 4 2 0.0  -1
3000 12 4 3 0.0  -1
3000 12 4 4 0.0  -1
3000 12 5 1 0.0  2
3000 12 5 2 0.0  48
3000 12 5 3 0.0  -1
3000 12 5 4 0.0  -1
3000 12 6 1 0.0  48
3000 12 6 2 0.0  -1
3000 12 6 3 0.0  8
3000 12 6 4 0.0  -1
3000 12 7 1 0.0  -1
3000 12 7 2 0.0  48
3000 12 7 3 0.0  14
3000 12 7 4 0.0  9
3000 12 8 1 0.0  48
3000 12 8 2 0.0  -1
3000 12 8 3 0.0  7
3000 12 8 4 0.0  -1
3000 12 9 1 0.0  -1
3000 12 9 2 0.0  -1
3000 12 9 3 0.0  -1
3000 12 9 4 0.0  48
3000 12 10 1 0.0  3
3000 12 10 2 0.0  48
3000 12 10 3 0.0  10
3000 12 10 4 0.0  -1
3000 12 11 1 0.0  7
3000 12 11 2 0.0  48
3000 12 11 3 0.0  -1
3000 12 11 4 0.0  -1
3000 12 12 1 0.0  -1
3000 12 12 2 0.0  48
3000 12 12 3 0.0  -1
3000 12 12 4 0.0  -1
3000 12 13 1 0.0  48
3000 12 13 2 0.0  -1
3000 12 13 3 0.0  -1
3000 12 13 4 0.0  -1
3000 12 14 1 0.0  -1
3000 12 14 2 0.0  -1
3000 12 14 3 0.0  11
3000 12 14 4 0.0  48
3000 12 15 1 0.0  48
3000 12 15 2 0.0  -1
3000 12 15 3 0.0  48
3000 12 15 4 0.0  -1
3000 12 16 1 0.0  -1
3000 12 16 2 0.0  -1
3000 12 16 3 0.0  48
3000 12 16 4 0.0  -1
3000 12 17 1 0.0  7
3000 12 17 2 0.0  9
3000 12 17 3 0.0  -1
3000 12 17 4 0.0  -1
3000 12 18 1 0.0  -1
3000 12 18 2 0.0  4
3000 12 18 3 0.0  48
3000 12 18 4 0.0  4
3000 12 19 1 0.0  48
3000 12 19 2 0.0  48
3000 12 19 3 0.0  -1
3000 12 19 4 0.0  15
3000 12 20 1 0.0  3
3000 12 20 2 0.0  48
3000 12 20 3 0.0  -1
3000 12 20 4 0.0  -1
3000 12 21 1 0.0  -1
3000 12 21 2 0.0  -1
3000 12 21 3 0.0  48
3000 12 21 4 0.0  -1
3000 12 22 1 0.0  -1
3000 12 22 2 0.0  -1
3000 12 22 3 0.0  48
3000 12 22 4 0.0  -1
3000 12 23 1 0.0  -1
3000 12 23 2 0.0  48
3000 12 23 3 0.0  -1
3000 12 23 4 0.0  -1
3000 12 24 1 0.0  48
3000 12 24 2 0.0  -1
3000 12 24 3 0.0  -1
3000 12 24 4 0.0  10
3000 12 25 1 0.0  -1
3000 12 25 2 0.0  48
3000 12 25 3 0.0  -1
3000 12 25 4 0.0  -1
3500 12 1 1 0.0  11
3500 12 1 2 0.0  48
3500 12 1 3 0.0  -1
3500 12 1 4 0.0  11
3500 12 2 1 0.0  48
3500 12 2 2 0.0  -1
3500 12 2 3 0.0  -1
3500 12 2 4 0.0  -1
3500 12 3 1 0.0  -1
3500 12 3 2 0.0  -1
3500 12 3 3 0.0  3
3500 12 3 4 0.0  48
3500 12 4 1 0.0  -1
3500 12 4 2 0.0  -1
3500 12 4 3 0.0  48
3500 12 4 4 0.0  7
3500 12 5 1 0.0  -1
3500 12 5 2 0.0  48
3500 12 5 3 0.0  -1
3500 12 5 4 0.0  -1
3500 12 6 1 0.0  9
3500 12 6 2 0.0  10
3500 12 6 3 0.0  -1
3500 12 6 4 0.0  48
3500 12 7 1 0.0  48
3500 12 7 2 0.0  9
3500 12 7 3 0.0  9
3500 12 7 4 0.0  -1
3500 12 8 1 0.0  -1
3500 12 8 2 0.0  -1
3500 12 8 3 0.0  48
3500 12 8 4 0.0  -1
3500 12 9 1 0.0  -1
3500 12 9 2 0.0  -1
3500 12 9 3 0.0  -1
3500 12 9 4 0.0  48
3500 12 10 1 0.0  -1
3500 12 10 2 0.0  -1
3500 12 10 3 0.0  3
3500 12 10 4 0.0  48
3500 12 11 1 0.0  -1
3500 12 11 2 0.0  -1
3500 12 11 3 0.0  -1
3500 12 11 4 0.0  48
3500 12 12 1 0.0  -1
3500 12 12 2 0.0  -1
3500 12 12 3 0.0  48
3500 12 12 4 0.0  21
3500 12 13 1 0.0  11
3500 12 13 2 0.0  9
3500 12 13 3 0.0  48
3500 12 13 4 0.0  -1
3500 12 14 1 0.0  2
3500 12 14 2 0.0  -1
3500 12 14 3 0.0  -1
3500 12 14 4 0.0  -1
3500 12 15 1 0.0  -1
3500 12 15 2 0.0  -1
3500 12 15 3 0.0  -1
3500 12 15 4 0.0  48
3500 12 16 1 0.0  -1
3500 12 16 2 0.0  -1
3500 12 16 3 0.0  -1
3500 12 16 4 0.0  48
3500 12 17 1 0.0  -1
3500 12 17 2 0.0  -1
3500 12 17 3 0.0  -1
3500 12 17 4 0.0  48
3500 12 18 1 0.0  -1
3500 12 18 2 0.0  -1
3500 12 18 3 0.0  -1
3500 12 18 4 0.0  48
3500 12 19 1 0.0  -1
3500 12 19 2 0.0  2
3500 12 19 3 0.0  -1
3500 12 19 4 0.0  48
3500 12 20 1 0.0  9
3500 12 20 2 0.0  -1
3500 12 20 3 0.0  48
3500 12 20 4 0.0  9
3500 12 21 1 0.0  -1
3500 12 21 2 0.0  48
3500 12 21 3 0.0  -1
3500 12 21 4 0.0  -1
3500 12 22 1 0.0  48
3500 12 22 2 0.0  -1
3500 12 22 3 0.0  -1
3500 12 22 4 0.0  11
3500 12 23 1 0.0  9
3500 12 23 2 0.0  9
3500 12 23 3 0.0  -1
3500 12 23 4 0.0  48
3500 12 24 1 0.0  48
3500 12 24 2 0.0  -1
3500 12 24 3 0.0  -1
3500 12 24 4 0.0  -1
3500 12 25 1 0.0  48
3500 12 25 2 0.0  -1
3500 12 25 3 0.0  -1
3500 12 25 4 0.0  -1
4000 12 1 1 0.0  -1
4000 12 1 2 0.0  -1
4000 12 1 3 0.0  -1
4000 12 1 4 0.0  48
4000 12 2 1 0.0  48
4000 12 2 2 0.0  -1
4000 12 2 3 0.0  -1
4000 12 2 4 0.0  -1
4000 12 3 1 0.0  8
4000 12 3 2 0.0  -1
4000 12 3 3 0.0  8
4000 12 3 4 0.0  48
4000 12 4 1 0.0  -1
4000 12 4 2 0.0  48
4000 12 4 3 0.0  -1
4000 12 4 4 0.0  48
4000 12 5 1 0.0  48
4000 12 5 2 0.0  -1
4000 12 5 3 0.0  -1
4000 12 5 4 0.0  -1
4000 12 6 1 0.0  -1
4000 12 6 2 0.0  48
4000 12 6 3 0.0  -1
4000 12 6 4 0.0  -1
4000 12 7 1 0.0  -1
4000 12 7 2 0.0  -1
4000 12 7 3 0.0  48
4000 12 7 4 0.0  -1
4000 12 8 1 0.0  -1
4000 12 8 2 0.0  48
4000 12 8 3 0.0  -1
4000 12 8 4 0.0  8
4000 12 9 1 0.0  -1
4000 12 9 2 0.0  -1
4000 12 9 3 0.0  48
4000 12 9 4 0.0  -1
4000 12 10 1 0.0  -1
4000 12 10 2 0.0  48
4000 12 10 3 0.0  12
4000 12 10 4 0.0  -1
4000 12 11 1 0.0  7
4000 12 11 2 0.0  48
4000 12 11 3 0.0  -1
4000 12 11 4 0.0  -1
4000 12 12 1 0.0  -1
4000 12 12 2 0.0  -1
4000 12 12 3 0.0  -1
4000 12 12 4 0.0  48
4000 12 13 1 0.0  11
4000 12 13 2 0.0  48
4000 12 13 3 0.0  48
4000 12 13 4 0.0  -1
4000 12 14 1 0.0  -1
4000 12 14 2 0.0  -1
4000 12 14 3 0.0  -1
4000 12 14 4 0.0  48
4000 12 15 1 0.0  -1
4000 12 15 2 0.0  48
4000 12 15 3 0.0  -1
4000 12 15 4 0.0  -1
4000 12 16 1 0.0  -1
4000 12 16 2 0.0  -1
4000 12 16 3 0.0  -1
4000 12 16 4 0.0  -1
4000 12 17 1 0.0  -1
4000 12 17 2 0.0  48
4000 12 17 3 0.0  -1
4000 12 17 4 0.0  -1
4000 12 18 1 0.0  -1
4000 12 18 2 0.0  -1
4000 12 18 3 0.0  -1
4000 12 18 4 0.0  48
4000 12 19 1 0.0  -1
4000 12 19 2 0.0  48
4000 12 19 3 0.0  -1
4000 12 19 4 0.0  -1
4000 12 20 1 0.0  -1
4000 12 20 2 0.0  48
4000 12 20 3 0.0  48
4000 12 20 4 0.0  -1
4000 12 21 1 0.0  -1
4000 12 21 2 0.0  -1
4000 12 21 3 0.0  -1
4000 12 21 4 0.0  48
4000 12 22 1 0.0  48
4000 12 22 2 0.0  -1
4000 12 22 3 0.0  11
4000 12 22 4 0.0  -1
4000 12 23 1 0.0  -1
4000 12 23 2 0.0  -1
4000 12 23 3 0.0  -1
4000 12 23 4 0.0  48
4000 12 24 1 0.0  48
4000 12 24 2 0.0  -1
4000 12 24 3 0.0  -1
4000 12 24 4 0.0  -1
4000 12 25 1 0.0  48
4000 12 25 2 0.0  -1
4000 12 25 3 0.0  -1
4000 12 25 4 0.0  -1
4500 12 1 1 0.0  -1
4500 12 1 2 0.0  -1
4500 12 1 3 0.0  -1
4500 12 1 4 0.0  48
4500 12 2 1 0.0  3
4500 12 2 2 0.0  48
4500 12 2 3 0.0  -1
4500 12 2 4 0.0  -1
4500 12 3 1 0.0  48
4500 12 3 2 0.0  -1
4500 12 3 3 0.0  -1
4500 12 3 4 0.0  -1
4500 12 4 1 0.0  -1
4500 12 4 2 0.0  48
4500 12 4 3 0.0  -1
4500 12 4 4 0.0  -1
4500 12 5 1 0.0  16
4500 12 5 2 0.0  48
4500 12 5 3 0.0  16
4500 12 5 4 0.0  3
4500 12 6 1 0.0  -1
4500 12 6 2 0.0  -1
4500 12 6 3 0.0  48
4500 12 6 4 0.0  -1
4500 12 7 1 0.0  48
4500 12 7 2 0.0  -1
4500 12 7 3 0.0  4
4500 12 7 4 0.0  16
4500 12 8 1 0.0  -1
4500 12 8 2 0.0  -1
4500 12 8 3 0.0  48
4500 12 8 4 0.0  -1
4500 12 9 1 0.0  -1
4500 12 9 2 0.0  -1
4500 12 9 3 0.0  48
4500 12 9 4 0.0  -1
4500 12 10 1 0.0  -1
4500 12 10 2 0.0  48
4500 12 10 3 0.0  5
4500 12 10 4 0.0  -1
4500 12 11 1 0.0  -1
4500 12 11 2 0.0  48
4500 12 11 3 0.0  10
4500 12 11 4 0.0  -1
4500 12 12 1 0.0  3
4500 12 12 2 0.0  -1
4500 12 12 3 0.0  -1
4500 12 12 4 0.0  48
4500 12 13 1 0.0  -1
4500 12 13 2 0.0  -1
4500 12 13 3 0.0  48
4500 12 13 4 0.0  -1
4500 12 14 1 0.0  -1
4500 12 14 2 0.0  48
4500 12 14 3 0.0  -1
4500 12 14 4 0.0  -1
4500 12 15 1 0.0  -1
4500 12 15 2 0.0  -1
4500 12 15 3 0.0  48
4500 12 15 4 0.0  -1
4500 12 16 1 0.0  -1
4500 12 16 2 0.0  -1
4500 12 16 3 0.0  -1
4500 12 16 4 0.0  48
4500 12 17 1 0.0  -1
4500 12 17 2 0.0  48
4500 12 17 3 0.0  21
4500 12 17 4 0.0  -1
4500 12 18 1 0.0  -1
4500 12 18 2 0.0  -1
4500 12 18 3 0.0  48
4500 12 18 4 0.0  3
4500 12 19 1 0.0  -1
4500 12 19 2 0.0  3
4500 12 19 3 0.0  48
4500 12 19 4 0.0  -1
4500 12 20 1 0.0  -1
4500 12 20 2 0.0  -1
4500 12 20 3 0.0  -1
4500 12 20 4 0.0  -1
4500 12 21 1 0.0  -1
4500 12 21 2 0.0  48
4500 12 21 3 0.0  -1
4500 12 21 4 0.0  -1
4500 12 22 1 0.0  48
4500 12 22 2 0.0  5
4500 12 22 3 0.0  -1
4500 12 22 4 0.0  -1
4500 12 23 1 0.0  48
4500 12 23 2 0.0  4
4500 12 23 3 0.0  -1
4500 12 23 4 0.0  -1
4500 12 24 1 0.0  -1
4500 12 24 2 0.0  48
4500 12 24 3 0.0  3
4500 12 24 4 0.0  -1
4500 12 25 1 0.0  -1
4500 12 25 2 0.0  10
4500 12 25 3 0.0  3
4500 12 25 4 0.0  48
5000 12 1 1 0.0  3
5000 12 1 2 0.0  3
5000 12 1 3 0.0  48
5000 12 1 4 0.0  -1
5000 12 2 1 0.0  3
5000 12 2 2 0.0  48
5000 12 2 3 0.0  -1
5000 12 2 4 0.0  -1
5000 12 3 1 0.0  -1
5000 12 3 2 0.0  -1
5000 12 3 3 0.0  48
5000 12 3 4 0.0  -1
5000 12 4 1 0.0  -1
5000 12 4 2 0.0  3
5000 12 4 3 0.0  -1
5000 12 4 4 0.0  48
5000 12 5 1 0.0  -1
5000 12 5 2 0.0  48
5000 12 5 3 0.0  -1
5000 12 5 4 0.0  -1
5000 12 6 1 0.0  -1
5000 12 6 2 0.0  -1
5000 12 6 3 0.0  48
5000 12 6 4 0.0  -1
5000 12 7 1 0.0  -1
5000 12 7 2 0.0  5
5000 12 7 3 0.0  -1
5000 12 7 4 0.0  48
5000 12 8 1 0.0  -1
5000 12 8 2 0.0  -1
5000 12 8 3 0.0  48
5000 12 8 4 0.0  -1
5000 12 9 1 0.0  -1
5000 12 9 2 0.0  -1
5000 12 9 3 0.0  48
5000 12 9 4 0.0  -1
5000 12 10 1 0.0  48
5000 12 10 2 0.0  -1
5000 12 10 3 0.0  10
5000 12 10 4 0.0  -1
5000 12 11 1 0.0  48
5000 12 11 2 0.0  -1
5000 12 11 3 0.0  -1
5000 12 11 4 0.0  -1
5000 12 12 1 0.0  48
5000 12 12 2 0.0  -1
5000 12 12 3 0.0  9
5000 12 12 4 0.0  -1
5000 12 13 1 0.0  -1
5000 12 13 2 0.0  -1
5000 12 13 3 0.0  3
5000 12 13 4 0.0  48
5000 12 14 1 0.0  48
5000 12 14 2 0.0  -1
5000 12 14 3 0.0  -1
5000 12 14 4 0.0  -1
5000 12 15 1 0.0  -1
5000 12 15 2 0.0  -1
5000 12 15 3 0.0  -1
5000 12 15 4 0.0  48
5000 12 16 1 0.0  48
5000 12 16 2 0.0  -1
5000 12 16 3 0.0  -1
5000 12 16 4 0.0  -1
5000 12 17 1 0.0  -1
5000 12 17 2 0.0  9
5000 12 17 3 0.0  -1
5000 12 17 4 0.0  -1
5000 12 18 1 0.0  -1
5000 12 18 2 0.0  -1
5000 12 18 3 0.0  -1
5000 12 18 4 0.0  48
5000 12 19 1 0.0  48
5000 12 19 2 0.0  -1
5000 12 19 3 0.0  48
5000 12 19 4 0.0  -1
5000 12 20 1 0.0  48
5000 12 20 2 0.0  48
5000 12 20 3 0.0  -1
5000 12 20 4 0.0  3
5000 12 21 1 0.0  -1
5000 12 21 2 0.0  -1
5000 12 21 3 0.0  48
5000 12 21 4 0.0  -1
5000 12 22 1 0.0  48
5000 12 22 2 0.0  10
5000 12 22 3 0.0  -1
5000 12 22 4 0.0  -1
5000 12 23 1 0.0  48
5000 12 23 2 0.0  -1
5000 12 23 3 0.0  -1
5000 12 23 4 0.0  -1
5000 12 24 1 0.0  -1
5000 12 24 2 0.0  11
5000 12 24 3 0.0  48
5000 12 24 4 0.0  -1
5000 12 25 1 0.0  -1
5000 12 25 2 0.0  3
5000 12 25 3 0.0  48
5000 12 25 4 0.0  3
