500 3 1 1 0.0  8
500 3 1 2 0.0  8
500 3 1 3 0.0  -1
500 3 1 4 0.0  -1
500 3 2 1 0.0  -1
500 3 2 2 0.0  8
500 3 2 3 0.0  -1
500 3 2 4 0.0  -1
500 3 3 1 0.0  8
500 3 3 2 0.0  -1
500 3 3 3 0.0  -1
500 3 3 4 0.0  4
500 3 4 1 0.0  4
500 3 4 2 0.0  -1
500 3 4 3 0.0  5
500 3 4 4 0.0  -1
500 3 5 1 0.0  2
500 3 5 2 0.0  2
500 3 5 3 0.0  8
500 3 5 4 0.0  8
500 3 6 1 0.0  -1
500 3 6 2 0.0  -1
500 3 6 3 0.0  5
500 3 6 4 0.0  4
500 3 7 1 0.0  5
500 3 7 2 0.0  -1
500 3 7 3 0.0  -1
500 3 7 4 0.0  3
500 3 8 1 0.0  4
500 3 8 2 0.0  5
500 3 8 3 0.0  -1
500 3 8 4 0.0  -1
500 3 9 1 0.0  -1
500 3 9 2 0.0  4
500 3 9 3 0.0  4
500 3 9 4 0.0  5
500 3 10 1 0.0  1
500 3 10 2 0.0  -1
500 3 10 3 0.0  -1
500 3 10 4 0.0  8
500 3 11 1 0.0  -1
500 3 11 2 0.0  5
500 3 11 3 0.0  -1
500 3 11 4 0.0  2
500 3 12 1 0.0  8
500 3 12 2 0.0  -1
500 3 12 3 0.0  -1
500 3 12 4 0.0  8
500 3 13 1 0.0  -1
500 3 13 2 0.0  5
500 3 13 3 0.0  5
500 3 13 4 0.0  -1
500 3 14 1 0.0  5
500 3 14 2 0.0  4
500 3 14 3 0.0  2
500 3 14 4 0.0  4
500 3 15 1 0.0  -1
500 3 15 2 0.0  8
500 3 15 3 0.0  -1
500 3 15 4 0.0  8
500 3 16 1 0.0  -1
500 3 16 2 0.0  -1
500 3 16 3 0.0  -1
500 3 16 4 0.0  8
500 3 17 1 0.0  -1
500 3 17 2 0.0  -1
500 3 17 3 0.0  8
500 3 17 4 0.0  8
500 3 18 1 0.0  -1
500 3 18 2 0.0  1
500 3 18 3 0.0  5
500 3 18 4 0.0  -1
500 3 19 1 0.0  8
500 3 19 2 0.0  -1
500 3 19 3 0.0  -1
500 3 19 4 0.0  -1
500 3 20 1 0.0  5
500 3 20 2 0.0  -1
500 3 20 3 0.0  5
500 3 20 4 0.0  5
500 3 21 1 0.0  -1
500 3 21 2 0.0  5
500 3 21 3 0.0  -1
500 3 21 4 0.0  -1
500 3 22 1 0.0  8
500 3 22 2 0.0  8
500 3 22 3 0.0  -1
500 3 22 4 0.0  -1
500 3 23 1 0.0  -1
500 3 23 2 0.0  5
500 3 23 3 0.0  -1
500 3 23 4 0.0  -1
500 3 24 1 0.0  -1
500 3 24 2 0.0  -1
500 3 24 3 0.0  5
500 3 24 4 0.0  4
500 3 25 1 0.0  4
500 3 25 2 0.0  4
500 3 25 3 0.0  5
500 3 25 4 0.0  -1
1000 3 1 1 0.0  58
1000 3 1 2 0.0  -1
1000 3 1 3 0.0  -1
1000 3 1 4 0.0  -1
1000 3 2 1 0.0  -1
1000 3 2 2 0.0  -1
1000 3 2 3 0.0  58
1000 3 2 4 0.0  -1
1000 3 3 1 0.0  -1
1000 3 3 2 0.0  -1
1000 3 3 3 0.0  58
1000 3 3 4 0.0  -1
1000 3 4 1 0.0  -1
1000 3 4 2 0.0  -1
1000 3 4 3 0.0  -1
1000 3 4 4 0.0  58
1000 3 5 1 0.0  -1
1000 3 5 2 0.0  -1
1000 3 5 3 0.0  2
1000 3 5 4 0.0  58
1000 3 6 1 0.0  -1
1000 3 6 2 0.0  58
1000 3 6 3 0.0  -1
1000 3 6 4 0.0  -1
1000 3 7 1 0.0  25
1000 3 7 2 0.0  -1
1000 3 7 3 0.0  -1
1000 3 7 4 0.0  58
1000 3 8 1 0.0  -1
1000 3 8 2 0.0  8
1000 3 8 3 0.0  -1
1000 3 8 4 0.0  58
1000 3 9 1 0.0  58
1000 3 9 2 0.0  -1
1000 3 9 3 0.0  -1
1000 3 9 4 0.0  25
1000 3 10 1 0.0  8
1000 3 10 2 0.0  -1
1000 3 10 3 0.0  -1
1000 3 10 4 0.0  58
1000 3 11 1 0.0  -1
1000 3 11 2 0.0  58
1000 3 11 3 0.0  -1
1000 3 11 4 0.0  8
1000 3 12 1 0.0  -1
1000 3 12 2 0.0  58
1000 3 12 3 0.0  -1
1000 3 12 4 0.0  -1
1000 3 13 1 0.0  -1
1000 3 13 2 0.0  -1
1000 3 13 3 0.0  -1
1000 3 13 4 0.0  -1
1000 3 14 1 0.0  58
1000 3 14 2 0.0  58
1000 3 14 3 0.0  -1
1000 3 14 4 0.0  -1
1000 3 15 1 0.0  58
1000 3 15 2 0.0  58
1000 3 15 3 0.0  8
1000 3 15 4 0.0  -1
1000 3 16 1 0.0  -1
1000 3 16 2 0.0  -1
1000 3 16 3 0.0  -1
1000 3 16 4 0.0  58
1000 3 17 1 0.0  -1
1000 3 17 2 0.0  58
1000 3 17 3 0.0  -1
1000 3 17 4 0.0  58
1000 3 18 1 0.0  -1
1000 3 18 2 0.0  58
1000 3 18 3 0.0  -1
1000 3 18 4 0.0  -1
1000 3 19 1 0.0  12
1000 3 19 2 0.0  58
1000 3 19 3 0.0  -1
1000 3 19 4 0.0  -1
1000 3 20 1 0.0  -1
1000 3 20 2 0.0  -1
1000 3 20 3 0.0  58
1000 3 20 4 0.0  -1
1000 3 21 1 0.0  -1
1000 3 21 2 0.0  -1
1000 3 21 3 0.0  58
1000 3 21 4 0.0  -1
1000 3 22 1 0.0  -1
1000 3 22 2 0.0  58
1000 3 22 3 0.0  -1
1000 3 22 4 0.0  -1
1000 3 23 1 0.0  58
1000 3 23 2 0.0  -1
1000 3 23 3 0.0  -1
1000 3 23 4 0.0  -1
1000 3 24 1 0.0  58
1000 3 24 2 0.0  -1
1000 3 24 3 0.0  -1
1000 3 24 4 0.0  -1
1000 3 25 1 0.0  -1
1000 3 25 2 0.0  58
1000 3 25 3 0.0  -1
1000 3 25 4 0.0  25
1500 3 1 1 0.0  6
1500 3 1 2 0.0  58
1500 3 1 3 0.0  -1
1500 3 1 4 0.0  -1
1500 3 2 1 0.0  -1
1500 3 2 2 0.0  58
1500 3 2 3 0.0  58
1500 3 2 4 0.0  6
1500 3 3 1 0.0  6
1500 3 3 2 0.0  58
1500 3 3 3 0.0  -1
1500 3 3 4 0.0  -1
1500 3 4 1 0.0  -1
1500 3 4 2 0.0  4
1500 3 4 3 0.0  -1
1500 3 4 4 0.0  58
1500 3 5 1 0.0  58
1500 3 5 2 0.0  2
1500 3 5 3 0.0  58
1500 3 5 4 0.0  -1
1500 3 6 1 0.0  -1
1500 3 6 2 0.0  -1
1500 3 6 3 0.0  -1
1500 3 6 4 0.0  -1
1500 3 7 1 0.0  -1
1500 3 7 2 0.0  58
1500 3 7 3 0.0  -1
1500 3 7 4 0.0  -1
1500 3 8 1 0.0  58
1500 3 8 2 0.0  -1
1500 3 8 3 0.0  4
1500 3 8 4 0.0  -1
1500 3 9 1 0.0  58
1500 3 9 2 0.0  -1
1500 3 9 3 0.0  -1
1500 3 9 4 0.0  25
1500 3 10 1 0.0  -1
1500 3 10 2 0.0  -1
1500 3 10 3 0.0  -1
1500 3 10 4 0.0  58
1500 3 11 1 0.0  -1
1500 3 11 2 0.0  6
1500 3 11 3 0.0  -1
1500 3 11 4 0.0  58
1500 3 12 1 0.0  -1
1500 3 12 2 0.0  -1
1500 3 12 3 0.0  -1
1500 3 12 4 0.0  58
1500 3 13 1 0.0  -1
1500 3 13 2 0.0  -1
1500 3 13 3 0.0  58
1500 3 13 4 0.0  8
1500 3 14 1 0.0  -1
1500 3 14 2 0.0  -1
1500 3 14 3 0.0  58
1500 3 14 4 0.0  -1
1500 3 15 1 0.0  8
1500 3 15 2 0.0  8
1500 3 15 3 0.0  58
1500 3 15 4 0.0  -1
1500 3 16 1 0.0  58
1500 3 16 2 0.0  -1
1500 3 16 3 0.0  -1
1500 3 16 4 0.0  -1
1500 3 17 1 0.0  -1
1500 3 17 2 0.0  58
1500 3 17 3 0.0  -1
1500 3 17 4 0.0  -1
1500 3 18 1 0.0  58
1500 3 18 2 0.0  3
1500 3 18 3 0.0  25
1500 3 18 4 0.0  4
1500 3 19 1 0.0  8
1500 3 19 2 0.0  -1
1500 3 19 3 0.0  -1
1500 3 19 4 0.0  58
1500 3 20 1 0.0  -1
1500 3 20 2 0.0  4
1500 3 20 3 0.0  58
1500 3 20 4 0.0  8
1500 3 21 1 0.0  -1
1500 3 21 2 0.0  -1
1500 3 21 3 0.0  -1
1500 3 21 4 0.0  58
1500 3 22 1 0.0  58
1500 3 22 2 0.0  -1
1500 3 22 3 0.0  -1
1500 3 22 4 0.0  -1
1500 3 23 1 0.0  58
1500 3 23 2 0.0  58
1500 3 23 3 0.0  -1
1500 3 23 4 0.0  58
1500 3 24 1 0.0  -1
1500 3 24 2 0.0  58
1500 3 24 3 0.0  -1
1500 3 24 4 0.0  -1
1500 3 25 1 0.0  -1
1500 3 25 2 0.0  58
1500 3 25 3 0.0  -1
1500 3 25 4 0.0  4
2000 3 1 1 0.0  -1
2000 3 1 2 0.0  -1
2000 3 1 3 0.0  -1
2000 3 1 4 0.0  -1
2000 3 2 1 0.0  12
2000 3 2 2 0.0  -1
2000 3 2 3 0.0  58
2000 3 2 4 0.0  -1
2000 3 3 1 0.0  58
2000 3 3 2 0.0  -1
2000 3 3 3 0.0  -1
2000 3 3 4 0.0  -1
2000 3 4 1 0.0  8
2000 3 4 2 0.0  -1
2000 3 4 3 0.0  -1
2000 3 4 4 0.0  58
2000 3 5 1 0.0  -1
2000 3 5 2 0.0  -1
2000 3 5 3 0.0  -1
2000 3 5 4 0.0  58
2000 3 6 1 0.0  -1
2000 3 6 2 0.0  -1
2000 3 6 3 0.0  58
2000 3 6 4 0.0  -1
2000 3 7 1 0.0  -1
2000 3 7 2 0.0  58
2000 3 7 3 0.0  4
2000 3 7 4 0.0  -1
2000 3 8 1 0.0  58
2000 3 8 2 0.0  -1
2000 3 8 3 0.0  -1
2000 3 8 4 0.0  -1
2000 3 9 1 0.0  58
2000 3 9 2 0.0  4
2000 3 9 3 0.0  -1
2000 3 9 4 0.0  4
2000 3 10 1 0.0  -1
2000 3 10 2 0.0  -1
2000 3 10 3 0.0  -1
2000 3 10 4 0.0  58
2000 3 11 1 0.0  -1
2000 3 11 2 0.0  6
2000 3 11 3 0.0  -1
2000 3 11 4 0.0  58
2000 3 12 1 0.0  -1
2000 3 12 2 0.0  -1
2000 3 12 3 0.0  -1
2000 3 12 4 0.0  58
2000 3 13 1 0.0  58
2000 3 13 2 0.0  -1
2000 3 13 3 0.0  -1
2000 3 13 4 0.0  -1
2000 3 14 1 0.0  23
2000 3 14 2 0.0  58
2000 3 14 3 0.0  -1
2000 3 14 4 0.0  -1
2000 3 15 1 0.0  -1
2000 3 15 2 0.0  58
2000 3 15 3 0.0  -1
2000 3 15 4 0.0  -1
2000 3 16 1 0.0  -1
2000 3 16 2 0.0  -1
2000 3 16 3 0.0  -1
2000 3 16 4 0.0  58
2000 3 17 1 0.0  -1
2000 3 17 2 0.0  8
2000 3 17 3 0.0  58
2000 3 17 4 0.0  23
2000 3 18 1 0.0  58
2000 3 18 2 0.0  -1
2000 3 18 3 0.0  -1
2000 3 18 4 0.0  -1
2000 3 19 1 0.0  -1
2000 3 19 2 0.0  -1
2000 3 19 3 0.0  -1
2000 3 19 4 0.0  58
2000 3 20 1 0.0  -1
2000 3 20 2 0.0  58
2000 3 20 3 0.0  -1
2000 3 20 4 0.0  4
2000 3 21 1 0.0  -1
2000 3 21 2 0.0  -1
2000 3 21 3 0.0  6
2000 3 21 4 0.0  58
2000 3 22 1 0.0  23
2000 3 22 2 0.0  -1
2000 3 22 3 0.0  -1
2000 3 22 4 0.0  58
2000 3 23 1 0.0  58
2000 3 23 2 0.0  -1
2000 3 23 3 0.0  -1
2000 3 23 4 0.0  58
2000 3 24 1 0.0  -1
2000 3 24 2 0.0  -1
2000 3 24 3 0.0  58
2000 3 24 4 0.0  -1
2000 3 25 1 0.0  -1
2000 3 25 2 0.0  -1
2000 3 25 3 0.0  -1
2000 3 25 4 0.0  58
2500 3 1 1 0.0  58
2500 3 1 2 0.0  25
2500 3 1 3 0.0  -1
2500 3 1 4 0.0  -1
2500 3 2 1 0.0  -1
2500 3 2 2 0.0  -1
2500 3 2 3 0.0  1
2500 3 2 4 0.0  58
2500 3 3 1 0.0  -1
2500 3 3 2 0.0  -1
2500 3 3 3 0.0  -1
2500 3 3 4 0.0  -1
2500 3 4 1 0.0  -1
2500 3 4 2 0.0  -1
2500 3 4 3 0.0  -1
2500 3 4 4 0.0  58
2500 3 5 1 0.0  -1
2500 3 5 2 0.0  -1
2500 3 5 3 0.0  58
2500 3 5 4 0.0  -1
2500 3 6 1 0.0  -1
2500 3 6 2 0.0  -1
2500 3 6 3 0.0  58
2500 3 6 4 0.0  -1
2500 3 7 1 0.0  58
2500 3 7 2 0.0  -1
2500 3 7 3 0.0  -1
2500 3 7 4 0.0  8
2500 3 8 1 0.0  58
2500 3 8 2 0.0  -1
2500 3 8 3 0.0  -1
2500 3 8 4 0.0  3
2500 3 9 1 0.0  58
2500 3 9 2 0.0  -1
2500 3 9 3 0.0  -1
2500 3 9 4 0.0  -1
2500 3 10 1 0.0  -1
2500 3 10 2 0.0  58
2500 3 10 3 0.0  -1
2500 3 10 4 0.0  -1
2500 3 11 1 0.0  8
2500 3 11 2 0.0  -1
2500 3 11 3 0.0  -1
2500 3 11 4 0.0  58
2500 3 12 1 0.0  58
2500 3 12 2 0.0  -1
2500 3 12 3 0.0  -1
2500 3 12 4 0.0  -1
2500 3 13 1 0.0  58
2500 3 13 2 0.0  -1
2500 3 13 3 0.0  -1
2500 3 13 4 0.0  58
2500 3 14 1 0.0  -1
2500 3 14 2 0.0  -1
2500 3 14 3 0.0  58
2500 3 14 4 0.0  -1
2500 3 15 1 0.0  58
2500 3 15 2 0.0  58
2500 3 15 3 0.0  -1
2500 3 15 4 0.0  -1
2500 3 16 1 0.0  58
2500 3 16 2 0.0  -1
2500 3 16 3 0.0  -1
2500 3 16 4 0.0  -1
2500 3 17 1 0.0  58
2500 3 17 2 0.0  -1
2500 3 17 3 0.0  -1
2500 3 17 4 0.0  -1
2500 3 18 1 0.0  -1
2500 3 18 2 0.0  8
2500 3 18 3 0.0  58
2500 3 18 4 0.0  -1
2500 3 19 1 0.0  -1
2500 3 19 2 0.0  -1
2500 3 19 3 0.0  -1
2500 3 19 4 0.0  58
2500 3 20 1 0.0  -1
2500 3 20 2 0.0  -1
2500 3 20 3 0.0  -1
2500 3 20 4 0.0  58
2500 3 21 1 0.0  2
2500 3 21 2 0.0  -1
2500 3 21 3 0.0  58
2500 3 21 4 0.0  -1
2500 3 22 1 0.0  -1
2500 3 22 2 0.0  25
2500 3 22 3 0.0  58
2500 3 22 4 0.0  -1
2500 3 23 1 0.0  -1
2500 3 23 2 0.0  58
2500 3 23 3 0.0  58
2500 3 23 4 0.0  -1
2500 3 24 1 0.0  58
2500 3 24 2 0.0  -1
2500 3 24 3 0.0  -1
2500 3 24 4 0.0  -1
2500 3 25 1 0.0  58
2500 3 25 2 0.0  25
2500 3 25 3 0.0  -1
2500 3 25 4 0.0  -1
3000 3 1 1 0.0  -1
3000 3 1 2 0.0  -1
3000 3 1 3 0.0  -1
3000 3 1 4 0.0  58
3000 3 2 1 0.0  18
3000 3 2 2 0.0  58
3000 3 2 3 0.0  -1
3000 3 2 4 0.0  -1
3000 3 3 1 0.0  12
3000 3 3 2 0.0  58
3000 3 3 3 0.0  3
3000 3 3 4 0.0  -1
3000 3 4 1 0.0  -1
3000 3 4 2 0.0  -1
3000 3 4 3 0.0  -1
3000 3 4 4 0.0  58
3000 3 5 1 0.0  -1
3000 3 5 2 0.0  8
3000 3 5 3 0.0  -1
3000 3 5 4 0.0  58
3000 3 6 1 0.0  58
3000 3 6 2 0.0  -1
3000 3 6 3 0.0  -1
3000 3 6 4 0.0  58
3000 3 7 1 0.0  -1
3000 3 7 2 0.0  58
3000 3 7 3 0.0  -1
3000 3 7 4 0.0  23
3000 3 8 1 0.0  -1
3000 3 8 2 0.0  -1
3000 3 8 3 0.0  -1
3000 3 8 4 0.0  58
3000 3 9 1 0.0  58
3000 3 9 2 0.0  -1
3000 3 9 3 0.0  -1
3000 3 9 4 0.0  -1
3000 3 10 1 0.0  -1
3000 3 10 2 0.0  25
3000 3 10 3 0.0  58
3000 3 10 4 0.0  -1
3000 3 11 1 0.0  58
3000 3 11 2 0.0  -1
3000 3 11 3 0.0  4
3000 3 11 4 0.0  58
3000 3 12 1 0.0  -1
3000 3 12 2 0.0  58
3000 3 12 3 0.0  -1
3000 3 12 4 0.0  -1
3000 3 13 1 0.0  58
3000 3 13 2 0.0  -1
3000 3 13 3 0.0  4
3000 3 13 4 0.0  4
3000 3 14 1 0.0  -1
3000 3 14 2 0.0  4
3000 3 14 3 0.0  -1
3000 3 14 4 0.0  58
3000 3 15 1 0.0  58
3000 3 15 2 0.0  -1
3000 3 15 3 0.0  -1
3000 3 15 4 0.0  -1
3000 3 16 1 0.0  58
3000 3 16 2 0.0  -1
3000 3 16 3 0.0  -1
3000 3 16 4 0.0  -1
3000 3 17 1 0.0  -1
3000 3 17 2 0.0  58
3000 3 17 3 0.0  -1
3000 3 17 4 0.0  -1
3000 3 18 1 0.0  4
3000 3 18 2 0.0  -1
3000 3 18 3 0.0  -1
3000 3 18 4 0.0  -1
3000 3 19 1 0.0  -1
3000 3 19 2 0.0  58
3000 3 19 3 0.0  -1
3000 3 19 4 0.0  12
3000 3 20 1 0.0  -1
3000 3 20 2 0.0  -1
3000 3 20 3 0.0  -1
3000 3 20 4 0.0  58
3000 3 21 1 0.0  -1
3000 3 21 2 0.0  -1
3000 3 21 3 0.0  -1
3000 3 21 4 0.0  58
3000 3 22 1 0.0  58
3000 3 22 2 0.0  -1
3000 3 22 3 0.0  -1
3000 3 22 4 0.0  -1
3000 3 23 1 0.0  58
3000 3 23 2 0.0  -1
3000 3 23 3 0.0  -1
3000 3 23 4 0.0  -1
3000 3 24 1 0.0  58
3000 3 24 2 0.0  -1
3000 3 24 3 0.0  -1
3000 3 24 4 0.0  -1
3000 3 25 1 0.0  -1
3000 3 25 2 0.0  -1
3000 3 25 3 0.0  -1
3000 3 25 4 0.0  58
3500 3 1 1 0.0  58
3500 3 1 2 0.0  -1
3500 3 1 3 0.0  -1
3500 3 1 4 0.0  -1
3500 3 2 1 0.0  -1
3500 3 2 2 0.0  -1
3500 3 2 3 0.0  -1
3500 3 2 4 0.0  58
3500 3 3 1 0.0  -1
3500 3 3 2 0.0  -1
3500 3 3 3 0.0  -1
3500 3 3 4 0.0  -1
3500 3 4 1 0.0  -1
3500 3 4 2 0.0  4
3500 3 4 3 0.0  -1
3500 3 4 4 0.0  58
3500 3 5 1 0.0  -1
3500 3 5 2 0.0  12
3500 3 5 3 0.0  58
3500 3 5 4 0.0  -1
3500 3 6 1 0.0  -1
3500 3 6 2 0.0  -1
3500 3 6 3 0.0  23
3500 3 6 4 0.0  58
3500 3 7 1 0.0  58
3500 3 7 2 0.0  58
3500 3 7 3 0.0  -1
3500 3 7 4 0.0  -1
3500 3 8 1 0.0  -1
3500 3 8 2 0.0  -1
3500 3 8 3 0.0  58
3500 3 8 4 0.0  -1
3500 3 9 1 0.0  -1
3500 3 9 2 0.0  6
3500 3 9 3 0.0  -1
3500 3 9 4 0.0  58
3500 3 10 1 0.0  58
3500 3 10 2 0.0  -1
3500 3 10 3 0.0  -1
3500 3 10 4 0.0  4
3500 3 11 1 0.0  -1
3500 3 11 2 0.0  58
3500 3 11 3 0.0  -1
3500 3 11 4 0.0  -1
3500 3 12 1 0.0  58
3500 3 12 2 0.0  23
3500 3 12 3 0.0  -1
3500 3 12 4 0.0  -1
3500 3 13 1 0.0  8
3500 3 13 2 0.0  8
3500 3 13 3 0.0  -1
3500 3 13 4 0.0  58
3500 3 14 1 0.0  -1
3500 3 14 2 0.0  3
3500 3 14 3 0.0  -1
3500 3 14 4 0.0  58
3500 3 15 1 0.0  58
3500 3 15 2 0.0  -1
3500 3 15 3 0.0  -1
3500 3 15 4 0.0  -1
3500 3 16 1 0.0  2
3500 3 16 2 0.0  -1
3500 3 16 3 0.0  58
3500 3 16 4 0.0  -1
3500 3 17 1 0.0  -1
3500 3 17 2 0.0  58
3500 3 17 3 0.0  -1
3500 3 17 4 0.0  -1
3500 3 18 1 0.0  -1
3500 3 18 2 0.0  -1
3500 3 18 3 0.0  2
3500 3 18 4 0.0  58
3500 3 19 1 0.0  -1
3500 3 19 2 0.0  -1
3500 3 19 3 0.0  -1
3500 3 19 4 0.0  58
3500 3 20 1 0.0  58
3500 3 20 2 0.0  58
3500 3 20 3 0.0  -1
3500 3 20 4 0.0  8
3500 3 21 1 0.0  12
3500 3 21 2 0.0  -1
3500 3 21 3 0.0  58
3500 3 21 4 0.0  -1
3500 3 22 1 0.0  -1
3500 3 22 2 0.0  -1
3500 3 22 3 0.0  -1
3500 3 22 4 0.0  58
3500 3 23 1 0.0  -1
3500 3 23 2 0.0  58
3500 3 23 3 0.0  -1
3500 3 23 4 0.0  -1
3500 3 24 1 0.0  58
3500 3 24 2 0.0  -1
3500 3 24 3 0.0  -1
3500 3 24 4 0.0  58
3500 3 25 1 0.0  -1
3500 3 25 2 0.0  -1
3500 3 25 3 0.0  58
3500 3 25 4 0.0  4
4000 3 1 1 0.0  2
4000 3 1 2 0.0  2
4000 3 1 3 0.0  -1
4000 3 1 4 0.0  58
4000 3 2 1 0.0  58
4000 3 2 2 0.0  -1
4000 3 2 3 0.0  2
4000 3 2 4 0.0  -1
4000 3 3 1 0.0  58
4000 3 3 2 0.0  -1
4000 3 3 3 0.0  -1
4000 3 3 4 0.0  58
4000 3 4 1 0.0  -1
4000 3 4 2 0.0  -1
4000 3 4 3 0.0  58
4000 3 4 4 0.0  -1
4000 3 5 1 0.0  2
4000 3 5 2 0.0  58
4000 3 5 3 0.0  -1
4000 3 5 4 0.0  -1
4000 3 6 1 0.0  -1
4000 3 6 2 0.0  -1
4000 3 6 3 0.0  212
4000 3 6 4 0.0  -1
4000 3 7 1 0.0  58
4000 3 7 2 0.0  -1
4000 3 7 3 0.0  -1
4000 3 7 4 0.0  -1
4000 3 8 1 0.0  -1
4000 3 8 2 0.0  -1
4000 3 8 3 0.0  58
4000 3 8 4 0.0  -1
4000 3 9 1 0.0  -1
4000 3 9 2 0.0  -1
4000 3 9 3 0.0  58
4000 3 9 4 0.0  12
4000 3 10 1 0.0  -1
4000 3 10 2 0.0  2
4000 3 10 3 0.0  -1
4000 3 10 4 0.0  58
4000 3 11 1 0.0  58
4000 3 11 2 0.0  12
4000 3 11 3 0.0  8
4000 3 11 4 0.0  -1
4000 3 12 1 0.0  58
4000 3 12 2 0.0  23
4000 3 12 3 0.0  -1
4000 3 12 4 0.0  -1
4000 3 13 1 0.0  -1
4000 3 13 2 0.0  58
4000 3 13 3 0.0  -1
4000 3 13 4 0.0  -1
4000 3 14 1 0.0  -1
4000 3 14 2 0.0  -1
4000 3 14 3 0.0  58
4000 3 14 4 0.0  12
4000 3 15 1 0.0  12
4000 3 15 2 0.0  -1
4000 3 15 3 0.0  -1
4000 3 15 4 0.0  58
4000 3 16 1 0.0  2
4000 3 16 2 0.0  58
4000 3 16 3 0.0  -1
4000 3 16 4 0.0  58
4000 3 17 1 0.0  58
4000 3 17 2 0.0  -1
4000 3 17 3 0.0  58
4000 3 17 4 0.0  -1
4000 3 18 1 0.0  -1
4000 3 18 2 0.0  -1
4000 3 18 3 0.0  58
4000 3 18 4 0.0  -1
4000 3 19 1 0.0  58
4000 3 19 2 0.0  -1
4000 3 19 3 0.0  -1
4000 3 19 4 0.0  58
4000 3 20 1 0.0  -1
4000 3 20 2 0.0  58
4000 3 20 3 0.0  -1
4000 3 20 4 0.0  -1
4000 3 21 1 0.0  -1
4000 3 21 2 0.0  58
4000 3 21 3 0.0  23
4000 3 21 4 0.0  -1
4000 3 22 1 0.0  2
4000 3 22 2 0.0  4
4000 3 22 3 0.0  58
4000 3 22 4 0.0  58
4000 3 23 1 0.0  58
4000 3 23 2 0.0  8
4000 3 23 3 0.0  -1
4000 3 23 4 0.0  -1
4000 3 24 1 0.0  58
4000 3 24 2 0.0  -1
4000 3 24 3 0.0  2
4000 3 24 4 0.0  -1
4000 3 25 1 0.0  58
4000 3 25 2 0.0  -1
4000 3 25 3 0.0  -1
4000 3 25 4 0.0  -1
4500 3 1 1 0.0  212
4500 3 1 2 0.0  -1
4500 3 1 3 0.0  -1
4500 3 1 4 0.0  -1
4500 3 2 1 0.0  -1
4500 3 2 2 0.0  212
4500 3 2 3 0.0  -1
4500 3 2 4 0.0  -1
4500 3 3 1 0.0  -1
4500 3 3 2 0.0  2
4500 3 3 3 0.0  212
4500 3 3 4 0.0  -1
4500 3 4 1 0.0  -1
4500 3 4 2 0.0  212
4500 3 4 3 0.0  -1
4500 3 4 4 0.0  212
4500 3 5 1 0.0  -1
4500 3 5 2 0.0  -1
4500 3 5 3 0.0  212
4500 3 5 4 0.0  -1
4500 3 6 1 0.0  2
4500 3 6 2 0.0  -1
4500 3 6 3 0.0  212
4500 3 6 4 0.0  -1
4500 3 7 1 0.0  -1
4500 3 7 2 0.0  212
4500 3 7 3 0.0  -1
4500 3 7 4 0.0  212
4500 3 8 1 0.0  -1
4500 3 8 2 0.0  -1
4500 3 8 3 0.0  212
4500 3 8 4 0.0  -1
4500 3 9 1 0.0  -1
4500 3 9 2 0.0  -1
4500 3 9 3 0.0  212
4500 3 9 4 0.0  -1
4500 3 10 1 0.0  -1
4500 3 10 2 0.0  -1
4500 3 10 3 0.0  212
4500 3 10 4 0.0  -1
4500 3 11 1 0.0  -1
4500 3 11 2 0.0  -1
4500 3 11 3 0.0  -1
4500 3 11 4 0.0  212
4500 3 12 1 0.0  -1
4500 3 12 2 0.0  -1
4500 3 12 3 0.0  -1
4500 3 12 4 0.0  212
4500 3 13 1 0.0  -1
4500 3 13 2 0.0  -1
4500 3 13 3 0.0  212
4500 3 13 4 0.0  -1
4500 3 14 1 0.0  20
4500 3 14 2 0.0  212
4500 3 14 3 0.0  -1
4500 3 14 4 0.0  212
4500 3 15 1 0.0  -1
4500 3 15 2 0.0  -1
4500 3 15 3 0.0  -1
4500 3 15 4 0.0  212
4500 3 16 1 0.0  212
4500 3 16 2 0.0  -1
4500 3 16 3 0.0  -1
4500 3 16 4 0.0  -1
4500 3 17 1 0.0  -1
4500 3 17 2 0.0  -1
4500 3 17 3 0.0  2
4500 3 17 4 0.0  212
4500 3 18 1 0.0  212
4500 3 18 2 0.0  -1
4500 3 18 3 0.0  -1
4500 3 18 4 0.0  -1
4500 3 19 1 0.0  -1
4500 3 19 2 0.0  212
4500 3 19 3 0.0  -1
4500 3 19 4 0.0  212
4500 3 20 1 0.0  -1
4500 3 20 2 0.0  -1
4500 3 20 3 0.0  212
4500 3 20 4 0.0  -1
4500 3 21 1 0.0  -1
4500 3 21 2 0.0  -1
4500 3 21 3 0.0  20
4500 3 21 4 0.0  212
4500 3 22 1 0.0  212
4500 3 22 2 0.0  -1
4500 3 22 3 0.0  -1
4500 3 22 4 0.0  -1
4500 3 23 1 0.0  2
4500 3 23 2 0.0  -1
4500 3 23 3 0.0  212
4500 3 23 4 0.0  -1
4500 3 24 1 0.0  -1
4500 3 24 2 0.0  2
4500 3 24 3 0.0  -1
4500 3 24 4 0.0  212
4500 3 25 1 0.0  -1
4500 3 25 2 0.0  -1
4500 3 25 3 0.0  -1
4500 3 25 4 0.0  212
5000 3 1 1 0.0  212
5000 3 1 2 0.0  -1
5000 3 1 3 0.0  -1
5000 3 1 4 0.0  -1
5000 3 2 1 0.0  -1
5000 3 2 2 0.0  -1
5000 3 2 3 0.0  -1
5000 3 2 4 0.0  212
5000 3 3 1 0.0  212
5000 3 3 2 0.0  -1
5000 3 3 3 0.0  -1
5000 3 3 4 0.0  -1
5000 3 4 1 0.0  -1
5000 3 4 2 0.0  -1
5000 3 4 3 0.0  212
5000 3 4 4 0.0  -1
5000 3 5 1 0.0  212
5000 3 5 2 0.0  -1
5000 3 5 3 0.0  -1
5000 3 5 4 0.0  -1
5000 3 6 1 0.0  -1
5000 3 6 2 0.0  -1
5000 3 6 3 0.0  -1
5000 3 6 4 0.0  212
5000 3 7 1 0.0  212
5000 3 7 2 0.0  -1
5000 3 7 3 0.0  -1
5000 3 7 4 0.0  -1
5000 3 8 1 0.0  -1
5000 3 8 2 0.0  212
5000 3 8 3 0.0  -1
5000 3 8 4 0.0  -1
5000 3 9 1 0.0  -1
5000 3 9 2 0.0  -1
5000 3 9 3 0.0  -1
5000 3 9 4 0.0  212
5000 3 10 1 0.0  4
5000 3 10 2 0.0  4
5000 3 10 3 0.0  212
5000 3 10 4 0.0  -1
5000 3 11 1 0.0  -1
5000 3 11 2 0.0  212
5000 3 11 3 0.0  -1
5000 3 11 4 0.0  -1
5000 3 12 1 0.0  -1
5000 3 12 2 0.0  212
5000 3 12 3 0.0  -1
5000 3 12 4 0.0  -1
5000 3 13 1 0.0  -1
5000 3 13 2 0.0  -1
5000 3 13 3 0.0  -1
5000 3 13 4 0.0  -1
5000 3 14 1 0.0  212
5000 3 14 2 0.0  -1
5000 3 14 3 0.0  212
5000 3 14 4 0.0  -1
5000 3 15 1 0.0  10
5000 3 15 2 0.0  -1
5000 3 15 3 0.0  212
5000 3 15 4 0.0  -1
5000 3 16 1 0.0  212
5000 3 16 2 0.0  -1
5000 3 16 3 0.0  -1
5000 3 16 4 0.0  -1
5000 3 17 1 0.0  -1
5000 3 17 2 0.0  -1
5000 3 17 3 0.0  -1
5000 3 17 4 0.0  212
5000 3 18 1 0.0  -1
5000 3 18 2 0.0  -1
5000 3 18 3 0.0  212
5000 3 18 4 0.0  -1
5000 3 19 1 0.0  -1
5000 3 19 2 0.0  212
5000 3 19 3 0.0  -1
5000 3 19 4 0.0  -1
5000 3 20 1 0.0  -1
5000 3 20 2 0.0  -1
5000 3 20 3 0.0  212
5000 3 20 4 0.0  -1
5000 3 21 1 0.0  -1
5000 3 21 2 0.0  212
5000 3 21 3 0.0  12
5000 3 21 4 0.0  -1
5000 3 22 1 0.0  -1
5000 3 22 2 0.0  -1
5000 3 22 3 0.0  212
5000 3 22 4 0.0  -1
5000 3 23 1 0.0  212
5000 3 23 2 0.0  12
5000 3 23 3 0.0  -1
5000 3 23 4 0.0  -1
5000 3 24 1 0.0  -1
5000 3 24 2 0.0  -1
5000 3 24 3 0.0  212
5000 3 24 4 0.0  -1
5000 3 25 1 0.0  -1
5000 3 25 2 0.0  -1
5000 3 25 3 0.0  -1
5000 3 25 4 0.0  212
500 4 1 1 0.0  -1
500 4 1 2 0.0  11
500 4 1 3 0.0  47
500 4 1 4 0.0  47
500 4 2 1 0.0  13
500 4 2 2 0.0  -1
500 4 2 3 0.0  -1
500 4 2 4 0.0  12
500 4 3 1 0.0  -1
500 4 3 2 0.0  -1
500 4 3 3 0.0  -1
500 4 3 4 0.0  12
500 4 4 1 0.0  -1
500 4 4 2 0.0  -1
500 4 4 3 0.0  12
500 4 4 4 0.0  11
500 4 5 1 0.0  -1
500 4 5 2 0.0  -1
500 4 5 3 0.0  -1
500 4 5 4 0.0  -1
500 4 6 1 0.0  -1
500 4 6 2 0.0  -1
500 4 6 3 0.0  -1
500 4 6 4 0.0  47
500 4 7 1 0.0  -1
500 4 7 2 0.0  -1
500 4 7 3 0.0  6
500 4 7 4 0.0  12
500 4 8 1 0.0  -1
500 4 8 2 0.0  -1
500 4 8 3 0.0  -1
500 4 8 4 0.0  47
500 4 9 1 0.0  -1
500 4 9 2 0.0  3
500 4 9 3 0.0  12
500 4 9 4 0.0  12
500 4 10 1 0.0  10
500 4 10 2 0.0  -1
500 4 10 3 0.0  12
500 4 10 4 0.0  -1
500 4 11 1 0.0  4
500 4 11 2 0.0  -1
500 4 11 3 0.0  -1
500 4 11 4 0.0  12
500 4 12 1 0.0  -1
500 4 12 2 0.0  12
500 4 12 3 0.0  -1
500 4 12 4 0.0  9
500 4 13 1 0.0  47
500 4 13 2 0.0  -1
500 4 13 3 0.0  -1
500 4 13 4 0.0  47
500 4 14 1 0.0  -1
500 4 14 2 0.0  47
500 4 14 3 0.0  -1
500 4 14 4 0.0  -1
500 4 15 1 0.0  -1
500 4 15 2 0.0  12
500 4 15 3 0.0  -1
500 4 15 4 0.0  47
500 4 16 1 0.0  -1
500 4 16 2 0.0  -1
500 4 16 3 0.0  -1
500 4 16 4 0.0  47
500 4 17 1 0.0  47
500 4 17 2 0.0  -1
500 4 17 3 0.0  -1
500 4 17 4 0.0  12
500 4 18 1 0.0  -1
500 4 18 2 0.0  47
500 4 18 3 0.0  -1
500 4 18 4 0.0  -1
500 4 19 1 0.0  -1
500 4 19 2 0.0  -1
500 4 19 3 0.0  25
500 4 19 4 0.0  -1
500 4 20 1 0.0  -1
500 4 20 2 0.0  3
500 4 20 3 0.0  12
500 4 20 4 0.0  -1
500 4 21 1 0.0  -1
500 4 21 2 0.0  10
500 4 21 3 0.0  -1
500 4 21 4 0.0  12
500 4 22 1 0.0  12
500 4 22 2 0.0  -1
500 4 22 3 0.0  -1
500 4 22 4 0.0  -1
500 4 23 1 0.0  12
500 4 23 2 0.0  7
500 4 23 3 0.0  -1
500 4 23 4 0.0  -1
500 4 24 1 0.0  5
500 4 24 2 0.0  47
500 4 24 3 0.0  -1
500 4 24 4 0.0  -1
500 4 25 1 0.0  -1
500 4 25 2 0.0  11
500 4 25 3 0.0  -1
500 4 25 4 0.0  12
1000 4 1 1 0.0  -1
1000 4 1 2 0.0  11
1000 4 1 3 0.0  -1
1000 4 1 4 0.0  48
1000 4 2 1 0.0  -1
1000 4 2 2 0.0  48
1000 4 2 3 0.0  -1
1000 4 2 4 0.0  -1
1000 4 3 1 0.0  -1
1000 4 3 2 0.0  2
1000 4 3 3 0.0  2
1000 4 3 4 0.0  48
1000 4 4 1 0.0  -1
1000 4 4 2 0.0  -1
1000 4 4 3 0.0  -1
1000 4 4 4 0.0  48
1000 4 5 1 0.0  48
1000 4 5 2 0.0  -1
1000 4 5 3 0.0  20
1000 4 5 4 0.0  -1
1000 4 6 1 0.0  -1
1000 4 6 2 0.0  48
1000 4 6 3 0.0  14
1000 4 6 4 0.0  -1
1000 4 7 1 0.0  -1
1000 4 7 2 0.0  2
1000 4 7 3 0.0  48
1000 4 7 4 0.0  2
1000 4 8 1 0.0  -1
1000 4 8 2 0.0  48
1000 4 8 3 0.0  -1
1000 4 8 4 0.0  -1
1000 4 9 1 0.0  48
1000 4 9 2 0.0  2
1000 4 9 3 0.0  -1
1000 4 9 4 0.0  2
1000 4 10 1 0.0  7
1000 4 10 2 0.0  48
1000 4 10 3 0.0  28
1000 4 10 4 0.0  -1
1000 4 11 1 0.0  -1
1000 4 11 2 0.0  -1
1000 4 11 3 0.0  48
1000 4 11 4 0.0  4
1000 4 12 1 0.0  48
1000 4 12 2 0.0  -1
1000 4 12 3 0.0  -1
1000 4 12 4 0.0  -1
1000 4 13 1 0.0  -1
1000 4 13 2 0.0  -1
1000 4 13 3 0.0  48
1000 4 13 4 0.0  2
1000 4 14 1 0.0  -1
1000 4 14 2 0.0  48
1000 4 14 3 0.0  -1
1000 4 14 4 0.0  -1
1000 4 15 1 0.0  -1
1000 4 15 2 0.0  2
1000 4 15 3 0.0  48
1000 4 15 4 0.0  -1
1000 4 16 1 0.0  48
1000 4 16 2 0.0  48
1000 4 16 3 0.0  -1
1000 4 16 4 0.0  -1
1000 4 17 1 0.0  -1
1000 4 17 2 0.0  48
1000 4 17 3 0.0  -1
1000 4 17 4 0.0  2
1000 4 18 1 0.0  7
1000 4 18 2 0.0  48
1000 4 18 3 0.0  -1
1000 4 18 4 0.0  -1
1000 4 19 1 0.0  2
1000 4 19 2 0.0  2
1000 4 19 3 0.0  -1
1000 4 19 4 0.0  48
1000 4 20 1 0.0  48
1000 4 20 2 0.0  -1
1000 4 20 3 0.0  2
1000 4 20 4 0.0  48
1000 4 21 1 0.0  -1
1000 4 21 2 0.0  -1
1000 4 21 3 0.0  48
1000 4 21 4 0.0  6
1000 4 22 1 0.0  -1
1000 4 22 2 0.0  -1
1000 4 22 3 0.0  14
1000 4 22 4 0.0  48
1000 4 23 1 0.0  48
1000 4 23 2 0.0  2
1000 4 23 3 0.0  -1
1000 4 23 4 0.0  -1
1000 4 24 1 0.0  -1
1000 4 24 2 0.0  -1
1000 4 24 3 0.0  -1
1000 4 24 4 0.0  48
1000 4 25 1 0.0  2
1000 4 25 2 0.0  -1
1000 4 25 3 0.0  -1
1000 4 25 4 0.0  48
1500 4 1 1 0.0  3
1500 4 1 2 0.0  -1
1500 4 1 3 0.0  -1
1500 4 1 4 0.0  48
1500 4 2 1 0.0  48
1500 4 2 2 0.0  6
1500 4 2 3 0.0  -1
1500 4 2 4 0.0  14
1500 4 3 1 0.0  -1
1500 4 3 2 0.0  -1
1500 4 3 3 0.0  5
1500 4 3 4 0.0  48
1500 4 4 1 0.0  -1
1500 4 4 2 0.0  48
1500 4 4 3 0.0  -1
1500 4 4 4 0.0  -1
1500 4 5 1 0.0  -1
1500 4 5 2 0.0  -1
1500 4 5 3 0.0  48
1500 4 5 4 0.0  -1
1500 4 6 1 0.0  48
1500 4 6 2 0.0  2
1500 4 6 3 0.0  2
1500 4 6 4 0.0  -1
1500 4 7 1 0.0  -1
1500 4 7 2 0.0  48
1500 4 7 3 0.0  -1
1500 4 7 4 0.0  -1
1500 4 8 1 0.0  -1
1500 4 8 2 0.0  2
1500 4 8 3 0.0  -1
1500 4 8 4 0.0  48
1500 4 9 1 0.0  48
1500 4 9 2 0.0  -1
1500 4 9 3 0.0  -1
1500 4 9 4 0.0  -1
1500 4 10 1 0.0  -1
1500 4 10 2 0.0  48
1500 4 10 3 0.0  -1
1500 4 10 4 0.0  -1
1500 4 11 1 0.0  24
1500 4 11 2 0.0  48
1500 4 11 3 0.0  -1
1500 4 11 4 0.0  -1
1500 4 12 1 0.0  48
1500 4 12 2 0.0  -1
1500 4 12 3 0.0  -1
1500 4 12 4 0.0  -1
1500 4 13 1 0.0  -1
1500 4 13 2 0.0  48
1500 4 13 3 0.0  -1
1500 4 13 4 0.0  -1
1500 4 14 1 0.0  -1
1500 4 14 2 0.0  48
1500 4 14 3 0.0  -1
1500 4 14 4 0.0  -1
1500 4 15 1 0.0  -1
1500 4 15 2 0.0  48
1500 4 15 3 0.0  -1
1500 4 15 4 0.0  -1
1500 4 16 1 0.0  -1
1500 4 16 2 0.0  -1
1500 4 16 3 0.0  48
1500 4 16 4 0.0  -1
1500 4 17 1 0.0  -1
1500 4 17 2 0.0  48
1500 4 17 3 0.0  2
1500 4 17 4 0.0  18
1500 4 18 1 0.0  3
1500 4 18 2 0.0  48
1500 4 18 3 0.0  -1
1500 4 18 4 0.0  -1
1500 4 19 1 0.0  48
1500 4 19 2 0.0  -1
1500 4 19 3 0.0  -1
1500 4 19 4 0.0  -1
1500 4 20 1 0.0  48
1500 4 20 2 0.0  -1
1500 4 20 3 0.0  -1
1500 4 20 4 0.0  -1
1500 4 21 1 0.0  48
1500 4 21 2 0.0  -1
1500 4 21 3 0.0  4
1500 4 21 4 0.0  18
1500 4 22 1 0.0  -1
1500 4 22 2 0.0  -1
1500 4 22 3 0.0  3
1500 4 22 4 0.0  48
1500 4 23 1 0.0  -1
1500 4 23 2 0.0  3
1500 4 23 3 0.0  -1
1500 4 23 4 0.0  48
1500 4 24 1 0.0  -1
1500 4 24 2 0.0  -1
1500 4 24 3 0.0  -1
1500 4 24 4 0.0  48
1500 4 25 1 0.0  -1
1500 4 25 2 0.0  -1
1500 4 25 3 0.0  -1
1500 4 25 4 0.0  48
2000 4 1 1 0.0  79
2000 4 1 2 0.0  24
2000 4 1 3 0.0  -1
2000 4 1 4 0.0  -1
2000 4 2 1 0.0  -1
2000 4 2 2 0.0  79
2000 4 2 3 0.0  79
2000 4 2 4 0.0  -1
2000 4 3 1 0.0  -1
2000 4 3 2 0.0  -1
2000 4 3 3 0.0  79
2000 4 3 4 0.0  -1
2000 4 4 1 0.0  -1
2000 4 4 2 0.0  -1
2000 4 4 3 0.0  -1
2000 4 4 4 0.0  79
2000 4 5 1 0.0  -1
2000 4 5 2 0.0  -1
2000 4 5 3 0.0  79
2000 4 5 4 0.0  -1
2000 4 6 1 0.0  -1
2000 4 6 2 0.0  -1
2000 4 6 3 0.0  79
2000 4 6 4 0.0  -1
2000 4 7 1 0.0  -1
2000 4 7 2 0.0  -1
2000 4 7 3 0.0  79
2000 4 7 4 0.0  79
2000 4 8 1 0.0  -1
2000 4 8 2 0.0  -1
2000 4 8 3 0.0  -1
2000 4 8 4 0.0  79
2000 4 9 1 0.0  -1
2000 4 9 2 0.0  -1
2000 4 9 3 0.0  -1
2000 4 9 4 0.0  79
2000 4 10 1 0.0  -1
2000 4 10 2 0.0  -1
2000 4 10 3 0.0  -1
2000 4 10 4 0.0  -1
2000 4 11 1 0.0  79
2000 4 11 2 0.0  -1
2000 4 11 3 0.0  -1
2000 4 11 4 0.0  79
2000 4 12 1 0.0  -1
2000 4 12 2 0.0  79
2000 4 12 3 0.0  -1
2000 4 12 4 0.0  -1
2000 4 13 1 0.0  79
2000 4 13 2 0.0  -1
2000 4 13 3 0.0  -1
2000 4 13 4 0.0  -1
2000 4 14 1 0.0  79
2000 4 14 2 0.0  -1
2000 4 14 3 0.0  -1
2000 4 14 4 0.0  79
2000 4 15 1 0.0  -1
2000 4 15 2 0.0  -1
2000 4 15 3 0.0  -1
2000 4 15 4 0.0  79
2000 4 16 1 0.0  -1
2000 4 16 2 0.0  79
2000 4 16 3 0.0  -1
2000 4 16 4 0.0  79
2000 4 17 1 0.0  79
2000 4 17 2 0.0  -1
2000 4 17 3 0.0  6
2000 4 17 4 0.0  -1
2000 4 18 1 0.0  -1
2000 4 18 2 0.0  -1
2000 4 18 3 0.0  79
2000 4 18 4 0.0  -1
2000 4 19 1 0.0  14
2000 4 19 2 0.0  -1
2000 4 19 3 0.0  -1
2000 4 19 4 0.0  79
2000 4 20 1 0.0  79
2000 4 20 2 0.0  -1
2000 4 20 3 0.0  -1
2000 4 20 4 0.0  -1
2000 4 21 1 0.0  -1
2000 4 21 2 0.0  79
2000 4 21 3 0.0  -1
2000 4 21 4 0.0  -1
2000 4 22 1 0.0  79
2000 4 22 2 0.0  -1
2000 4 22 3 0.0  -1
2000 4 22 4 0.0  -1
2000 4 23 1 0.0  79
2000 4 23 2 0.0  -1
2000 4 23 3 0.0  79
2000 4 23 4 0.0  -1
2000 4 24 1 0.0  -1
2000 4 24 2 0.0  79
2000 4 24 3 0.0  -1
2000 4 24 4 0.0  -1
2000 4 25 1 0.0  -1
2000 4 25 2 0.0  79
2000 4 25 3 0.0  -1
2000 4 25 4 0.0  -1
2500 4 1 1 0.0  107
2500 4 1 2 0.0  4
2500 4 1 3 0.0  -1
2500 4 1 4 0.0  -1
2500 4 2 1 0.0  101
2500 4 2 2 0.0  -1
2500 4 2 3 0.0  107
2500 4 2 4 0.0  -1
2500 4 3 1 0.0  -1
2500 4 3 2 0.0  -1
2500 4 3 3 0.0  107
2500 4 3 4 0.0  -1
2500 4 4 1 0.0  7
2500 4 4 2 0.0  -1
2500 4 4 3 0.0  107
2500 4 4 4 0.0  -1
2500 4 5 1 0.0  3
2500 4 5 2 0.0  -1
2500 4 5 3 0.0  -1
2500 4 5 4 0.0  107
2500 4 6 1 0.0  -1
2500 4 6 2 0.0  7
2500 4 6 3 0.0  107
2500 4 6 4 0.0  -1
2500 4 7 1 0.0  -1
2500 4 7 2 0.0  107
2500 4 7 3 0.0  -1
2500 4 7 4 0.0  -1
2500 4 8 1 0.0  -1
2500 4 8 2 0.0  -1
2500 4 8 3 0.0  -1
2500 4 8 4 0.0  107
2500 4 9 1 0.0  -1
2500 4 9 2 0.0  107
2500 4 9 3 0.0  -1
2500 4 9 4 0.0  -1
2500 4 10 1 0.0  -1
2500 4 10 2 0.0  -1
2500 4 10 3 0.0  -1
2500 4 10 4 0.0  -1
2500 4 11 1 0.0  -1
2500 4 11 2 0.0  -1
2500 4 11 3 0.0  -1
2500 4 11 4 0.0  107
2500 4 12 1 0.0  -1
2500 4 12 2 0.0  107
2500 4 12 3 0.0  -1
2500 4 12 4 0.0  -1
2500 4 13 1 0.0  107
2500 4 13 2 0.0  -1
2500 4 13 3 0.0  -1
2500 4 13 4 0.0  3
2500 4 14 1 0.0  107
2500 4 14 2 0.0  -1
2500 4 14 3 0.0  -1
2500 4 14 4 0.0  -1
2500 4 15 1 0.0  -1
2500 4 15 2 0.0  107
2500 4 15 3 0.0  -1
2500 4 15 4 0.0  -1
2500 4 16 1 0.0  -1
2500 4 16 2 0.0  -1
2500 4 16 3 0.0  -1
2500 4 16 4 0.0  107
2500 4 17 1 0.0  -1
2500 4 17 2 0.0  -1
2500 4 17 3 0.0  107
2500 4 17 4 0.0  -1
2500 4 18 1 0.0  -1
2500 4 18 2 0.0  21
2500 4 18 3 0.0  107
2500 4 18 4 0.0  -1
2500 4 19 1 0.0  -1
2500 4 19 2 0.0  -1
2500 4 19 3 0.0  107
2500 4 19 4 0.0  -1
2500 4 20 1 0.0  -1
2500 4 20 2 0.0  107
2500 4 20 3 0.0  -1
2500 4 20 4 0.0  23
2500 4 21 1 0.0  -1
2500 4 21 2 0.0  -1
2500 4 21 3 0.0  -1
2500 4 21 4 0.0  107
2500 4 22 1 0.0  107
2500 4 22 2 0.0  -1
2500 4 22 3 0.0  -1
2500 4 22 4 0.0  -1
2500 4 23 1 0.0  -1
2500 4 23 2 0.0  107
2500 4 23 3 0.0  -1
2500 4 23 4 0.0  -1
2500 4 24 1 0.0  -1
2500 4 24 2 0.0  -1
2500 4 24 3 0.0  107
2500 4 24 4 0.0  -1
2500 4 25 1 0.0  -1
2500 4 25 2 0.0  -1
2500 4 25 3 0.0  107
2500 4 25 4 0.0  -1
3000 4 1 1 0.0  3
3000 4 1 2 0.0  -1
3000 4 1 3 0.0  -1
3000 4 1 4 0.0  107
3000 4 2 1 0.0  -1
3000 4 2 2 0.0  -1
3000 4 2 3 0.0  107
3000 4 2 4 0.0  -1
3000 4 3 1 0.0  107
3000 4 3 2 0.0  -1
3000 4 3 3 0.0  -1
3000 4 3 4 0.0  -1
3000 4 4 1 0.0  -1
3000 4 4 2 0.0  107
3000 4 4 3 0.0  -1
3000 4 4 4 0.0  -1
3000 4 5 1 0.0  -1
3000 4 5 2 0.0  101
3000 4 5 3 0.0  3
3000 4 5 4 0.0  107
3000 4 6 1 0.0  -1
3000 4 6 2 0.0  -1
3000 4 6 3 0.0  107
3000 4 6 4 0.0  -1
3000 4 7 1 0.0  -1
3000 4 7 2 0.0  107
3000 4 7 3 0.0  -1
3000 4 7 4 0.0  -1
3000 4 8 1 0.0  107
3000 4 8 2 0.0  21
3000 4 8 3 0.0  -1
3000 4 8 4 0.0  -1
3000 4 9 1 0.0  107
3000 4 9 2 0.0  -1
3000 4 9 3 0.0  -1
3000 4 9 4 0.0  37
3000 4 10 1 0.0  -1
3000 4 10 2 0.0  107
3000 4 10 3 0.0  -1
3000 4 10 4 0.0  37
3000 4 11 1 0.0  3
3000 4 11 2 0.0  -1
3000 4 11 3 0.0  107
3000 4 11 4 0.0  11
3000 4 12 1 0.0  -1
3000 4 12 2 0.0  107
3000 4 12 3 0.0  -1
3000 4 12 4 0.0  -1
3000 4 13 1 0.0  -1
3000 4 13 2 0.0  -1
3000 4 13 3 0.0  107
3000 4 13 4 0.0  3
3000 4 14 1 0.0  -1
3000 4 14 2 0.0  -1
3000 4 14 3 0.0  -1
3000 4 14 4 0.0  107
3000 4 15 1 0.0  -1
3000 4 15 2 0.0  107
3000 4 15 3 0.0  -1
3000 4 15 4 0.0  11
3000 4 16 1 0.0  -1
3000 4 16 2 0.0  107
3000 4 16 3 0.0  -1
3000 4 16 4 0.0  -1
3000 4 17 1 0.0  -1
3000 4 17 2 0.0  7
3000 4 17 3 0.0  -1
3000 4 17 4 0.0  107
3000 4 18 1 0.0  -1
3000 4 18 2 0.0  107
3000 4 18 3 0.0  -1
3000 4 18 4 0.0  -1
3000 4 19 1 0.0  -1
3000 4 19 2 0.0  -1
3000 4 19 3 0.0  107
3000 4 19 4 0.0  -1
3000 4 20 1 0.0  -1
3000 4 20 2 0.0  -1
3000 4 20 3 0.0  -1
3000 4 20 4 0.0  107
3000 4 21 1 0.0  -1
3000 4 21 2 0.0  -1
3000 4 21 3 0.0  -1
3000 4 21 4 0.0  107
3000 4 22 1 0.0  -1
3000 4 22 2 0.0  -1
3000 4 22 3 0.0  107
3000 4 22 4 0.0  -1
3000 4 23 1 0.0  -1
3000 4 23 2 0.0  107
3000 4 23 3 0.0  -1
3000 4 23 4 0.0  -1
3000 4 24 1 0.0  -1
3000 4 24 2 0.0  -1
3000 4 24 3 0.0  37
3000 4 24 4 0.0  107
3000 4 25 1 0.0  -1
3000 4 25 2 0.0  -1
3000 4 25 3 0.0  107
3000 4 25 4 0.0  -1
3500 4 1 1 0.0  -1
3500 4 1 2 0.0  107
3500 4 1 3 0.0  -1
3500 4 1 4 0.0  3
3500 4 2 1 0.0  107
3500 4 2 2 0.0  -1
3500 4 2 3 0.0  -1
3500 4 2 4 0.0  -1
3500 4 3 1 0.0  107
3500 4 3 2 0.0  -1
3500 4 3 3 0.0  3
3500 4 3 4 0.0  -1
3500 4 4 1 0.0  -1
3500 4 4 2 0.0  107
3500 4 4 3 0.0  -1
3500 4 4 4 0.0  -1
3500 4 5 1 0.0  -1
3500 4 5 2 0.0  107
3500 4 5 3 0.0  3
3500 4 5 4 0.0  3
3500 4 6 1 0.0  -1
3500 4 6 2 0.0  -1
3500 4 6 3 0.0  -1
3500 4 6 4 0.0  107
3500 4 7 1 0.0  107
3500 4 7 2 0.0  3
3500 4 7 3 0.0  -1
3500 4 7 4 0.0  -1
3500 4 8 1 0.0  -1
3500 4 8 2 0.0  -1
3500 4 8 3 0.0  107
3500 4 8 4 0.0  107
3500 4 9 1 0.0  -1
3500 4 9 2 0.0  -1
3500 4 9 3 0.0  -1
3500 4 9 4 0.0  107
3500 4 10 1 0.0  -1
3500 4 10 2 0.0  107
3500 4 10 3 0.0  -1
3500 4 10 4 0.0  37
3500 4 11 1 0.0  107
3500 4 11 2 0.0  -1
3500 4 11 3 0.0  -1
3500 4 11 4 0.0  -1
3500 4 12 1 0.0  107
3500 4 12 2 0.0  8
3500 4 12 3 0.0  -1
3500 4 12 4 0.0  107
3500 4 13 1 0.0  -1
3500 4 13 2 0.0  107
3500 4 13 3 0.0  -1
3500 4 13 4 0.0  -1
3500 4 14 1 0.0  -1
3500 4 14 2 0.0  -1
3500 4 14 3 0.0  -1
3500 4 14 4 0.0  -1
3500 4 15 1 0.0  -1
3500 4 15 2 0.0  -1
3500 4 15 3 0.0  107
3500 4 15 4 0.0  -1
3500 4 16 1 0.0  -1
3500 4 16 2 0.0  107
3500 4 16 3 0.0  -1
3500 4 16 4 0.0  -1
3500 4 17 1 0.0  -1
3500 4 17 2 0.0  -1
3500 4 17 3 0.0  -1
3500 4 17 4 0.0  107
3500 4 18 1 0.0  -1
3500 4 18 2 0.0  -1
3500 4 18 3 0.0  107
3500 4 18 4 0.0  -1
3500 4 19 1 0.0  -1
3500 4 19 2 0.0  -1
3500 4 19 3 0.0  107
3500 4 19 4 0.0  -1
3500 4 20 1 0.0  -1
3500 4 20 2 0.0  107
3500 4 20 3 0.0  -1
3500 4 20 4 0.0  -1
3500 4 21 1 0.0  -1
3500 4 21 2 0.0  -1
3500 4 21 3 0.0  107
3500 4 21 4 0.0  -1
3500 4 22 1 0.0  107
3500 4 22 2 0.0  -1
3500 4 22 3 0.0  -1
3500 4 22 4 0.0  -1
3500 4 23 1 0.0  -1
3500 4 23 2 0.0  -1
3500 4 23 3 0.0  -1
3500 4 23 4 0.0  107
3500 4 24 1 0.0  3
3500 4 24 2 0.0  -1
3500 4 24 3 0.0  3
3500 4 24 4 0.0  107
3500 4 25 1 0.0  -1
3500 4 25 2 0.0  -1
3500 4 25 3 0.0  107
3500 4 25 4 0.0  -1
4000 4 1 1 0.0  107
4000 4 1 2 0.0  3
4000 4 1 3 0.0  -1
4000 4 1 4 0.0  -1
4000 4 2 1 0.0  -1
4000 4 2 2 0.0  -1
4000 4 2 3 0.0  -1
4000 4 2 4 0.0  -1
4000 4 3 1 0.0  -1
4000 4 3 2 0.0  107
4000 4 3 3 0.0  -1
4000 4 3 4 0.0  -1
4000 4 4 1 0.0  -1
4000 4 4 2 0.0  -1
4000 4 4 3 0.0  107
4000 4 4 4 0.0  -1
4000 4 5 1 0.0  -1
4000 4 5 2 0.0  -1
4000 4 5 3 0.0  107
4000 4 5 4 0.0  -1
4000 4 6 1 0.0  -1
4000 4 6 2 0.0  -1
4000 4 6 3 0.0  107
4000 4 6 4 0.0  -1
4000 4 7 1 0.0  -1
4000 4 7 2 0.0  -1
4000 4 7 3 0.0  107
4000 4 7 4 0.0  -1
4000 4 8 1 0.0  107
4000 4 8 2 0.0  -1
4000 4 8 3 0.0  3
4000 4 8 4 0.0  -1
4000 4 9 1 0.0  107
4000 4 9 2 0.0  -1
4000 4 9 3 0.0  107
4000 4 9 4 0.0  -1
4000 4 10 1 0.0  -1
4000 4 10 2 0.0  -1
4000 4 10 3 0.0  107
4000 4 10 4 0.0  -1
4000 4 11 1 0.0  107
4000 4 11 2 0.0  -1
4000 4 11 3 0.0  -1
4000 4 11 4 0.0  -1
4000 4 12 1 0.0  -1
4000 4 12 2 0.0  -1
4000 4 12 3 0.0  107
4000 4 12 4 0.0  -1
4000 4 13 1 0.0  -1
4000 4 13 2 0.0  -1
4000 4 13 3 0.0  -1
4000 4 13 4 0.0  107
4000 4 14 1 0.0  107
4000 4 14 2 0.0  -1
4000 4 14 3 0.0  -1
4000 4 14 4 0.0  -1
4000 4 15 1 0.0  -1
4000 4 15 2 0.0  107
4000 4 15 3 0.0  -1
4000 4 15 4 0.0  107
4000 4 16 1 0.0  -1
4000 4 16 2 0.0  -1
4000 4 16 3 0.0  107
4000 4 16 4 0.0  -1
4000 4 17 1 0.0  -1
4000 4 17 2 0.0  107
4000 4 17 3 0.0  -1
4000 4 17 4 0.0  -1
4000 4 18 1 0.0  107
4000 4 18 2 0.0  -1
4000 4 18 3 0.0  -1
4000 4 18 4 0.0  -1
4000 4 19 1 0.0  -1
4000 4 19 2 0.0  -1
4000 4 19 3 0.0  -1
4000 4 19 4 0.0  107
4000 4 20 1 0.0  107
4000 4 20 2 0.0  20
4000 4 20 3 0.0  -1
4000 4 20 4 0.0  37
4000 4 21 1 0.0  -1
4000 4 21 2 0.0  3
4000 4 21 3 0.0  -1
4000 4 21 4 0.0  107
4000 4 22 1 0.0  -1
4000 4 22 2 0.0  -1
4000 4 22 3 0.0  107
4000 4 22 4 0.0  -1
4000 4 23 1 0.0  107
4000 4 23 2 0.0  -1
4000 4 23 3 0.0  107
4000 4 23 4 0.0  25
4000 4 24 1 0.0  3
4000 4 24 2 0.0  -1
4000 4 24 3 0.0  107
4000 4 24 4 0.0  22
4000 4 25 1 0.0  -1
4000 4 25 2 0.0  -1
4000 4 25 3 0.0  107
4000 4 25 4 0.0  -1
4500 4 1 1 0.0  107
4500 4 1 2 0.0  -1
4500 4 1 3 0.0  24
4500 4 1 4 0.0  -1
4500 4 2 1 0.0  -1
4500 4 2 2 0.0  107
4500 4 2 3 0.0  -1
4500 4 2 4 0.0  -1
4500 4 3 1 0.0  -1
4500 4 3 2 0.0  -1
4500 4 3 3 0.0  107
4500 4 3 4 0.0  -1
4500 4 4 1 0.0  -1
4500 4 4 2 0.0  -1
4500 4 4 3 0.0  107
4500 4 4 4 0.0  38
4500 4 5 1 0.0  6
4500 4 5 2 0.0  -1
4500 4 5 3 0.0  107
4500 4 5 4 0.0  7
4500 4 6 1 0.0  107
4500 4 6 2 0.0  -1
4500 4 6 3 0.0  -1
4500 4 6 4 0.0  -1
4500 4 7 1 0.0  -1
4500 4 7 2 0.0  -1
4500 4 7 3 0.0  107
4500 4 7 4 0.0  -1
4500 4 8 1 0.0  -1
4500 4 8 2 0.0  -1
4500 4 8 3 0.0  -1
4500 4 8 4 0.0  -1
4500 4 9 1 0.0  -1
4500 4 9 2 0.0  107
4500 4 9 3 0.0  -1
4500 4 9 4 0.0  -1
4500 4 10 1 0.0  -1
4500 4 10 2 0.0  -1
4500 4 10 3 0.0  -1
4500 4 10 4 0.0  107
4500 4 11 1 0.0  -1
4500 4 11 2 0.0  -1
4500 4 11 3 0.0  -1
4500 4 11 4 0.0  107
4500 4 12 1 0.0  -1
4500 4 12 2 0.0  -1
4500 4 12 3 0.0  -1
4500 4 12 4 0.0  107
4500 4 13 1 0.0  107
4500 4 13 2 0.0  3
4500 4 13 3 0.0  -1
4500 4 13 4 0.0  -1
4500 4 14 1 0.0  7
4500 4 14 2 0.0  -1
4500 4 14 3 0.0  107
4500 4 14 4 0.0  -1
4500 4 15 1 0.0  5
4500 4 15 2 0.0  -1
4500 4 15 3 0.0  107
4500 4 15 4 0.0  -1
4500 4 16 1 0.0  107
4500 4 16 2 0.0  -1
4500 4 16 3 0.0  -1
4500 4 16 4 0.0  -1
4500 4 17 1 0.0  107
4500 4 17 2 0.0  -1
4500 4 17 3 0.0  -1
4500 4 17 4 0.0  -1
4500 4 18 1 0.0  107
4500 4 18 2 0.0  -1
4500 4 18 3 0.0  -1
4500 4 18 4 0.0  -1
4500 4 19 1 0.0  -1
4500 4 19 2 0.0  -1
4500 4 19 3 0.0  107
4500 4 19 4 0.0  -1
4500 4 20 1 0.0  -1
4500 4 20 2 0.0  107
4500 4 20 3 0.0  -1
4500 4 20 4 0.0  2
4500 4 21 1 0.0  107
4500 4 21 2 0.0  -1
4500 4 21 3 0.0  -1
4500 4 21 4 0.0  -1
4500 4 22 1 0.0  -1
4500 4 22 2 0.0  5
4500 4 22 3 0.0  107
4500 4 22 4 0.0  -1
4500 4 23 1 0.0  107
4500 4 23 2 0.0  107
4500 4 23 3 0.0  -1
4500 4 23 4 0.0  -1
4500 4 24 1 0.0  -1
4500 4 24 2 0.0  -1
4500 4 24 3 0.0  107
4500 4 24 4 0.0  -1
4500 4 25 1 0.0  -1
4500 4 25 2 0.0  -1
4500 4 25 3 0.0  -1
4500 4 25 4 0.0  107
5000 4 1 1 0.0  -1
5000 4 1 2 0.0  107
5000 4 1 3 0.0  -1
5000 4 1 4 0.0  -1
5000 4 2 1 0.0  -1
5000 4 2 2 0.0  -1
5000 4 2 3 0.0  107
5000 4 2 4 0.0  -1
5000 4 3 1 0.0  -1
5000 4 3 2 0.0  -1
5000 4 3 3 0.0  -1
5000 4 3 4 0.0  -1
5000 4 4 1 0.0  -1
5000 4 4 2 0.0  -1
5000 4 4 3 0.0  107
5000 4 4 4 0.0  107
5000 4 5 1 0.0  -1
5000 4 5 2 0.0  107
5000 4 5 3 0.0  -1
5000 4 5 4 0.0  -1
5000 4 6 1 0.0  107
5000 4 6 2 0.0  5
5000 4 6 3 0.0  -1
5000 4 6 4 0.0  2
5000 4 7 1 0.0  -1
5000 4 7 2 0.0  -1
5000 4 7 3 0.0  107
5000 4 7 4 0.0  -1
5000 4 8 1 0.0  -1
5000 4 8 2 0.0  -1
5000 4 8 3 0.0  107
5000 4 8 4 0.0  -1
5000 4 9 1 0.0  107
5000 4 9 2 0.0  -1
5000 4 9 3 0.0  -1
5000 4 9 4 0.0  -1
5000 4 10 1 0.0  107
5000 4 10 2 0.0  -1
5000 4 10 3 0.0  -1
5000 4 10 4 0.0  -1
5000 4 11 1 0.0  107
5000 4 11 2 0.0  9
5000 4 11 3 0.0  -1
5000 4 11 4 0.0  -1
5000 4 12 1 0.0  107
5000 4 12 2 0.0  -1
5000 4 12 3 0.0  -1
5000 4 12 4 0.0  -1
5000 4 13 1 0.0  107
5000 4 13 2 0.0  -1
5000 4 13 3 0.0  -1
5000 4 13 4 0.0  -1
5000 4 14 1 0.0  -1
5000 4 14 2 0.0  -1
5000 4 14 3 0.0  -1
5000 4 14 4 0.0  107
5000 4 15 1 0.0  -1
5000 4 15 2 0.0  107
5000 4 15 3 0.0  -1
5000 4 15 4 0.0  -1
5000 4 16 1 0.0  -1
5000 4 16 2 0.0  -1
5000 4 16 3 0.0  107
5000 4 16 4 0.0  -1
5000 4 17 1 0.0  -1
5000 4 17 2 0.0  107
5000 4 17 3 0.0  -1
5000 4 17 4 0.0  -1
5000 4 18 1 0.0  -1
5000 4 18 2 0.0  -1
5000 4 18 3 0.0  -1
5000 4 18 4 0.0  107
5000 4 19 1 0.0  -1
5000 4 19 2 0.0  -1
5000 4 19 3 0.0  107
5000 4 19 4 0.0  -1
5000 4 20 1 0.0  2
5000 4 20 2 0.0  -1
5000 4 20 3 0.0  -1
5000 4 20 4 0.0  107
5000 4 21 1 0.0  -1
5000 4 21 2 0.0  107
5000 4 21 3 0.0  -1
5000 4 21 4 0.0  -1
5000 4 22 1 0.0  -1
5000 4 22 2 0.0  -1
5000 4 22 3 0.0  -1
5000 4 22 4 0.0  107
5000 4 23 1 0.0  -1
5000 4 23 2 0.0  2
5000 4 23 3 0.0  107
5000 4 23 4 0.0  -1
5000 4 24 1 0.0  107
5000 4 24 2 0.0  -1
5000 4 24 3 0.0  -1
5000 4 24 4 0.0  101
5000 4 25 1 0.0  -1
5000 4 25 2 0.0  -1
5000 4 25 3 0.0  107
5000 4 25 4 0.0  -1
