500 7 1 1 0.0  -1
500 7 1 2 0.0  19
500 7 1 3 0.0  16
500 7 1 4 0.0  -1
500 7 2 1 0.0  21
500 7 2 2 0.0  -1
500 7 2 3 0.0  -1
500 7 2 4 0.0  -1
500 7 3 1 0.0  -1
500 7 3 2 0.0  19
500 7 3 3 0.0  -1
500 7 3 4 0.0  10
500 7 4 1 0.0  -1
500 7 4 2 0.0  -1
500 7 4 3 0.0  19
500 7 4 4 0.0  10
500 7 5 1 0.0  -1
500 7 5 2 0.0  11
500 7 5 3 0.0  -1
500 7 5 4 0.0  19
500 7 6 1 0.0  3
500 7 6 2 0.0  3
500 7 6 3 0.0  3
500 7 6 4 0.0  3
500 7 7 1 0.0  19
500 7 7 2 0.0  19
500 7 7 3 0.0  9
500 7 7 4 0.0  19
500 7 8 1 0.0  -1
500 7 8 2 0.0  -1
500 7 8 3 0.0  21
500 7 8 4 0.0  3
500 7 9 1 0.0  -1
500 7 9 2 0.0  9
500 7 9 3 0.0  5
500 7 9 4 0.0  19
500 7 10 1 0.0  14
500 7 10 2 0.0  19
500 7 10 3 0.0  -1
500 7 10 4 0.0  3
500 7 11 1 0.0  -1
500 7 11 2 0.0  19
500 7 11 3 0.0  -1
500 7 11 4 0.0  5
500 7 12 1 0.0  3
500 7 12 2 0.0  19
500 7 12 3 0.0  -1
500 7 12 4 0.0  -1
500 7 13 1 0.0  -1
500 7 13 2 0.0  -1
500 7 13 3 0.0  19
500 7 13 4 0.0  3
500 7 14 1 0.0  5
500 7 14 2 0.0  13
500 7 14 3 0.0  -1
500 7 14 4 0.0  19
500 7 15 1 0.0  21
500 7 15 2 0.0  3
500 7 15 3 0.0  -1
500 7 15 4 0.0  3
500 7 16 1 0.0  3
500 7 16 2 0.0  3
500 7 16 3 0.0  21
500 7 16 4 0.0  -1
500 7 17 1 0.0  19
500 7 17 2 0.0  2
500 7 17 3 0.0  19
500 7 17 4 0.0  -1
500 7 18 1 0.0  -1
500 7 18 2 0.0  21
500 7 18 3 0.0  3
500 7 18 4 0.0  -1
500 7 19 1 0.0  9
500 7 19 2 0.0  9
500 7 19 3 0.0  -1
500 7 19 4 0.0  19
500 7 20 1 0.0  -1
500 7 20 2 0.0  -1
500 7 20 3 0.0  19
500 7 20 4 0.0  10
500 7 21 1 0.0  -1
500 7 21 2 0.0  5
500 7 21 3 0.0  -1
500 7 21 4 0.0  19
500 7 22 1 0.0  21
500 7 22 2 0.0  -1
500 7 22 3 0.0  3
500 7 22 4 0.0  -1
500 7 23 1 0.0  3
500 7 23 2 0.0  19
500 7 23 3 0.0  3
500 7 23 4 0.0  19
500 7 24 1 0.0  -1
500 7 24 2 0.0  19
500 7 24 3 0.0  -1
500 7 24 4 0.0  -1
500 7 25 1 0.0  -1
500 7 25 2 0.0  19
500 7 25 3 0.0  -1
500 7 25 4 0.0  10
1000 7 1 1 0.0  8
1000 7 1 2 0.0  8
1000 7 1 3 0.0  2
1000 7 1 4 0.0  41
1000 7 2 1 0.0  -1
1000 7 2 2 0.0  -1
1000 7 2 3 0.0  41
1000 7 2 4 0.0  -1
1000 7 3 1 0.0  -1
1000 7 3 2 0.0  -1
1000 7 3 3 0.0  -1
1000 7 3 4 0.0  41
1000 7 4 1 0.0  41
1000 7 4 2 0.0  -1
1000 7 4 3 0.0  7
1000 7 4 4 0.0  -1
1000 7 5 1 0.0  -1
1000 7 5 2 0.0  41
1000 7 5 3 0.0  41
1000 7 5 4 0.0  2
1000 7 6 1 0.0  41
1000 7 6 2 0.0  -1
1000 7 6 3 0.0  -1
1000 7 6 4 0.0  -1
1000 7 7 1 0.0  -1
1000 7 7 2 0.0  -1
1000 7 7 3 0.0  41
1000 7 7 4 0.0  -1
1000 7 8 1 0.0  2
1000 7 8 2 0.0  3
1000 7 8 3 0.0  41
1000 7 8 4 0.0  2
1000 7 9 1 0.0  2
1000 7 9 2 0.0  -1
1000 7 9 3 0.0  41
1000 7 9 4 0.0  9
1000 7 10 1 0.0  41
1000 7 10 2 0.0  1
1000 7 10 3 0.0  1
1000 7 10 4 0.0  -1
1000 7 11 1 0.0  41
1000 7 11 2 0.0  -1
1000 7 11 3 0.0  -1
1000 7 11 4 0.0  -1
1000 7 12 1 0.0  -1
1000 7 12 2 0.0  -1
1000 7 12 3 0.0  41
1000 7 12 4 0.0  41
1000 7 13 1 0.0  -1
1000 7 13 2 0.0  9
1000 7 13 3 0.0  41
1000 7 13 4 0.0  9
1000 7 14 1 0.0  -1
1000 7 14 2 0.0  41
1000 7 14 3 0.0  41
1000 7 14 4 0.0  -1
1000 7 15 1 0.0  -1
1000 7 15 2 0.0  41
1000 7 15 3 0.0  -1
1000 7 15 4 0.0  -1
1000 7 16 1 0.0  41
1000 7 16 2 0.0  41
1000 7 16 3 0.0  -1
1000 7 16 4 0.0  -1
1000 7 17 1 0.0  2
1000 7 17 2 0.0  -1
1000 7 17 3 0.0  -1
1000 7 17 4 0.0  6
1000 7 18 1 0.0  -1
1000 7 18 2 0.0  -1
1000 7 18 3 0.0  41
1000 7 18 4 0.0  -1
1000 7 19 1 0.0  1
1000 7 19 2 0.0  2
1000 7 19 3 0.0  41
1000 7 19 4 0.0  8
1000 7 20 1 0.0  41
1000 7 20 2 0.0  -1
1000 7 20 3 0.0  8
1000 7 20 4 0.0  -1
1000 7 21 1 0.0  3
1000 7 21 2 0.0  41
1000 7 21 3 0.0  41
1000 7 21 4 0.0  -1
1000 7 22 1 0.0  -1
1000 7 22 2 0.0  8
1000 7 22 3 0.0  2
1000 7 22 4 0.0  41
1000 7 23 1 0.0  -1
1000 7 23 2 0.0  41
1000 7 23 3 0.0  -1
1000 7 23 4 0.0  -1
1000 7 24 1 0.0  -1
1000 7 24 2 0.0  41
1000 7 24 3 0.0  8
1000 7 24 4 0.0  -1
1000 7 25 1 0.0  -1
1000 7 25 2 0.0  41
1000 7 25 3 0.0  22
1000 7 25 4 0.0  -1
1500 7 1 1 0.0  -1
1500 7 1 2 0.0  9
1500 7 1 3 0.0  41
1500 7 1 4 0.0  -1
1500 7 2 1 0.0  2
1500 7 2 2 0.0  3
1500 7 2 3 0.0  2
1500 7 2 4 0.0  41
1500 7 3 1 0.0  41
1500 7 3 2 0.0  -1
1500 7 3 3 0.0  -1
1500 7 3 4 0.0  -1
1500 7 4 1 0.0  41
1500 7 4 2 0.0  -1
1500 7 4 3 0.0  -1
1500 7 4 4 0.0  41
1500 7 5 1 0.0  41
1500 7 5 2 0.0  7
1500 7 5 3 0.0  41
1500 7 5 4 0.0  6
1500 7 6 1 0.0  8
1500 7 6 2 0.0  -1
1500 7 6 3 0.0  -1
1500 7 6 4 0.0  7
1500 7 7 1 0.0  -1
1500 7 7 2 0.0  41
1500 7 7 3 0.0  3
1500 7 7 4 0.0  8
1500 7 8 1 0.0  -1
1500 7 8 2 0.0  4
1500 7 8 3 0.0  -1
1500 7 8 4 0.0  41
1500 7 9 1 0.0  -1
1500 7 9 2 0.0  41
1500 7 9 3 0.0  -1
1500 7 9 4 0.0  -1
1500 7 10 1 0.0  -1
1500 7 10 2 0.0  41
1500 7 10 3 0.0  -1
1500 7 10 4 0.0  -1
1500 7 11 1 0.0  -1
1500 7 11 2 0.0  2
1500 7 11 3 0.0  -1
1500 7 11 4 0.0  41
1500 7 12 1 0.0  41
1500 7 12 2 0.0  -1
1500 7 12 3 0.0  -1
1500 7 12 4 0.0  -1
1500 7 13 1 0.0  41
1500 7 13 2 0.0  -1
1500 7 13 3 0.0  4
1500 7 13 4 0.0  -1
1500 7 14 1 0.0  -1
1500 7 14 2 0.0  41
1500 7 14 3 0.0  41
1500 7 14 4 0.0  -1
1500 7 15 1 0.0  3
1500 7 15 2 0.0  41
1500 7 15 3 0.0  -1
1500 7 15 4 0.0  -1
1500 7 16 1 0.0  41
1500 7 16 2 0.0  -1
1500 7 16 3 0.0  8
1500 7 16 4 0.0  -1
1500 7 17 1 0.0  -1
1500 7 17 2 0.0  -1
1500 7 17 3 0.0  41
1500 7 17 4 0.0  2
1500 7 18 1 0.0  41
1500 7 18 2 0.0  -1
1500 7 18 3 0.0  -1
1500 7 18 4 0.0  -1
1500 7 19 1 0.0  11
1500 7 19 2 0.0  -1
1500 7 19 3 0.0  41
1500 7 19 4 0.0  -1
1500 7 20 1 0.0  -1
1500 7 20 2 0.0  2
1500 7 20 3 0.0  41
1500 7 20 4 0.0  2
1500 7 21 1 0.0  -1
1500 7 21 2 0.0  -1
1500 7 21 3 0.0  41
1500 7 21 4 0.0  11
1500 7 22 1 0.0  -1
1500 7 22 2 0.0  9
1500 7 22 3 0.0  -1
1500 7 22 4 0.0  41
1500 7 23 1 0.0  -1
1500 7 23 2 0.0  41
1500 7 23 3 0.0  -1
1500 7 23 4 0.0  -1
1500 7 24 1 0.0  -1
1500 7 24 2 0.0  41
1500 7 24 3 0.0  -1
1500 7 24 4 0.0  -1
1500 7 25 1 0.0  41
1500 7 25 2 0.0  -1
1500 7 25 3 0.0  -1
1500 7 25 4 0.0  -1
2000 7 1 1 0.0  41
2000 7 1 2 0.0  -1
2000 7 1 3 0.0  -1
2000 7 1 4 0.0  -1
2000 7 2 1 0.0  -1
2000 7 2 2 0.0  -1
2000 7 2 3 0.0  41
2000 7 2 4 0.0  -1
2000 7 3 1 0.0  -1
2000 7 3 2 0.0  -1
2000 7 3 3 0.0  41
2000 7 3 4 0.0  -1
2000 7 4 1 0.0  -1
2000 7 4 2 0.0  -1
2000 7 4 3 0.0  41
2000 7 4 4 0.0  -1
2000 7 5 1 0.0  41
2000 7 5 2 0.0  -1
2000 7 5 3 0.0  -1
2000 7 5 4 0.0  -1
2000 7 6 1 0.0  -1
2000 7 6 2 0.0  -1
2000 7 6 3 0.0  41
2000 7 6 4 0.0  -1
2000 7 7 1 0.0  -1
2000 7 7 2 0.0  -1
2000 7 7 3 0.0  41
2000 7 7 4 0.0  -1
2000 7 8 1 0.0  -1
2000 7 8 2 0.0  -1
2000 7 8 3 0.0  -1
2000 7 8 4 0.0  41
2000 7 9 1 0.0  -1
2000 7 9 2 0.0  2
2000 7 9 3 0.0  41
2000 7 9 4 0.0  -1
2000 7 10 1 0.0  8
2000 7 10 2 0.0  -1
2000 7 10 3 0.0  41
2000 7 10 4 0.0  -1
2000 7 11 1 0.0  -1
2000 7 11 2 0.0  2
2000 7 11 3 0.0  -1
2000 7 11 4 0.0  41
2000 7 12 1 0.0  -1
2000 7 12 2 0.0  41
2000 7 12 3 0.0  -1
2000 7 12 4 0.0  3
2000 7 13 1 0.0  -1
2000 7 13 2 0.0  41
2000 7 13 3 0.0  3
2000 7 13 4 0.0  -1
2000 7 14 1 0.0  -1
2000 7 14 2 0.0  -1
2000 7 14 3 0.0  41
2000 7 14 4 0.0  -1
2000 7 15 1 0.0  41
2000 7 15 2 0.0  -1
2000 7 15 3 0.0  -1
2000 7 15 4 0.0  3
2000 7 16 1 0.0  19
2000 7 16 2 0.0  41
2000 7 16 3 0.0  7
2000 7 16 4 0.0  -1
2000 7 17 1 0.0  -1
2000 7 17 2 0.0  -1
2000 7 17 3 0.0  41
2000 7 17 4 0.0  -1
2000 7 18 1 0.0  41
2000 7 18 2 0.0  -1
2000 7 18 3 0.0  -1
2000 7 18 4 0.0  -1
2000 7 19 1 0.0  -1
2000 7 19 2 0.0  41
2000 7 19 3 0.0  -1
2000 7 19 4 0.0  -1
2000 7 20 1 0.0  -1
2000 7 20 2 0.0  -1
2000 7 20 3 0.0  41
2000 7 20 4 0.0  -1
2000 7 21 1 0.0  -1
2000 7 21 2 0.0  -1
2000 7 21 3 0.0  -1
2000 7 21 4 0.0  -1
2000 7 22 1 0.0  41
2000 7 22 2 0.0  41
2000 7 22 3 0.0  -1
2000 7 22 4 0.0  -1
2000 7 23 1 0.0  8
2000 7 23 2 0.0  -1
2000 7 23 3 0.0  -1
2000 7 23 4 0.0  41
2000 7 24 1 0.0  -1
2000 7 24 2 0.0  41
2000 7 24 3 0.0  -1
2000 7 24 4 0.0  4
2000 7 25 1 0.0  22
2000 7 25 2 0.0  3
2000 7 25 3 0.0  41
2000 7 25 4 0.0  8
2500 7 1 1 0.0  -1
2500 7 1 2 0.0  17
2500 7 1 3 0.0  41
2500 7 1 4 0.0  -1
2500 7 2 1 0.0  -1
2500 7 2 2 0.0  -1
2500 7 2 3 0.0  41
2500 7 2 4 0.0  41
2500 7 3 1 0.0  -1
2500 7 3 2 0.0  41
2500 7 3 3 0.0  9
2500 7 3 4 0.0  -1
2500 7 4 1 0.0  41
2500 7 4 2 0.0  -1
2500 7 4 3 0.0  -1
2500 7 4 4 0.0  -1
2500 7 5 1 0.0  41
2500 7 5 2 0.0  -1
2500 7 5 3 0.0  -1
2500 7 5 4 0.0  -1
2500 7 6 1 0.0  -1
2500 7 6 2 0.0  -1
2500 7 6 3 0.0  41
2500 7 6 4 0.0  -1
2500 7 7 1 0.0  -1
2500 7 7 2 0.0  -1
2500 7 7 3 0.0  41
2500 7 7 4 0.0  -1
2500 7 8 1 0.0  41
2500 7 8 2 0.0  -1
2500 7 8 3 0.0  -1
2500 7 8 4 0.0  -1
2500 7 9 1 0.0  -1
2500 7 9 2 0.0  41
2500 7 9 3 0.0  9
2500 7 9 4 0.0  41
2500 7 10 1 0.0  -1
2500 7 10 2 0.0  -1
2500 7 10 3 0.0  41
2500 7 10 4 0.0  -1
2500 7 11 1 0.0  41
2500 7 11 2 0.0  -1
2500 7 11 3 0.0  -1
2500 7 11 4 0.0  -1
2500 7 12 1 0.0  41
2500 7 12 2 0.0  9
2500 7 12 3 0.0  -1
2500 7 12 4 0.0  41
2500 7 13 1 0.0  -1
2500 7 13 2 0.0  -1
2500 7 13 3 0.0  14
2500 7 13 4 0.0  41
2500 7 14 1 0.0  -1
2500 7 14 2 0.0  3
2500 7 14 3 0.0  41
2500 7 14 4 0.0  -1
2500 7 15 1 0.0  -1
2500 7 15 2 0.0  -1
2500 7 15 3 0.0  -1
2500 7 15 4 0.0  41
2500 7 16 1 0.0  -1
2500 7 16 2 0.0  41
2500 7 16 3 0.0  -1
2500 7 16 4 0.0  11
2500 7 17 1 0.0  -1
2500 7 17 2 0.0  -1
2500 7 17 3 0.0  -1
2500 7 17 4 0.0  41
2500 7 18 1 0.0  -1
2500 7 18 2 0.0  -1
2500 7 18 3 0.0  -1
2500 7 18 4 0.0  41
2500 7 19 1 0.0  -1
2500 7 19 2 0.0  41
2500 7 19 3 0.0  -1
2500 7 19 4 0.0  41
2500 7 20 1 0.0  -1
2500 7 20 2 0.0  -1
2500 7 20 3 0.0  41
2500 7 20 4 0.0  -1
2500 7 21 1 0.0  -1
2500 7 21 2 0.0  -1
2500 7 21 3 0.0  41
2500 7 21 4 0.0  41
2500 7 22 1 0.0  1
2500 7 22 2 0.0  -1
2500 7 22 3 0.0  41
2500 7 22 4 0.0  -1
2500 7 23 1 0.0  41
2500 7 23 2 0.0  3
2500 7 23 3 0.0  3
2500 7 23 4 0.0  3
2500 7 24 1 0.0  -1
2500 7 24 2 0.0  41
2500 7 24 3 0.0  -1
2500 7 24 4 0.0  -1
2500 7 25 1 0.0  3
2500 7 25 2 0.0  14
2500 7 25 3 0.0  41
2500 7 25 4 0.0  -1
3000 7 1 1 0.0  -1
3000 7 1 2 0.0  41
3000 7 1 3 0.0  -1
3000 7 1 4 0.0  3
3000 7 2 1 0.0  -1
3000 7 2 2 0.0  3
3000 7 2 3 0.0  41
3000 7 2 4 0.0  41
3000 7 3 1 0.0  -1
3000 7 3 2 0.0  -1
3000 7 3 3 0.0  -1
3000 7 3 4 0.0  41
3000 7 4 1 0.0  41
3000 7 4 2 0.0  -1
3000 7 4 3 0.0  -1
3000 7 4 4 0.0  41
3000 7 5 1 0.0  41
3000 7 5 2 0.0  8
3000 7 5 3 0.0  -1
3000 7 5 4 0.0  -1
3000 7 6 1 0.0  4
3000 7 6 2 0.0  41
3000 7 6 3 0.0  11
3000 7 6 4 0.0  -1
3000 7 7 1 0.0  -1
3000 7 7 2 0.0  -1
3000 7 7 3 0.0  41
3000 7 7 4 0.0  -1
3000 7 8 1 0.0  41
3000 7 8 2 0.0  -1
3000 7 8 3 0.0  -1
3000 7 8 4 0.0  -1
3000 7 9 1 0.0  -1
3000 7 9 2 0.0  -1
3000 7 9 3 0.0  41
3000 7 9 4 0.0  9
3000 7 10 1 0.0  11
3000 7 10 2 0.0  -1
3000 7 10 3 0.0  41
3000 7 10 4 0.0  8
3000 7 11 1 0.0  -1
3000 7 11 2 0.0  41
3000 7 11 3 0.0  11
3000 7 11 4 0.0  -1
3000 7 12 1 0.0  -1
3000 7 12 2 0.0  -1
3000 7 12 3 0.0  -1
3000 7 12 4 0.0  41
3000 7 13 1 0.0  41
3000 7 13 2 0.0  -1
3000 7 13 3 0.0  -1
3000 7 13 4 0.0  -1
3000 7 14 1 0.0  -1
3000 7 14 2 0.0  -1
3000 7 14 3 0.0  -1
3000 7 14 4 0.0  41
3000 7 15 1 0.0  -1
3000 7 15 2 0.0  -1
3000 7 15 3 0.0  41
3000 7 15 4 0.0  -1
3000 7 16 1 0.0  -1
3000 7 16 2 0.0  -1
3000 7 16 3 0.0  8
3000 7 16 4 0.0  41
3000 7 17 1 0.0  -1
3000 7 17 2 0.0  -1
3000 7 17 3 0.0  41
3000 7 17 4 0.0  -1
3000 7 18 1 0.0  41
3000 7 18 2 0.0  9
3000 7 18 3 0.0  -1
3000 7 18 4 0.0  -1
3000 7 19 1 0.0  -1
3000 7 19 2 0.0  9
3000 7 19 3 0.0  41
3000 7 19 4 0.0  -1
3000 7 20 1 0.0  -1
3000 7 20 2 0.0  -1
3000 7 20 3 0.0  -1
3000 7 20 4 0.0  41
3000 7 21 1 0.0  -1
3000 7 21 2 0.0  -1
3000 7 21 3 0.0  -1
3000 7 21 4 0.0  -1
3000 7 22 1 0.0  41
3000 7 22 2 0.0  8
3000 7 22 3 0.0  11
3000 7 22 4 0.0  -1
3000 7 23 1 0.0  41
3000 7 23 2 0.0  -1
3000 7 23 3 0.0  -1
3000 7 23 4 0.0  -1
3000 7 24 1 0.0  -1
3000 7 24 2 0.0  41
3000 7 24 3 0.0  -1
3000 7 24 4 0.0  -1
3000 7 25 1 0.0  41
3000 7 25 2 0.0  11
3000 7 25 3 0.0  41
3000 7 25 4 0.0  -1
3500 7 1 1 0.0  41
3500 7 1 2 0.0  -1
3500 7 1 3 0.0  -1
3500 7 1 4 0.0  -1
3500 7 2 1 0.0  41
3500 7 2 2 0.0  -1
3500 7 2 3 0.0  -1
3500 7 2 4 0.0  3
3500 7 3 1 0.0  -1
3500 7 3 2 0.0  41
3500 7 3 3 0.0  -1
3500 7 3 4 0.0  -1
3500 7 4 1 0.0  41
3500 7 4 2 0.0  3
3500 7 4 3 0.0  -1
3500 7 4 4 0.0  41
3500 7 5 1 0.0  -1
3500 7 5 2 0.0  -1
3500 7 5 3 0.0  41
3500 7 5 4 0.0  -1
3500 7 6 1 0.0  -1
3500 7 6 2 0.0  2
3500 7 6 3 0.0  41
3500 7 6 4 0.0  1
3500 7 7 1 0.0  -1
3500 7 7 2 0.0  41
3500 7 7 3 0.0  -1
3500 7 7 4 0.0  -1
3500 7 8 1 0.0  -1
3500 7 8 2 0.0  -1
3500 7 8 3 0.0  -1
3500 7 8 4 0.0  41
3500 7 9 1 0.0  22
3500 7 9 2 0.0  41
3500 7 9 3 0.0  -1
3500 7 9 4 0.0  -1
3500 7 10 1 0.0  -1
3500 7 10 2 0.0  -1
3500 7 10 3 0.0  -1
3500 7 10 4 0.0  41
3500 7 11 1 0.0  -1
3500 7 11 2 0.0  -1
3500 7 11 3 0.0  41
3500 7 11 4 0.0  -1
3500 7 12 1 0.0  41
3500 7 12 2 0.0  -1
3500 7 12 3 0.0  -1
3500 7 12 4 0.0  -1
3500 7 13 1 0.0  -1
3500 7 13 2 0.0  41
3500 7 13 3 0.0  -1
3500 7 13 4 0.0  -1
3500 7 14 1 0.0  -1
3500 7 14 2 0.0  8
3500 7 14 3 0.0  -1
3500 7 14 4 0.0  41
3500 7 15 1 0.0  -1
3500 7 15 2 0.0  41
3500 7 15 3 0.0  41
3500 7 15 4 0.0  -1
3500 7 16 1 0.0  -1
3500 7 16 2 0.0  41
3500 7 16 3 0.0  -1
3500 7 16 4 0.0  -1
3500 7 17 1 0.0  41
3500 7 17 2 0.0  6
3500 7 17 3 0.0  -1
3500 7 17 4 0.0  -1
3500 7 18 1 0.0  -1
3500 7 18 2 0.0  41
3500 7 18 3 0.0  -1
3500 7 18 4 0.0  8
3500 7 19 1 0.0  41
3500 7 19 2 0.0  -1
3500 7 19 3 0.0  -1
3500 7 19 4 0.0  -1
3500 7 20 1 0.0  -1
3500 7 20 2 0.0  13
3500 7 20 3 0.0  41
3500 7 20 4 0.0  -1
3500 7 21 1 0.0  14
3500 7 21 2 0.0  -1
3500 7 21 3 0.0  41
3500 7 21 4 0.0  13
3500 7 22 1 0.0  -1
3500 7 22 2 0.0  41
3500 7 22 3 0.0  -1
3500 7 22 4 0.0  -1
3500 7 23 1 0.0  3
3500 7 23 2 0.0  3
3500 7 23 3 0.0  41
3500 7 23 4 0.0  3
3500 7 24 1 0.0  -1
3500 7 24 2 0.0  -1
3500 7 24 3 0.0  -1
3500 7 24 4 0.0  -1
3500 7 25 1 0.0  -1
3500 7 25 2 0.0  -1
3500 7 25 3 0.0  41
3500 7 25 4 0.0  -1
4000 7 1 1 0.0  3
4000 7 1 2 0.0  -1
4000 7 1 3 0.0  -1
4000 7 1 4 0.0  41
4000 7 2 1 0.0  -1
4000 7 2 2 0.0  3
4000 7 2 3 0.0  41
4000 7 2 4 0.0  41
4000 7 3 1 0.0  -1
4000 7 3 2 0.0  -1
4000 7 3 3 0.0  41
4000 7 3 4 0.0  41
4000 7 4 1 0.0  -1
4000 7 4 2 0.0  -1
4000 7 4 3 0.0  41
4000 7 4 4 0.0  -1
4000 7 5 1 0.0  41
4000 7 5 2 0.0  3
4000 7 5 3 0.0  11
4000 7 5 4 0.0  -1
4000 7 6 1 0.0  7
4000 7 6 2 0.0  -1
4000 7 6 3 0.0  41
4000 7 6 4 0.0  -1
4000 7 7 1 0.0  41
4000 7 7 2 0.0  -1
4000 7 7 3 0.0  -1
4000 7 7 4 0.0  14
4000 7 8 1 0.0  41
4000 7 8 2 0.0  -1
4000 7 8 3 0.0  -1
4000 7 8 4 0.0  -1
4000 7 9 1 0.0  41
4000 7 9 2 0.0  3
4000 7 9 3 0.0  11
4000 7 9 4 0.0  3
4000 7 10 1 0.0  -1
4000 7 10 2 0.0  -1
4000 7 10 3 0.0  41
4000 7 10 4 0.0  -1
4000 7 11 1 0.0  -1
4000 7 11 2 0.0  -1
4000 7 11 3 0.0  -1
4000 7 11 4 0.0  41
4000 7 12 1 0.0  41
4000 7 12 2 0.0  -1
4000 7 12 3 0.0  3
4000 7 12 4 0.0  -1
4000 7 13 1 0.0  -1
4000 7 13 2 0.0  41
4000 7 13 3 0.0  41
4000 7 13 4 0.0  -1
4000 7 14 1 0.0  -1
4000 7 14 2 0.0  41
4000 7 14 3 0.0  -1
4000 7 14 4 0.0  -1
4000 7 15 1 0.0  7
4000 7 15 2 0.0  7
4000 7 15 3 0.0  41
4000 7 15 4 0.0  -1
4000 7 16 1 0.0  -1
4000 7 16 2 0.0  -1
4000 7 16 3 0.0  3
4000 7 16 4 0.0  41
4000 7 17 1 0.0  -1
4000 7 17 2 0.0  41
4000 7 17 3 0.0  -1
4000 7 17 4 0.0  -1
4000 7 18 1 0.0  41
4000 7 18 2 0.0  2
4000 7 18 3 0.0  -1
4000 7 18 4 0.0  -1
4000 7 19 1 0.0  -1
4000 7 19 2 0.0  -1
4000 7 19 3 0.0  -1
4000 7 19 4 0.0  -1
4000 7 20 1 0.0  41
4000 7 20 2 0.0  41
4000 7 20 3 0.0  -1
4000 7 20 4 0.0  -1
4000 7 21 1 0.0  -1
4000 7 21 2 0.0  41
4000 7 21 3 0.0  -1
4000 7 21 4 0.0  -1
4000 7 22 1 0.0  -1
4000 7 22 2 0.0  3
4000 7 22 3 0.0  41
4000 7 22 4 0.0  41
4000 7 23 1 0.0  -1
4000 7 23 2 0.0  -1
4000 7 23 3 0.0  -1
4000 7 23 4 0.0  41
4000 7 24 1 0.0  3
4000 7 24 2 0.0  -1
4000 7 24 3 0.0  41
4000 7 24 4 0.0  13
4000 7 25 1 0.0  -1
4000 7 25 2 0.0  41
4000 7 25 3 0.0  3
4000 7 25 4 0.0  -1
4500 7 1 1 0.0  -1
4500 7 1 2 0.0  9
4500 7 1 3 0.0  41
4500 7 1 4 0.0  -1
4500 7 2 1 0.0  -1
4500 7 2 2 0.0  3
4500 7 2 3 0.0  41
4500 7 2 4 0.0  41
4500 7 3 1 0.0  -1
4500 7 3 2 0.0  -1
4500 7 3 3 0.0  41
4500 7 3 4 0.0  -1
4500 7 4 1 0.0  -1
4500 7 4 2 0.0  -1
4500 7 4 3 0.0  41
4500 7 4 4 0.0  9
4500 7 5 1 0.0  3
4500 7 5 2 0.0  -1
4500 7 5 3 0.0  41
4500 7 5 4 0.0  3
4500 7 6 1 0.0  41
4500 7 6 2 0.0  -1
4500 7 6 3 0.0  -1
4500 7 6 4 0.0  -1
4500 7 7 1 0.0  -1
4500 7 7 2 0.0  -1
4500 7 7 3 0.0  41
4500 7 7 4 0.0  9
4500 7 8 1 0.0  41
4500 7 8 2 0.0  -1
4500 7 8 3 0.0  -1
4500 7 8 4 0.0  -1
4500 7 9 1 0.0  -1
4500 7 9 2 0.0  11
4500 7 9 3 0.0  41
4500 7 9 4 0.0  14
4500 7 10 1 0.0  -1
4500 7 10 2 0.0  -1
4500 7 10 3 0.0  -1
4500 7 10 4 0.0  41
4500 7 11 1 0.0  -1
4500 7 11 2 0.0  41
4500 7 11 3 0.0  -1
4500 7 11 4 0.0  -1
4500 7 12 1 0.0  -1
4500 7 12 2 0.0  3
4500 7 12 3 0.0  -1
4500 7 12 4 0.0  -1
4500 7 13 1 0.0  11
4500 7 13 2 0.0  41
4500 7 13 3 0.0  -1
4500 7 13 4 0.0  -1
4500 7 14 1 0.0  3
4500 7 14 2 0.0  41
4500 7 14 3 0.0  -1
4500 7 14 4 0.0  -1
4500 7 15 1 0.0  -1
4500 7 15 2 0.0  41
4500 7 15 3 0.0  22
4500 7 15 4 0.0  -1
4500 7 16 1 0.0  -1
4500 7 16 2 0.0  -1
4500 7 16 3 0.0  3
4500 7 16 4 0.0  41
4500 7 17 1 0.0  -1
4500 7 17 2 0.0  41
4500 7 17 3 0.0  41
4500 7 17 4 0.0  -1
4500 7 18 1 0.0  11
4500 7 18 2 0.0  41
4500 7 18 3 0.0  11
4500 7 18 4 0.0  9
4500 7 19 1 0.0  41
4500 7 19 2 0.0  -1
4500 7 19 3 0.0  -1
4500 7 19 4 0.0  -1
4500 7 20 1 0.0  2
4500 7 20 2 0.0  -1
4500 7 20 3 0.0  -1
4500 7 20 4 0.0  41
4500 7 21 1 0.0  -1
4500 7 21 2 0.0  41
4500 7 21 3 0.0  -1
4500 7 21 4 0.0  -1
4500 7 22 1 0.0  -1
4500 7 22 2 0.0  -1
4500 7 22 3 0.0  41
4500 7 22 4 0.0  2
4500 7 23 1 0.0  -1
4500 7 23 2 0.0  -1
4500 7 23 3 0.0  41
4500 7 23 4 0.0  22
4500 7 24 1 0.0  41
4500 7 24 2 0.0  -1
4500 7 24 3 0.0  -1
4500 7 24 4 0.0  -1
4500 7 25 1 0.0  -1
4500 7 25 2 0.0  8
4500 7 25 3 0.0  -1
4500 7 25 4 0.0  41
5000 7 1 1 0.0  -1
5000 7 1 2 0.0  8
5000 7 1 3 0.0  41
5000 7 1 4 0.0  41
5000 7 2 1 0.0  -1
5000 7 2 2 0.0  41
5000 7 2 3 0.0  3
5000 7 2 4 0.0  41
5000 7 3 1 0.0  41
5000 7 3 2 0.0  -1
5000 7 3 3 0.0  2
5000 7 3 4 0.0  -1
5000 7 4 1 0.0  -1
5000 7 4 2 0.0  41
5000 7 4 3 0.0  8
5000 7 4 4 0.0  41
5000 7 5 1 0.0  -1
5000 7 5 2 0.0  -1
5000 7 5 3 0.0  41
5000 7 5 4 0.0  -1
5000 7 6 1 0.0  -1
5000 7 6 2 0.0  41
5000 7 6 3 0.0  -1
5000 7 6 4 0.0  -1
5000 7 7 1 0.0  -1
5000 7 7 2 0.0  -1
5000 7 7 3 0.0  41
5000 7 7 4 0.0  -1
5000 7 8 1 0.0  -1
5000 7 8 2 0.0  -1
5000 7 8 3 0.0  41
5000 7 8 4 0.0  -1
5000 7 9 1 0.0  -1
5000 7 9 2 0.0  41
5000 7 9 3 0.0  -1
5000 7 9 4 0.0  -1
5000 7 10 1 0.0  -1
5000 7 10 2 0.0  -1
5000 7 10 3 0.0  -1
5000 7 10 4 0.0  41
5000 7 11 1 0.0  -1
5000 7 11 2 0.0  41
5000 7 11 3 0.0  -1
5000 7 11 4 0.0  -1
5000 7 12 1 0.0  41
5000 7 12 2 0.0  -1
5000 7 12 3 0.0  -1
5000 7 12 4 0.0  19
5000 7 13 1 0.0  41
5000 7 13 2 0.0  -1
5000 7 13 3 0.0  -1
5000 7 13 4 0.0  -1
5000 7 14 1 0.0  -1
5000 7 14 2 0.0  41
5000 7 14 3 0.0  -1
5000 7 14 4 0.0  -1
5000 7 15 1 0.0  9
5000 7 15 2 0.0  -1
5000 7 15 3 0.0  41
5000 7 15 4 0.0  -1
5000 7 16 1 0.0  41
5000 7 16 2 0.0  41
5000 7 16 3 0.0  41
5000 7 16 4 0.0  -1
5000 7 17 1 0.0  8
5000 7 17 2 0.0  -1
5000 7 17 3 0.0  3
5000 7 17 4 0.0  -1
5000 7 18 1 0.0  41
5000 7 18 2 0.0  -1
5000 7 18 3 0.0  -1
5000 7 18 4 0.0  -1
5000 7 19 1 0.0  41
5000 7 19 2 0.0  21
5000 7 19 3 0.0  -1
5000 7 19 4 0.0  -1
5000 7 20 1 0.0  2
5000 7 20 2 0.0  -1
5000 7 20 3 0.0  -1
5000 7 20 4 0.0  41
5000 7 21 1 0.0  -1
5000 7 21 2 0.0  41
5000 7 21 3 0.0  -1
5000 7 21 4 0.0  -1
5000 7 22 1 0.0  41
5000 7 22 2 0.0  19
5000 7 22 3 0.0  -1
5000 7 22 4 0.0  -1
5000 7 23 1 0.0  41
5000 7 23 2 0.0  -1
5000 7 23 3 0.0  8
5000 7 23 4 0.0  -1
5000 7 24 1 0.0  3
5000 7 24 2 0.0  -1
5000 7 24 3 0.0  41
5000 7 24 4 0.0  -1
5000 7 25 1 0.0  41
5000 7 25 2 0.0  8
5000 7 25 3 0.0  8
5000 7 25 4 0.0  -1
500 8 1 1 0.0  13
500 8 1 2 0.0  -1
500 8 1 3 0.0  -1
500 8 1 4 0.0  -1
500 8 2 1 0.0  10
500 8 2 2 0.0  -1
500 8 2 3 0.0  5
500 8 2 4 0.0  5
500 8 3 1 0.0  -1
500 8 3 2 0.0  -1
500 8 3 3 0.0  10
500 8 3 4 0.0  3
500 8 4 1 0.0  4
500 8 4 2 0.0  13
500 8 4 3 0.0  -1
500 8 4 4 0.0  -1
500 8 5 1 0.0  5
500 8 5 2 0.0  -1
500 8 5 3 0.0  13
500 8 5 4 0.0  -1
500 8 6 1 0.0  -1
500 8 6 2 0.0  -1
500 8 6 3 0.0  -1
500 8 6 4 0.0  13
500 8 7 1 0.0  -1
500 8 7 2 0.0  -1
500 8 7 3 0.0  9
500 8 7 4 0.0  10
500 8 8 1 0.0  -1
500 8 8 2 0.0  -1
500 8 8 3 0.0  13
500 8 8 4 0.0  13
500 8 9 1 0.0  -1
500 8 9 2 0.0  -1
500 8 9 3 0.0  -1
500 8 9 4 0.0  13
500 8 10 1 0.0  13
500 8 10 2 0.0  5
500 8 10 3 0.0  5
500 8 10 4 0.0  4
500 8 11 1 0.0  3
500 8 11 2 0.0  -1
500 8 11 3 0.0  -1
500 8 11 4 0.0  12
500 8 12 1 0.0  12
500 8 12 2 0.0  -1
500 8 12 3 0.0  -1
500 8 12 4 0.0  6
500 8 13 1 0.0  2
500 8 13 2 0.0  15
500 8 13 3 0.0  -1
500 8 13 4 0.0  -1
500 8 14 1 0.0  -1
500 8 14 2 0.0  6
500 8 14 3 0.0  -1
500 8 14 4 0.0  -1
500 8 15 1 0.0  -1
500 8 15 2 0.0  9
500 8 15 3 0.0  -1
500 8 15 4 0.0  11
500 8 16 1 0.0  3
500 8 16 2 0.0  -1
500 8 16 3 0.0  -1
500 8 16 4 0.0  -1
500 8 17 1 0.0  -1
500 8 17 2 0.0  -1
500 8 17 3 0.0  16
500 8 17 4 0.0  13
500 8 18 1 0.0  3
500 8 18 2 0.0  -1
500 8 18 3 0.0  16
500 8 18 4 0.0  -1
500 8 19 1 0.0  -1
500 8 19 2 0.0  -1
500 8 19 3 0.0  9
500 8 19 4 0.0  -1
500 8 20 1 0.0  16
500 8 20 2 0.0  -1
500 8 20 3 0.0  -1
500 8 20 4 0.0  -1
500 8 21 1 0.0  -1
500 8 21 2 0.0  9
500 8 21 3 0.0  -1
500 8 21 4 0.0  -1
500 8 22 1 0.0  -1
500 8 22 2 0.0  -1
500 8 22 3 0.0  12
500 8 22 4 0.0  -1
500 8 23 1 0.0  2
500 8 23 2 0.0  -1
500 8 23 3 0.0  -1
500 8 23 4 0.0  12
500 8 24 1 0.0  3
500 8 24 2 0.0  6
500 8 24 3 0.0  8
500 8 24 4 0.0  -1
500 8 25 1 0.0  3
500 8 25 2 0.0  -1
500 8 25 3 0.0  12
500 8 25 4 0.0  -1
1000 8 1 1 0.0  -1
1000 8 1 2 0.0  -1
1000 8 1 3 0.0  36
1000 8 1 4 0.0  -1
1000 8 2 1 0.0  36
1000 8 2 2 0.0  36
1000 8 2 3 0.0  -1
1000 8 2 4 0.0  -1
1000 8 3 1 0.0  36
1000 8 3 2 0.0  26
1000 8 3 3 0.0  -1
1000 8 3 4 0.0  -1
1000 8 4 1 0.0  36
1000 8 4 2 0.0  -1
1000 8 4 3 0.0  7
1000 8 4 4 0.0  -1
1000 8 5 1 0.0  -1
1000 8 5 2 0.0  36
1000 8 5 3 0.0  -1
1000 8 5 4 0.0  -1
1000 8 6 1 0.0  10
1000 8 6 2 0.0  36
1000 8 6 3 0.0  -1
1000 8 6 4 0.0  -1
1000 8 7 1 0.0  5
1000 8 7 2 0.0  -1
1000 8 7 3 0.0  36
1000 8 7 4 0.0  -1
1000 8 8 1 0.0  36
1000 8 8 2 0.0  -1
1000 8 8 3 0.0  -1
1000 8 8 4 0.0  36
1000 8 9 1 0.0  -1
1000 8 9 2 0.0  -1
1000 8 9 3 0.0  -1
1000 8 9 4 0.0  -1
1000 8 10 1 0.0  -1
1000 8 10 2 0.0  -1
1000 8 10 3 0.0  36
1000 8 10 4 0.0  -1
1000 8 11 1 0.0  -1
1000 8 11 2 0.0  36
1000 8 11 3 0.0  -1
1000 8 11 4 0.0  -1
1000 8 12 1 0.0  -1
1000 8 12 2 0.0  7
1000 8 12 3 0.0  -1
1000 8 12 4 0.0  36
1000 8 13 1 0.0  -1
1000 8 13 2 0.0  22
1000 8 13 3 0.0  36
1000 8 13 4 0.0  26
1000 8 14 1 0.0  36
1000 8 14 2 0.0  -1
1000 8 14 3 0.0  -1
1000 8 14 4 0.0  -1
1000 8 15 1 0.0  -1
1000 8 15 2 0.0  36
1000 8 15 3 0.0  -1
1000 8 15 4 0.0  -1
1000 8 16 1 0.0  -1
1000 8 16 2 0.0  36
1000 8 16 3 0.0  -1
1000 8 16 4 0.0  -1
1000 8 17 1 0.0  36
1000 8 17 2 0.0  -1
1000 8 17 3 0.0  -1
1000 8 17 4 0.0  6
1000 8 18 1 0.0  36
1000 8 18 2 0.0  -1
1000 8 18 3 0.0  -1
1000 8 18 4 0.0  4
1000 8 19 1 0.0  -1
1000 8 19 2 0.0  -1
1000 8 19 3 0.0  -1
1000 8 19 4 0.0  36
1000 8 20 1 0.0  -1
1000 8 20 2 0.0  36
1000 8 20 3 0.0  21
1000 8 20 4 0.0  10
1000 8 21 1 0.0  -1
1000 8 21 2 0.0  36
1000 8 21 3 0.0  -1
1000 8 21 4 0.0  -1
1000 8 22 1 0.0  36
1000 8 22 2 0.0  36
1000 8 22 3 0.0  -1
1000 8 22 4 0.0  -1
1000 8 23 1 0.0  -1
1000 8 23 2 0.0  10
1000 8 23 3 0.0  -1
1000 8 23 4 0.0  36
1000 8 24 1 0.0  -1
1000 8 24 2 0.0  36
1000 8 24 3 0.0  -1
1000 8 24 4 0.0  -1
1000 8 25 1 0.0  -1
1000 8 25 2 0.0  -1
1000 8 25 3 0.0  -1
1000 8 25 4 0.0  36
1500 8 1 1 0.0  -1
1500 8 1 2 0.0  -1
1500 8 1 3 0.0  -1
1500 8 1 4 0.0  90
1500 8 2 1 0.0  16
1500 8 2 2 0.0  16
1500 8 2 3 0.0  -1
1500 8 2 4 0.0  90
1500 8 3 1 0.0  -1
1500 8 3 2 0.0  7
1500 8 3 3 0.0  14
1500 8 3 4 0.0  90
1500 8 4 1 0.0  -1
1500 8 4 2 0.0  -1
1500 8 4 3 0.0  90
1500 8 4 4 0.0  -1
1500 8 5 1 0.0  -1
1500 8 5 2 0.0  90
1500 8 5 3 0.0  90
1500 8 5 4 0.0  -1
1500 8 6 1 0.0  -1
1500 8 6 2 0.0  90
1500 8 6 3 0.0  -1
1500 8 6 4 0.0  -1
1500 8 7 1 0.0  90
1500 8 7 2 0.0  -1
1500 8 7 3 0.0  90
1500 8 7 4 0.0  -1
1500 8 8 1 0.0  -1
1500 8 8 2 0.0  -1
1500 8 8 3 0.0  90
1500 8 8 4 0.0  -1
1500 8 9 1 0.0  90
1500 8 9 2 0.0  90
1500 8 9 3 0.0  -1
1500 8 9 4 0.0  7
1500 8 10 1 0.0  -1
1500 8 10 2 0.0  90
1500 8 10 3 0.0  11
1500 8 10 4 0.0  -1
1500 8 11 1 0.0  -1
1500 8 11 2 0.0  -1
1500 8 11 3 0.0  90
1500 8 11 4 0.0  -1
1500 8 12 1 0.0  -1
1500 8 12 2 0.0  -1
1500 8 12 3 0.0  90
1500 8 12 4 0.0  -1
1500 8 13 1 0.0  90
1500 8 13 2 0.0  -1
1500 8 13 3 0.0  -1
1500 8 13 4 0.0  -1
1500 8 14 1 0.0  -1
1500 8 14 2 0.0  12
1500 8 14 3 0.0  -1
1500 8 14 4 0.0  -1
1500 8 15 1 0.0  -1
1500 8 15 2 0.0  -1
1500 8 15 3 0.0  90
1500 8 15 4 0.0  -1
1500 8 16 1 0.0  20
1500 8 16 2 0.0  90
1500 8 16 3 0.0  22
1500 8 16 4 0.0  -1
1500 8 17 1 0.0  -1
1500 8 17 2 0.0  90
1500 8 17 3 0.0  17
1500 8 17 4 0.0  -1
1500 8 18 1 0.0  11
1500 8 18 2 0.0  90
1500 8 18 3 0.0  -1
1500 8 18 4 0.0  5
1500 8 19 1 0.0  -1
1500 8 19 2 0.0  -1
1500 8 19 3 0.0  90
1500 8 19 4 0.0  10
1500 8 20 1 0.0  90
1500 8 20 2 0.0  10
1500 8 20 3 0.0  19
1500 8 20 4 0.0  -1
1500 8 21 1 0.0  -1
1500 8 21 2 0.0  35
1500 8 21 3 0.0  90
1500 8 21 4 0.0  -1
1500 8 22 1 0.0  90
1500 8 22 2 0.0  10
1500 8 22 3 0.0  -1
1500 8 22 4 0.0  -1
1500 8 23 1 0.0  21
1500 8 23 2 0.0  90
1500 8 23 3 0.0  12
1500 8 23 4 0.0  21
1500 8 24 1 0.0  -1
1500 8 24 2 0.0  7
1500 8 24 3 0.0  -1
1500 8 24 4 0.0  90
1500 8 25 1 0.0  90
1500 8 25 2 0.0  90
1500 8 25 3 0.0  -1
1500 8 25 4 0.0  -1
2000 8 1 1 0.0  90
2000 8 1 2 0.0  -1
2000 8 1 3 0.0  -1
2000 8 1 4 0.0  -1
2000 8 2 1 0.0  -1
2000 8 2 2 0.0  -1
2000 8 2 3 0.0  90
2000 8 2 4 0.0  -1
2000 8 3 1 0.0  -1
2000 8 3 2 0.0  90
2000 8 3 3 0.0  -1
2000 8 3 4 0.0  -1
2000 8 4 1 0.0  90
2000 8 4 2 0.0  10
2000 8 4 3 0.0  -1
2000 8 4 4 0.0  -1
2000 8 5 1 0.0  19
2000 8 5 2 0.0  -1
2000 8 5 3 0.0  90
2000 8 5 4 0.0  90
2000 8 6 1 0.0  -1
2000 8 6 2 0.0  -1
2000 8 6 3 0.0  90
2000 8 6 4 0.0  -1
2000 8 7 1 0.0  90
2000 8 7 2 0.0  -1
2000 8 7 3 0.0  -1
2000 8 7 4 0.0  -1
2000 8 8 1 0.0  14
2000 8 8 2 0.0  -1
2000 8 8 3 0.0  17
2000 8 8 4 0.0  -1
2000 8 9 1 0.0  13
2000 8 9 2 0.0  -1
2000 8 9 3 0.0  -1
2000 8 9 4 0.0  90
2000 8 10 1 0.0  3
2000 8 10 2 0.0  90
2000 8 10 3 0.0  17
2000 8 10 4 0.0  19
2000 8 11 1 0.0  -1
2000 8 11 2 0.0  -1
2000 8 11 3 0.0  19
2000 8 11 4 0.0  90
2000 8 12 1 0.0  -1
2000 8 12 2 0.0  90
2000 8 12 3 0.0  14
2000 8 12 4 0.0  -1
2000 8 13 1 0.0  7
2000 8 13 2 0.0  -1
2000 8 13 3 0.0  -1
2000 8 13 4 0.0  90
2000 8 14 1 0.0  -1
2000 8 14 2 0.0  -1
2000 8 14 3 0.0  90
2000 8 14 4 0.0  -1
2000 8 15 1 0.0  -1
2000 8 15 2 0.0  -1
2000 8 15 3 0.0  90
2000 8 15 4 0.0  -1
2000 8 16 1 0.0  -1
2000 8 16 2 0.0  90
2000 8 16 3 0.0  -1
2000 8 16 4 0.0  -1
2000 8 17 1 0.0  90
2000 8 17 2 0.0  -1
2000 8 17 3 0.0  -1
2000 8 17 4 0.0  -1
2000 8 18 1 0.0  90
2000 8 18 2 0.0  14
2000 8 18 3 0.0  90
2000 8 18 4 0.0  -1
2000 8 19 1 0.0  -1
2000 8 19 2 0.0  -1
2000 8 19 3 0.0  -1
2000 8 19 4 0.0  90
2000 8 20 1 0.0  -1
2000 8 20 2 0.0  90
2000 8 20 3 0.0  17
2000 8 20 4 0.0  -1
2000 8 21 1 0.0  90
2000 8 21 2 0.0  -1
2000 8 21 3 0.0  -1
2000 8 21 4 0.0  21
2000 8 22 1 0.0  -1
2000 8 22 2 0.0  90
2000 8 22 3 0.0  17
2000 8 22 4 0.0  2
2000 8 23 1 0.0  7
2000 8 23 2 0.0  10
2000 8 23 3 0.0  90
2000 8 23 4 0.0  -1
2000 8 24 1 0.0  -1
2000 8 24 2 0.0  90
2000 8 24 3 0.0  -1
2000 8 24 4 0.0  -1
2000 8 25 1 0.0  -1
2000 8 25 2 0.0  90
2000 8 25 3 0.0  90
2000 8 25 4 0.0  -1
2500 8 1 1 0.0  -1
2500 8 1 2 0.0  -1
2500 8 1 3 0.0  -1
2500 8 1 4 0.0  90
2500 8 2 1 0.0  -1
2500 8 2 2 0.0  90
2500 8 2 3 0.0  -1
2500 8 2 4 0.0  -1
2500 8 3 1 0.0  -1
2500 8 3 2 0.0  -1
2500 8 3 3 0.0  90
2500 8 3 4 0.0  -1
2500 8 4 1 0.0  35
2500 8 4 2 0.0  7
2500 8 4 3 0.0  15
2500 8 4 4 0.0  90
2500 8 5 1 0.0  7
2500 8 5 2 0.0  -1
2500 8 5 3 0.0  -1
2500 8 5 4 0.0  90
2500 8 6 1 0.0  35
2500 8 6 2 0.0  3
2500 8 6 3 0.0  34
2500 8 6 4 0.0  90
2500 8 7 1 0.0  -1
2500 8 7 2 0.0  90
2500 8 7 3 0.0  -1
2500 8 7 4 0.0  -1
2500 8 8 1 0.0  3
2500 8 8 2 0.0  3
2500 8 8 3 0.0  -1
2500 8 8 4 0.0  90
2500 8 9 1 0.0  -1
2500 8 9 2 0.0  90
2500 8 9 3 0.0  -1
2500 8 9 4 0.0  -1
2500 8 10 1 0.0  90
2500 8 10 2 0.0  -1
2500 8 10 3 0.0  7
2500 8 10 4 0.0  -1
2500 8 11 1 0.0  -1
2500 8 11 2 0.0  -1
2500 8 11 3 0.0  -1
2500 8 11 4 0.0  90
2500 8 12 1 0.0  -1
2500 8 12 2 0.0  90
2500 8 12 3 0.0  -1
2500 8 12 4 0.0  90
2500 8 13 1 0.0  -1
2500 8 13 2 0.0  -1
2500 8 13 3 0.0  90
2500 8 13 4 0.0  90
2500 8 14 1 0.0  -1
2500 8 14 2 0.0  -1
2500 8 14 3 0.0  90
2500 8 14 4 0.0  -1
2500 8 15 1 0.0  -1
2500 8 15 2 0.0  -1
2500 8 15 3 0.0  -1
2500 8 15 4 0.0  90
2500 8 16 1 0.0  90
2500 8 16 2 0.0  -1
2500 8 16 3 0.0  -1
2500 8 16 4 0.0  -1
2500 8 17 1 0.0  -1
2500 8 17 2 0.0  -1
2500 8 17 3 0.0  90
2500 8 17 4 0.0  19
2500 8 18 1 0.0  90
2500 8 18 2 0.0  -1
2500 8 18 3 0.0  -1
2500 8 18 4 0.0  7
2500 8 19 1 0.0  90
2500 8 19 2 0.0  7
2500 8 19 3 0.0  7
2500 8 19 4 0.0  19
2500 8 20 1 0.0  -1
2500 8 20 2 0.0  90
2500 8 20 3 0.0  -1
2500 8 20 4 0.0  -1
2500 8 21 1 0.0  -1
2500 8 21 2 0.0  -1
2500 8 21 3 0.0  90
2500 8 21 4 0.0  10
2500 8 22 1 0.0  90
2500 8 22 2 0.0  -1
2500 8 22 3 0.0  11
2500 8 22 4 0.0  -1
2500 8 23 1 0.0  -1
2500 8 23 2 0.0  10
2500 8 23 3 0.0  90
2500 8 23 4 0.0  -1
2500 8 24 1 0.0  -1
2500 8 24 2 0.0  -1
2500 8 24 3 0.0  -1
2500 8 24 4 0.0  90
2500 8 25 1 0.0  3
2500 8 25 2 0.0  -1
2500 8 25 3 0.0  -1
2500 8 25 4 0.0  -1
3000 8 1 1 0.0  90
3000 8 1 2 0.0  -1
3000 8 1 3 0.0  -1
3000 8 1 4 0.0  90
3000 8 2 1 0.0  -1
3000 8 2 2 0.0  10
3000 8 2 3 0.0  -1
3000 8 2 4 0.0  90
3000 8 3 1 0.0  -1
3000 8 3 2 0.0  -1
3000 8 3 3 0.0  -1
3000 8 3 4 0.0  90
3000 8 4 1 0.0  90
3000 8 4 2 0.0  9
3000 8 4 3 0.0  14
3000 8 4 4 0.0  90
3000 8 5 1 0.0  -1
3000 8 5 2 0.0  -1
3000 8 5 3 0.0  -1
3000 8 5 4 0.0  90
3000 8 6 1 0.0  90
3000 8 6 2 0.0  -1
3000 8 6 3 0.0  -1
3000 8 6 4 0.0  -1
3000 8 7 1 0.0  -1
3000 8 7 2 0.0  90
3000 8 7 3 0.0  22
3000 8 7 4 0.0  90
3000 8 8 1 0.0  -1
3000 8 8 2 0.0  -1
3000 8 8 3 0.0  90
3000 8 8 4 0.0  90
3000 8 9 1 0.0  -1
3000 8 9 2 0.0  90
3000 8 9 3 0.0  -1
3000 8 9 4 0.0  -1
3000 8 10 1 0.0  90
3000 8 10 2 0.0  -1
3000 8 10 3 0.0  -1
3000 8 10 4 0.0  12
3000 8 11 1 0.0  -1
3000 8 11 2 0.0  -1
3000 8 11 3 0.0  90
3000 8 11 4 0.0  -1
3000 8 12 1 0.0  -1
3000 8 12 2 0.0  -1
3000 8 12 3 0.0  90
3000 8 12 4 0.0  16
3000 8 13 1 0.0  -1
3000 8 13 2 0.0  -1
3000 8 13 3 0.0  -1
3000 8 13 4 0.0  -1
3000 8 14 1 0.0  -1
3000 8 14 2 0.0  -1
3000 8 14 3 0.0  12
3000 8 14 4 0.0  90
3000 8 15 1 0.0  9
3000 8 15 2 0.0  -1
3000 8 15 3 0.0  90
3000 8 15 4 0.0  -1
3000 8 16 1 0.0  -1
3000 8 16 2 0.0  -1
3000 8 16 3 0.0  6
3000 8 16 4 0.0  90
3000 8 17 1 0.0  -1
3000 8 17 2 0.0  -1
3000 8 17 3 0.0  -1
3000 8 17 4 0.0  90
3000 8 18 1 0.0  -1
3000 8 18 2 0.0  90
3000 8 18 3 0.0  -1
3000 8 18 4 0.0  -1
3000 8 19 1 0.0  90
3000 8 19 2 0.0  11
3000 8 19 3 0.0  -1
3000 8 19 4 0.0  12
3000 8 20 1 0.0  -1
3000 8 20 2 0.0  90
3000 8 20 3 0.0  -1
3000 8 20 4 0.0  -1
3000 8 21 1 0.0  -1
3000 8 21 2 0.0  -1
3000 8 21 3 0.0  90
3000 8 21 4 0.0  -1
3000 8 22 1 0.0  90
3000 8 22 2 0.0  -1
3000 8 22 3 0.0  7
3000 8 22 4 0.0  -1
3000 8 23 1 0.0  90
3000 8 23 2 0.0  -1
3000 8 23 3 0.0  -1
3000 8 23 4 0.0  -1
3000 8 24 1 0.0  90
3000 8 24 2 0.0  12
3000 8 24 3 0.0  -1
3000 8 24 4 0.0  -1
3000 8 25 1 0.0  -1
3000 8 25 2 0.0  90
3000 8 25 3 0.0  12
3000 8 25 4 0.0  -1
3500 8 1 1 0.0  10
3500 8 1 2 0.0  90
3500 8 1 3 0.0  -1
3500 8 1 4 0.0  -1
3500 8 2 1 0.0  12
3500 8 2 2 0.0  90
3500 8 2 3 0.0  -1
3500 8 2 4 0.0  -1
3500 8 3 1 0.0  -1
3500 8 3 2 0.0  90
3500 8 3 3 0.0  -1
3500 8 3 4 0.0  13
3500 8 4 1 0.0  -1
3500 8 4 2 0.0  4
3500 8 4 3 0.0  -1
3500 8 4 4 0.0  90
3500 8 5 1 0.0  -1
3500 8 5 2 0.0  8
3500 8 5 3 0.0  90
3500 8 5 4 0.0  -1
3500 8 6 1 0.0  -1
3500 8 6 2 0.0  90
3500 8 6 3 0.0  90
3500 8 6 4 0.0  -1
3500 8 7 1 0.0  90
3500 8 7 2 0.0  -1
3500 8 7 3 0.0  13
3500 8 7 4 0.0  -1
3500 8 8 1 0.0  -1
3500 8 8 2 0.0  -1
3500 8 8 3 0.0  -1
3500 8 8 4 0.0  90
3500 8 9 1 0.0  -1
3500 8 9 2 0.0  -1
3500 8 9 3 0.0  90
3500 8 9 4 0.0  -1
3500 8 10 1 0.0  7
3500 8 10 2 0.0  -1
3500 8 10 3 0.0  -1
3500 8 10 4 0.0  90
3500 8 11 1 0.0  -1
3500 8 11 2 0.0  90
3500 8 11 3 0.0  12
3500 8 11 4 0.0  -1
3500 8 12 1 0.0  -1
3500 8 12 2 0.0  -1
3500 8 12 3 0.0  -1
3500 8 12 4 0.0  90
3500 8 13 1 0.0  4
3500 8 13 2 0.0  -1
3500 8 13 3 0.0  -1
3500 8 13 4 0.0  90
3500 8 14 1 0.0  -1
3500 8 14 2 0.0  -1
3500 8 14 3 0.0  21
3500 8 14 4 0.0  90
3500 8 15 1 0.0  90
3500 8 15 2 0.0  -1
3500 8 15 3 0.0  -1
3500 8 15 4 0.0  -1
3500 8 16 1 0.0  -1
3500 8 16 2 0.0  90
3500 8 16 3 0.0  -1
3500 8 16 4 0.0  13
3500 8 17 1 0.0  -1
3500 8 17 2 0.0  90
3500 8 17 3 0.0  -1
3500 8 17 4 0.0  -1
3500 8 18 1 0.0  -1
3500 8 18 2 0.0  -1
3500 8 18 3 0.0  -1
3500 8 18 4 0.0  90
3500 8 19 1 0.0  90
3500 8 19 2 0.0  -1
3500 8 19 3 0.0  -1
3500 8 19 4 0.0  35
3500 8 20 1 0.0  90
3500 8 20 2 0.0  9
3500 8 20 3 0.0  -1
3500 8 20 4 0.0  -1
3500 8 21 1 0.0  -1
3500 8 21 2 0.0  -1
3500 8 21 3 0.0  -1
3500 8 21 4 0.0  90
3500 8 22 1 0.0  -1
3500 8 22 2 0.0  90
3500 8 22 3 0.0  -1
3500 8 22 4 0.0  -1
3500 8 23 1 0.0  90
3500 8 23 2 0.0  -1
3500 8 23 3 0.0  21
3500 8 23 4 0.0  -1
3500 8 24 1 0.0  -1
3500 8 24 2 0.0  -1
3500 8 24 3 0.0  90
3500 8 24 4 0.0  -1
3500 8 25 1 0.0  12
3500 8 25 2 0.0  7
3500 8 25 3 0.0  -1
3500 8 25 4 0.0  -1
4000 8 1 1 0.0  -1
4000 8 1 2 0.0  -1
4000 8 1 3 0.0  90
4000 8 1 4 0.0  90
4000 8 2 1 0.0  -1
4000 8 2 2 0.0  -1
4000 8 2 3 0.0  -1
4000 8 2 4 0.0  90
4000 8 3 1 0.0  90
4000 8 3 2 0.0  -1
4000 8 3 3 0.0  90
4000 8 3 4 0.0  22
4000 8 4 1 0.0  -1
4000 8 4 2 0.0  90
4000 8 4 3 0.0  7
4000 8 4 4 0.0  -1
4000 8 5 1 0.0  -1
4000 8 5 2 0.0  4
4000 8 5 3 0.0  -1
4000 8 5 4 0.0  -1
4000 8 6 1 0.0  -1
4000 8 6 2 0.0  -1
4000 8 6 3 0.0  90
4000 8 6 4 0.0  -1
4000 8 7 1 0.0  -1
4000 8 7 2 0.0  90
4000 8 7 3 0.0  -1
4000 8 7 4 0.0  -1
4000 8 8 1 0.0  90
4000 8 8 2 0.0  -1
4000 8 8 3 0.0  -1
4000 8 8 4 0.0  -1
4000 8 9 1 0.0  -1
4000 8 9 2 0.0  90
4000 8 9 3 0.0  3
4000 8 9 4 0.0  -1
4000 8 10 1 0.0  -1
4000 8 10 2 0.0  21
4000 8 10 3 0.0  90
4000 8 10 4 0.0  4
4000 8 11 1 0.0  -1
4000 8 11 2 0.0  7
4000 8 11 3 0.0  -1
4000 8 11 4 0.0  90
4000 8 12 1 0.0  90
4000 8 12 2 0.0  4
4000 8 12 3 0.0  4
4000 8 12 4 0.0  9
4000 8 13 1 0.0  -1
4000 8 13 2 0.0  -1
4000 8 13 3 0.0  90
4000 8 13 4 0.0  -1
4000 8 14 1 0.0  7
4000 8 14 2 0.0  90
4000 8 14 3 0.0  -1
4000 8 14 4 0.0  -1
4000 8 15 1 0.0  90
4000 8 15 2 0.0  -1
4000 8 15 3 0.0  90
4000 8 15 4 0.0  12
4000 8 16 1 0.0  -1
4000 8 16 2 0.0  -1
4000 8 16 3 0.0  90
4000 8 16 4 0.0  -1
4000 8 17 1 0.0  90
4000 8 17 2 0.0  -1
4000 8 17 3 0.0  -1
4000 8 17 4 0.0  -1
4000 8 18 1 0.0  -1
4000 8 18 2 0.0  90
4000 8 18 3 0.0  -1
4000 8 18 4 0.0  -1
4000 8 19 1 0.0  -1
4000 8 19 2 0.0  -1
4000 8 19 3 0.0  -1
4000 8 19 4 0.0  90
4000 8 20 1 0.0  7
4000 8 20 2 0.0  -1
4000 8 20 3 0.0  90
4000 8 20 4 0.0  -1
4000 8 21 1 0.0  -1
4000 8 21 2 0.0  90
4000 8 21 3 0.0  4
4000 8 21 4 0.0  -1
4000 8 22 1 0.0  -1
4000 8 22 2 0.0  -1
4000 8 22 3 0.0  90
4000 8 22 4 0.0  -1
4000 8 23 1 0.0  -1
4000 8 23 2 0.0  7
4000 8 23 3 0.0  90
4000 8 23 4 0.0  -1
4000 8 24 1 0.0  -1
4000 8 24 2 0.0  -1
4000 8 24 3 0.0  -1
4000 8 24 4 0.0  90
4000 8 25 1 0.0  90
4000 8 25 2 0.0  -1
4000 8 25 3 0.0  3
4000 8 25 4 0.0  7
4500 8 1 1 0.0  -1
4500 8 1 2 0.0  -1
4500 8 1 3 0.0  90
4500 8 1 4 0.0  -1
4500 8 2 1 0.0  -1
4500 8 2 2 0.0  -1
4500 8 2 3 0.0  90
4500 8 2 4 0.0  -1
4500 8 3 1 0.0  -1
4500 8 3 2 0.0  6
4500 8 3 3 0.0  90
4500 8 3 4 0.0  7
4500 8 4 1 0.0  -1
4500 8 4 2 0.0  -1
4500 8 4 3 0.0  7
4500 8 4 4 0.0  90
4500 8 5 1 0.0  12
4500 8 5 2 0.0  -1
4500 8 5 3 0.0  90
4500 8 5 4 0.0  -1
4500 8 6 1 0.0  3
4500 8 6 2 0.0  -1
4500 8 6 3 0.0  90
4500 8 6 4 0.0  -1
4500 8 7 1 0.0  90
4500 8 7 2 0.0  -1
4500 8 7 3 0.0  22
4500 8 7 4 0.0  21
4500 8 8 1 0.0  -1
4500 8 8 2 0.0  -1
4500 8 8 3 0.0  90
4500 8 8 4 0.0  -1
4500 8 9 1 0.0  90
4500 8 9 2 0.0  3
4500 8 9 3 0.0  -1
4500 8 9 4 0.0  19
4500 8 10 1 0.0  -1
4500 8 10 2 0.0  90
4500 8 10 3 0.0  -1
4500 8 10 4 0.0  -1
4500 8 11 1 0.0  90
4500 8 11 2 0.0  -1
4500 8 11 3 0.0  -1
4500 8 11 4 0.0  90
4500 8 12 1 0.0  7
4500 8 12 2 0.0  -1
4500 8 12 3 0.0  90
4500 8 12 4 0.0  90
4500 8 13 1 0.0  -1
4500 8 13 2 0.0  90
4500 8 13 3 0.0  -1
4500 8 13 4 0.0  -1
4500 8 14 1 0.0  90
4500 8 14 2 0.0  21
4500 8 14 3 0.0  -1
4500 8 14 4 0.0  29
4500 8 15 1 0.0  -1
4500 8 15 2 0.0  90
4500 8 15 3 0.0  -1
4500 8 15 4 0.0  -1
4500 8 16 1 0.0  -1
4500 8 16 2 0.0  90
4500 8 16 3 0.0  -1
4500 8 16 4 0.0  -1
4500 8 17 1 0.0  90
4500 8 17 2 0.0  -1
4500 8 17 3 0.0  -1
4500 8 17 4 0.0  -1
4500 8 18 1 0.0  3
4500 8 18 2 0.0  -1
4500 8 18 3 0.0  21
4500 8 18 4 0.0  90
4500 8 19 1 0.0  3
4500 8 19 2 0.0  3
4500 8 19 3 0.0  -1
4500 8 19 4 0.0  90
4500 8 20 1 0.0  -1
4500 8 20 2 0.0  -1
4500 8 20 3 0.0  -1
4500 8 20 4 0.0  90
4500 8 21 1 0.0  -1
4500 8 21 2 0.0  90
4500 8 21 3 0.0  -1
4500 8 21 4 0.0  13
4500 8 22 1 0.0  -1
4500 8 22 2 0.0  -1
4500 8 22 3 0.0  90
4500 8 22 4 0.0  -1
4500 8 23 1 0.0  -1
4500 8 23 2 0.0  -1
4500 8 23 3 0.0  90
4500 8 23 4 0.0  -1
4500 8 24 1 0.0  17
4500 8 24 2 0.0  -1
4500 8 24 3 0.0  90
4500 8 24 4 0.0  -1
4500 8 25 1 0.0  -1
4500 8 25 2 0.0  -1
4500 8 25 3 0.0  -1
4500 8 25 4 0.0  90
5000 8 1 1 0.0  -1
5000 8 1 2 0.0  -1
5000 8 1 3 0.0  90
5000 8 1 4 0.0  -1
5000 8 2 1 0.0  -1
5000 8 2 2 0.0  -1
5000 8 2 3 0.0  -1
5000 8 2 4 0.0  90
5000 8 3 1 0.0  -1
5000 8 3 2 0.0  6
5000 8 3 3 0.0  5
5000 8 3 4 0.0  90
5000 8 4 1 0.0  90
5000 8 4 2 0.0  -1
5000 8 4 3 0.0  -1
5000 8 4 4 0.0  -1
5000 8 5 1 0.0  7
5000 8 5 2 0.0  7
5000 8 5 3 0.0  -1
5000 8 5 4 0.0  -1
5000 8 6 1 0.0  90
5000 8 6 2 0.0  -1
5000 8 6 3 0.0  7
5000 8 6 4 0.0  -1
5000 8 7 1 0.0  9
5000 8 7 2 0.0  -1
5000 8 7 3 0.0  -1
5000 8 7 4 0.0  90
5000 8 8 1 0.0  -1
5000 8 8 2 0.0  -1
5000 8 8 3 0.0  -1
5000 8 8 4 0.0  90
5000 8 9 1 0.0  90
5000 8 9 2 0.0  -1
5000 8 9 3 0.0  -1
5000 8 9 4 0.0  19
5000 8 10 1 0.0  -1
5000 8 10 2 0.0  90
5000 8 10 3 0.0  -1
5000 8 10 4 0.0  -1
5000 8 11 1 0.0  23
5000 8 11 2 0.0  -1
5000 8 11 3 0.0  90
5000 8 11 4 0.0  -1
5000 8 12 1 0.0  7
5000 8 12 2 0.0  90
5000 8 12 3 0.0  7
5000 8 12 4 0.0  -1
5000 8 13 1 0.0  12
5000 8 13 2 0.0  90
5000 8 13 3 0.0  -1
5000 8 13 4 0.0  -1
5000 8 14 1 0.0  -1
5000 8 14 2 0.0  -1
5000 8 14 3 0.0  90
5000 8 14 4 0.0  -1
5000 8 15 1 0.0  7
5000 8 15 2 0.0  90
5000 8 15 3 0.0  -1
5000 8 15 4 0.0  -1
5000 8 16 1 0.0  90
5000 8 16 2 0.0  -1
5000 8 16 3 0.0  -1
5000 8 16 4 0.0  90
5000 8 17 1 0.0  -1
5000 8 17 2 0.0  90
5000 8 17 3 0.0  -1
5000 8 17 4 0.0  -1
5000 8 18 1 0.0  90
5000 8 18 2 0.0  9
5000 8 18 3 0.0  -1
5000 8 18 4 0.0  -1
5000 8 19 1 0.0  -1
5000 8 19 2 0.0  -1
5000 8 19 3 0.0  90
5000 8 19 4 0.0  3
5000 8 20 1 0.0  21
5000 8 20 2 0.0  -1
5000 8 20 3 0.0  -1
5000 8 20 4 0.0  90
5000 8 21 1 0.0  -1
5000 8 21 2 0.0  -1
5000 8 21 3 0.0  90
5000 8 21 4 0.0  -1
5000 8 22 1 0.0  90
5000 8 22 2 0.0  7
5000 8 22 3 0.0  -1
5000 8 22 4 0.0  -1
5000 8 23 1 0.0  -1
5000 8 23 2 0.0  -1
5000 8 23 3 0.0  -1
5000 8 23 4 0.0  90
5000 8 24 1 0.0  -1
5000 8 24 2 0.0  -1
5000 8 24 3 0.0  -1
5000 8 24 4 0.0  90
5000 8 25 1 0.0  -1
5000 8 25 2 0.0  10
5000 8 25 3 0.0  90
5000 8 25 4 0.0  -1
