500 3 1 1 1.0  5
500 3 1 2 1.0  5
500 3 1 3 1.0  5
500 3 1 4 1.0  6
500 3 2 1 1.0  6
500 3 2 2 1.0  6
500 3 2 3 1.0  6
500 3 2 4 1.0  6
500 3 3 1 1.0  5
500 3 3 2 1.0  6
500 3 3 3 1.0  5
500 3 3 4 1.0  5
500 3 4 1 1.0  5
500 3 4 2 1.0  5
500 3 4 3 1.0  6
500 3 4 4 1.0  5
500 3 5 1 1.0  5
500 3 5 2 1.0  5
500 3 5 3 1.0  6
500 3 5 4 1.0  5
500 3 6 1 1.0  5
500 3 6 2 1.0  6
500 3 6 3 1.0  5
500 3 6 4 1.0  6
500 3 7 1 1.0  5
500 3 7 2 1.0  5
500 3 7 3 1.0  6
500 3 7 4 1.0  5
500 3 8 1 1.0  5
500 3 8 2 1.0  6
500 3 8 3 1.0  6
500 3 8 4 1.0  6
500 3 9 1 1.0  5
500 3 9 2 1.0  5
500 3 9 3 1.0  6
500 3 9 4 1.0  5
500 3 10 1 1.0  -1
500 3 10 2 1.0  6
500 3 10 3 1.0  -1
500 3 10 4 1.0  6
500 3 11 1 1.0  6
500 3 11 2 1.0  6
500 3 11 3 1.0  6
500 3 11 4 1.0  6
500 3 12 1 1.0  5
500 3 12 2 1.0  6
500 3 12 3 1.0  5
500 3 12 4 1.0  6
500 3 13 1 1.0  6
500 3 13 2 1.0  6
500 3 13 3 1.0  5
500 3 13 4 1.0  5
500 3 14 1 1.0  5
500 3 14 2 1.0  5
500 3 14 3 1.0  6
500 3 14 4 1.0  6
500 3 15 1 1.0  6
500 3 15 2 1.0  6
500 3 15 3 1.0  5
500 3 15 4 1.0  6
500 3 16 1 1.0  4
500 3 16 2 1.0  6
500 3 16 3 1.0  6
500 3 16 4 1.0  6
500 3 17 1 1.0  6
500 3 17 2 1.0  6
500 3 17 3 1.0  6
500 3 17 4 1.0  6
500 3 18 1 1.0  6
500 3 18 2 1.0  6
500 3 18 3 1.0  6
500 3 18 4 1.0  6
500 3 19 1 1.0  5
500 3 19 2 1.0  6
500 3 19 3 1.0  5
500 3 19 4 1.0  5
500 3 20 1 1.0  5
500 3 20 2 1.0  5
500 3 20 3 1.0  6
500 3 20 4 1.0  5
500 3 21 1 1.0  6
500 3 21 2 1.0  6
500 3 21 3 1.0  6
500 3 21 4 1.0  6
500 3 22 1 1.0  6
500 3 22 2 1.0  6
500 3 22 3 1.0  5
500 3 22 4 1.0  5
500 3 23 1 1.0  4
500 3 23 2 1.0  6
500 3 23 3 1.0  6
500 3 23 4 1.0  6
500 3 24 1 1.0  6
500 3 24 2 1.0  5
500 3 24 3 1.0  6
500 3 24 4 1.0  6
500 3 25 1 1.0  6
500 3 25 2 1.0  6
500 3 25 3 1.0  6
500 3 25 4 1.0  6
1000 3 1 1 1.0  6
1000 3 1 2 1.0  6
1000 3 1 3 1.0  7
1000 3 1 4 1.0  7
1000 3 2 1 1.0  -1
1000 3 2 2 1.0  6
1000 3 2 3 1.0  7
1000 3 2 4 1.0  7
1000 3 3 1 1.0  7
1000 3 3 2 1.0  5
1000 3 3 3 1.0  7
1000 3 3 4 1.0  6
1000 3 4 1 1.0  7
1000 3 4 2 1.0  7
1000 3 4 3 1.0  6
1000 3 4 4 1.0  5
1000 3 5 1 1.0  6
1000 3 5 2 1.0  6
1000 3 5 3 1.0  7
1000 3 5 4 1.0  6
1000 3 6 1 1.0  6
1000 3 6 2 1.0  6
1000 3 6 3 1.0  6
1000 3 6 4 1.0  6
1000 3 7 1 1.0  7
1000 3 7 2 1.0  5
1000 3 7 3 1.0  6
1000 3 7 4 1.0  6
1000 3 8 1 1.0  6
1000 3 8 2 1.0  6
1000 3 8 3 1.0  6
1000 3 8 4 1.0  6
1000 3 9 1 1.0  6
1000 3 9 2 1.0  6
1000 3 9 3 1.0  6
1000 3 9 4 1.0  6
1000 3 10 1 1.0  7
1000 3 10 2 1.0  6
1000 3 10 3 1.0  6
1000 3 10 4 1.0  6
1000 3 11 1 1.0  7
1000 3 11 2 1.0  6
1000 3 11 3 1.0  6
1000 3 11 4 1.0  6
1000 3 12 1 1.0  5
1000 3 12 2 1.0  7
1000 3 12 3 1.0  7
1000 3 12 4 1.0  6
1000 3 13 1 1.0  6
1000 3 13 2 1.0  6
1000 3 13 3 1.0  6
1000 3 13 4 1.0  6
1000 3 14 1 1.0  6
1000 3 14 2 1.0  6
1000 3 14 3 1.0  6
1000 3 14 4 1.0  6
1000 3 15 1 1.0  6
1000 3 15 2 1.0  6
1000 3 15 3 1.0  6
1000 3 15 4 1.0  7
1000 3 16 1 1.0  6
1000 3 16 2 1.0  6
1000 3 16 3 1.0  6
1000 3 16 4 1.0  6
1000 3 17 1 1.0  6
1000 3 17 2 1.0  7
1000 3 17 3 1.0  6
1000 3 17 4 1.0  7
1000 3 18 1 1.0  6
1000 3 18 2 1.0  6
1000 3 18 3 1.0  6
1000 3 18 4 1.0  7
1000 3 19 1 1.0  6
1000 3 19 2 1.0  6
1000 3 19 3 1.0  6
1000 3 19 4 1.0  6
1000 3 20 1 1.0  7
1000 3 20 2 1.0  7
1000 3 20 3 1.0  6
1000 3 20 4 1.0  6
1000 3 21 1 1.0  6
1000 3 21 2 1.0  6
1000 3 21 3 1.0  6
1000 3 21 4 1.0  6
1000 3 22 1 1.0  6
1000 3 22 2 1.0  6
1000 3 22 3 1.0  6
1000 3 22 4 1.0  6
1000 3 23 1 1.0  6
1000 3 23 2 1.0  6
1000 3 23 3 1.0  6
1000 3 23 4 1.0  6
1000 3 24 1 1.0  7
1000 3 24 2 1.0  6
1000 3 24 3 1.0  6
1000 3 24 4 1.0  6
1000 3 25 1 1.0  6
1000 3 25 2 1.0  6
1000 3 25 3 1.0  6
1000 3 25 4 1.0  6
1500 3 1 1 1.0  -1
1500 3 1 2 1.0  -1
1500 3 1 3 1.0  -1
1500 3 1 4 1.0  15
1500 3 2 1 1.0  22
1500 3 2 2 1.0  34
1500 3 2 3 1.0  -1
1500 3 2 4 1.0  -1
1500 3 3 1 1.0  31
1500 3 3 2 1.0  24
1500 3 3 3 1.0  -1
1500 3 3 4 1.0  -1
1500 3 4 1 1.0  -1
1500 3 4 2 1.0  15
1500 3 4 3 1.0  5
1500 3 4 4 1.0  34
1500 3 5 1 1.0  -1
1500 3 5 2 1.0  15
1500 3 5 3 1.0  15
1500 3 5 4 1.0  22
1500 3 6 1 1.0  15
1500 3 6 2 1.0  7
1500 3 6 3 1.0  15
1500 3 6 4 1.0  7
1500 3 7 1 1.0  22
1500 3 7 2 1.0  -1
1500 3 7 3 1.0  -1
1500 3 7 4 1.0  22
1500 3 8 1 1.0  15
1500 3 8 2 1.0  43
1500 3 8 3 1.0  -1
1500 3 8 4 1.0  -1
1500 3 9 1 1.0  -1
1500 3 9 2 1.0  22
1500 3 9 3 1.0  15
1500 3 9 4 1.0  16
1500 3 10 1 1.0  -1
1500 3 10 2 1.0  -1
1500 3 10 3 1.0  -1
1500 3 10 4 1.0  43
1500 3 11 1 1.0  15
1500 3 11 2 1.0  15
1500 3 11 3 1.0  -1
1500 3 11 4 1.0  22
1500 3 12 1 1.0  15
1500 3 12 2 1.0  34
1500 3 12 3 1.0  -1
1500 3 12 4 1.0  22
1500 3 13 1 1.0  15
1500 3 13 2 1.0  -1
1500 3 13 3 1.0  15
1500 3 13 4 1.0  34
1500 3 14 1 1.0  15
1500 3 14 2 1.0  15
1500 3 14 3 1.0  15
1500 3 14 4 1.0  -1
1500 3 15 1 1.0  15
1500 3 15 2 1.0  -1
1500 3 15 3 1.0  -1
1500 3 15 4 1.0  34
1500 3 16 1 1.0  43
1500 3 16 2 1.0  15
1500 3 16 3 1.0  15
1500 3 16 4 1.0  -1
1500 3 17 1 1.0  -1
1500 3 17 2 1.0  34
1500 3 17 3 1.0  15
1500 3 17 4 1.0  18
1500 3 18 1 1.0  22
1500 3 18 2 1.0  15
1500 3 18 3 1.0  -1
1500 3 18 4 1.0  34
1500 3 19 1 1.0  -1
1500 3 19 2 1.0  15
1500 3 19 3 1.0  -1
1500 3 19 4 1.0  34
1500 3 20 1 1.0  34
1500 3 20 2 1.0  -1
1500 3 20 3 1.0  15
1500 3 20 4 1.0  -1
1500 3 21 1 1.0  -1
1500 3 21 2 1.0  43
1500 3 21 3 1.0  6
1500 3 21 4 1.0  -1
1500 3 22 1 1.0  15
1500 3 22 2 1.0  22
1500 3 22 3 1.0  15
1500 3 22 4 1.0  15
1500 3 23 1 1.0  -1
1500 3 23 2 1.0  9
1500 3 23 3 1.0  -1
1500 3 23 4 1.0  34
1500 3 24 1 1.0  15
1500 3 24 2 1.0  34
1500 3 24 3 1.0  15
1500 3 24 4 1.0  7
1500 3 25 1 1.0  7
1500 3 25 2 1.0  15
1500 3 25 3 1.0  15
1500 3 25 4 1.0  15
2000 3 1 1 1.0  -1
2000 3 1 2 1.0  43
2000 3 1 3 1.0  43
2000 3 1 4 1.0  9
2000 3 2 1 1.0  43
2000 3 2 2 1.0  8
2000 3 2 3 1.0  43
2000 3 2 4 1.0  10
2000 3 3 1 1.0  43
2000 3 3 2 1.0  8
2000 3 3 3 1.0  22
2000 3 3 4 1.0  43
2000 3 4 1 1.0  -1
2000 3 4 2 1.0  22
2000 3 4 3 1.0  36
2000 3 4 4 1.0  29
2000 3 5 1 1.0  43
2000 3 5 2 1.0  -1
2000 3 5 3 1.0  43
2000 3 5 4 1.0  -1
2000 3 6 1 1.0  24
2000 3 6 2 1.0  43
2000 3 6 3 1.0  22
2000 3 6 4 1.0  9
2000 3 7 1 1.0  43
2000 3 7 2 1.0  -1
2000 3 7 3 1.0  22
2000 3 7 4 1.0  43
2000 3 8 1 1.0  9
2000 3 8 2 1.0  4
2000 3 8 3 1.0  43
2000 3 8 4 1.0  6
2000 3 9 1 1.0  36
2000 3 9 2 1.0  -1
2000 3 9 3 1.0  15
2000 3 9 4 1.0  43
2000 3 10 1 1.0  43
2000 3 10 2 1.0  -1
2000 3 10 3 1.0  43
2000 3 10 4 1.0  -1
2000 3 11 1 1.0  -1
2000 3 11 2 1.0  43
2000 3 11 3 1.0  43
2000 3 11 4 1.0  -1
2000 3 12 1 1.0  9
2000 3 12 2 1.0  43
2000 3 12 3 1.0  43
2000 3 12 4 1.0  10
2000 3 13 1 1.0  -1
2000 3 13 2 1.0  43
2000 3 13 3 1.0  43
2000 3 13 4 1.0  6
2000 3 14 1 1.0  43
2000 3 14 2 1.0  11
2000 3 14 3 1.0  -1
2000 3 14 4 1.0  36
2000 3 15 1 1.0  -1
2000 3 15 2 1.0  36
2000 3 15 3 1.0  43
2000 3 15 4 1.0  22
2000 3 16 1 1.0  36
2000 3 16 2 1.0  22
2000 3 16 3 1.0  22
2000 3 16 4 1.0  22
2000 3 17 1 1.0  -1
2000 3 17 2 1.0  6
2000 3 17 3 1.0  43
2000 3 17 4 1.0  43
2000 3 18 1 1.0  22
2000 3 18 2 1.0  43
2000 3 18 3 1.0  -1
2000 3 18 4 1.0  22
2000 3 19 1 1.0  -1
2000 3 19 2 1.0  43
2000 3 19 3 1.0  43
2000 3 19 4 1.0  -1
2000 3 20 1 1.0  -1
2000 3 20 2 1.0  29
2000 3 20 3 1.0  43
2000 3 20 4 1.0  15
2000 3 21 1 1.0  15
2000 3 21 2 1.0  43
2000 3 21 3 1.0  15
2000 3 21 4 1.0  15
2000 3 22 1 1.0  -1
2000 3 22 2 1.0  43
2000 3 22 3 1.0  -1
2000 3 22 4 1.0  43
2000 3 23 1 1.0  4
2000 3 23 2 1.0  -1
2000 3 23 3 1.0  43
2000 3 23 4 1.0  43
2000 3 24 1 1.0  8
2000 3 24 2 1.0  -1
2000 3 24 3 1.0  36
2000 3 24 4 1.0  43
2000 3 25 1 1.0  36
2000 3 25 2 1.0  -1
2000 3 25 3 1.0  -1
2000 3 25 4 1.0  43
2500 3 1 1 1.0  43
2500 3 1 2 1.0  52
2500 3 1 3 1.0  9
2500 3 1 4 1.0  4
2500 3 2 1 1.0  43
2500 3 2 2 1.0  43
2500 3 2 3 1.0  -1
2500 3 2 4 1.0  36
2500 3 3 1 1.0  43
2500 3 3 2 1.0  8
2500 3 3 3 1.0  22
2500 3 3 4 1.0  43
2500 3 4 1 1.0  52
2500 3 4 2 1.0  52
2500 3 4 3 1.0  52
2500 3 4 4 1.0  4
2500 3 5 1 1.0  43
2500 3 5 2 1.0  24
2500 3 5 3 1.0  43
2500 3 5 4 1.0  -1
2500 3 6 1 1.0  3
2500 3 6 2 1.0  4
2500 3 6 3 1.0  -1
2500 3 6 4 1.0  4
2500 3 7 1 1.0  43
2500 3 7 2 1.0  -1
2500 3 7 3 1.0  22
2500 3 7 4 1.0  43
2500 3 8 1 1.0  22
2500 3 8 2 1.0  43
2500 3 8 3 1.0  43
2500 3 8 4 1.0  -1
2500 3 9 1 1.0  15
2500 3 9 2 1.0  -1
2500 3 9 3 1.0  52
2500 3 9 4 1.0  52
2500 3 10 1 1.0  43
2500 3 10 2 1.0  4
2500 3 10 3 1.0  43
2500 3 10 4 1.0  43
2500 3 11 1 1.0  43
2500 3 11 2 1.0  15
2500 3 11 3 1.0  36
2500 3 11 4 1.0  43
2500 3 12 1 1.0  -1
2500 3 12 2 1.0  36
2500 3 12 3 1.0  52
2500 3 12 4 1.0  52
2500 3 13 1 1.0  43
2500 3 13 2 1.0  52
2500 3 13 3 1.0  20
2500 3 13 4 1.0  4
2500 3 14 1 1.0  43
2500 3 14 2 1.0  52
2500 3 14 3 1.0  4
2500 3 14 4 1.0  52
2500 3 15 1 1.0  36
2500 3 15 2 1.0  -1
2500 3 15 3 1.0  52
2500 3 15 4 1.0  52
2500 3 16 1 1.0  52
2500 3 16 2 1.0  4
2500 3 16 3 1.0  52
2500 3 16 4 1.0  -1
2500 3 17 1 1.0  52
2500 3 17 2 1.0  8
2500 3 17 3 1.0  52
2500 3 17 4 1.0  -1
2500 3 18 1 1.0  43
2500 3 18 2 1.0  43
2500 3 18 3 1.0  43
2500 3 18 4 1.0  4
2500 3 19 1 1.0  52
2500 3 19 2 1.0  -1
2500 3 19 3 1.0  52
2500 3 19 4 1.0  15
2500 3 20 1 1.0  24
2500 3 20 2 1.0  52
2500 3 20 3 1.0  52
2500 3 20 4 1.0  3
2500 3 21 1 1.0  4
2500 3 21 2 1.0  52
2500 3 21 3 1.0  52
2500 3 21 4 1.0  52
2500 3 22 1 1.0  15
2500 3 22 2 1.0  36
2500 3 22 3 1.0  36
2500 3 22 4 1.0  43
2500 3 23 1 1.0  52
2500 3 23 2 1.0  43
2500 3 23 3 1.0  -1
2500 3 23 4 1.0  52
2500 3 24 1 1.0  52
2500 3 24 2 1.0  -1
2500 3 24 3 1.0  52
2500 3 24 4 1.0  3
2500 3 25 1 1.0  -1
2500 3 25 2 1.0  52
2500 3 25 3 1.0  52
2500 3 25 4 1.0  4
3000 3 1 1 1.0  52
3000 3 1 2 1.0  52
3000 3 1 3 1.0  52
3000 3 1 4 1.0  52
3000 3 2 1 1.0  52
3000 3 2 2 1.0  52
3000 3 2 3 1.0  52
3000 3 2 4 1.0  -1
3000 3 3 1 1.0  52
3000 3 3 2 1.0  52
3000 3 3 3 1.0  -1
3000 3 3 4 1.0  52
3000 3 4 1 1.0  52
3000 3 4 2 1.0  52
3000 3 4 3 1.0  52
3000 3 4 4 1.0  4
3000 3 5 1 1.0  52
3000 3 5 2 1.0  -1
3000 3 5 3 1.0  52
3000 3 5 4 1.0  52
3000 3 6 1 1.0  52
3000 3 6 2 1.0  52
3000 3 6 3 1.0  -1
3000 3 6 4 1.0  52
3000 3 7 1 1.0  52
3000 3 7 2 1.0  52
3000 3 7 3 1.0  52
3000 3 7 4 1.0  3
3000 3 8 1 1.0  52
3000 3 8 2 1.0  52
3000 3 8 3 1.0  36
3000 3 8 4 1.0  52
3000 3 9 1 1.0  52
3000 3 9 2 1.0  52
3000 3 9 3 1.0  52
3000 3 9 4 1.0  52
3000 3 10 1 1.0  -1
3000 3 10 2 1.0  52
3000 3 10 3 1.0  52
3000 3 10 4 1.0  52
3000 3 11 1 1.0  52
3000 3 11 2 1.0  52
3000 3 11 3 1.0  52
3000 3 11 4 1.0  -1
3000 3 12 1 1.0  -1
3000 3 12 2 1.0  52
3000 3 12 3 1.0  52
3000 3 12 4 1.0  52
3000 3 13 1 1.0  52
3000 3 13 2 1.0  6
3000 3 13 3 1.0  52
3000 3 13 4 1.0  52
3000 3 14 1 1.0  4
3000 3 14 2 1.0  3
3000 3 14 3 1.0  -1
3000 3 14 4 1.0  52
3000 3 15 1 1.0  52
3000 3 15 2 1.0  -1
3000 3 15 3 1.0  52
3000 3 15 4 1.0  52
3000 3 16 1 1.0  52
3000 3 16 2 1.0  52
3000 3 16 3 1.0  -1
3000 3 16 4 1.0  52
3000 3 17 1 1.0  52
3000 3 17 2 1.0  -1
3000 3 17 3 1.0  52
3000 3 17 4 1.0  52
3000 3 18 1 1.0  -1
3000 3 18 2 1.0  52
3000 3 18 3 1.0  52
3000 3 18 4 1.0  52
3000 3 19 1 1.0  52
3000 3 19 2 1.0  -1
3000 3 19 3 1.0  52
3000 3 19 4 1.0  52
3000 3 20 1 1.0  52
3000 3 20 2 1.0  52
3000 3 20 3 1.0  52
3000 3 20 4 1.0  52
3000 3 21 1 1.0  4
3000 3 21 2 1.0  52
3000 3 21 3 1.0  52
3000 3 21 4 1.0  52
3000 3 22 1 1.0  -1
3000 3 22 2 1.0  52
3000 3 22 3 1.0  52
3000 3 22 4 1.0  52
3000 3 23 1 1.0  52
3000 3 23 2 1.0  -1
3000 3 23 3 1.0  52
3000 3 23 4 1.0  52
3000 3 24 1 1.0  52
3000 3 24 2 1.0  -1
3000 3 24 3 1.0  52
3000 3 24 4 1.0  52
3000 3 25 1 1.0  52
3000 3 25 2 1.0  52
3000 3 25 3 1.0  52
3000 3 25 4 1.0  -1
3500 3 1 1 1.0  52
3500 3 1 2 1.0  52
3500 3 1 3 1.0  52
3500 3 1 4 1.0  52
3500 3 2 1 1.0  3
3500 3 2 2 1.0  52
3500 3 2 3 1.0  52
3500 3 2 4 1.0  52
3500 3 3 1 1.0  -1
3500 3 3 2 1.0  52
3500 3 3 3 1.0  52
3500 3 3 4 1.0  52
3500 3 4 1 1.0  52
3500 3 4 2 1.0  52
3500 3 4 3 1.0  52
3500 3 4 4 1.0  4
3500 3 5 1 1.0  52
3500 3 5 2 1.0  52
3500 3 5 3 1.0  52
3500 3 5 4 1.0  -1
3500 3 6 1 1.0  52
3500 3 6 2 1.0  52
3500 3 6 3 1.0  -1
3500 3 6 4 1.0  52
3500 3 7 1 1.0  52
3500 3 7 2 1.0  52
3500 3 7 3 1.0  52
3500 3 7 4 1.0  3
3500 3 8 1 1.0  52
3500 3 8 2 1.0  52
3500 3 8 3 1.0  36
3500 3 8 4 1.0  52
3500 3 9 1 1.0  52
3500 3 9 2 1.0  52
3500 3 9 3 1.0  52
3500 3 9 4 1.0  52
3500 3 10 1 1.0  52
3500 3 10 2 1.0  52
3500 3 10 3 1.0  -1
3500 3 10 4 1.0  52
3500 3 11 1 1.0  52
3500 3 11 2 1.0  36
3500 3 11 3 1.0  52
3500 3 11 4 1.0  52
3500 3 12 1 1.0  52
3500 3 12 2 1.0  52
3500 3 12 3 1.0  52
3500 3 12 4 1.0  52
3500 3 13 1 1.0  52
3500 3 13 2 1.0  6
3500 3 13 3 1.0  52
3500 3 13 4 1.0  52
3500 3 14 1 1.0  52
3500 3 14 2 1.0  4
3500 3 14 3 1.0  52
3500 3 14 4 1.0  52
3500 3 15 1 1.0  52
3500 3 15 2 1.0  -1
3500 3 15 3 1.0  52
3500 3 15 4 1.0  52
3500 3 16 1 1.0  52
3500 3 16 2 1.0  52
3500 3 16 3 1.0  52
3500 3 16 4 1.0  4
3500 3 17 1 1.0  52
3500 3 17 2 1.0  52
3500 3 17 3 1.0  -1
3500 3 17 4 1.0  52
3500 3 18 1 1.0  52
3500 3 18 2 1.0  52
3500 3 18 3 1.0  52
3500 3 18 4 1.0  52
3500 3 19 1 1.0  52
3500 3 19 2 1.0  52
3500 3 19 3 1.0  -1
3500 3 19 4 1.0  52
3500 3 20 1 1.0  52
3500 3 20 2 1.0  52
3500 3 20 3 1.0  52
3500 3 20 4 1.0  52
3500 3 21 1 1.0  4
3500 3 21 2 1.0  52
3500 3 21 3 1.0  52
3500 3 21 4 1.0  52
3500 3 22 1 1.0  -1
3500 3 22 2 1.0  52
3500 3 22 3 1.0  52
3500 3 22 4 1.0  52
3500 3 23 1 1.0  52
3500 3 23 2 1.0  -1
3500 3 23 3 1.0  52
3500 3 23 4 1.0  52
3500 3 24 1 1.0  -1
3500 3 24 2 1.0  52
3500 3 24 3 1.0  -1
3500 3 24 4 1.0  52
3500 3 25 1 1.0  52
3500 3 25 2 1.0  -1
3500 3 25 3 1.0  52
3500 3 25 4 1.0  52
4000 3 1 1 1.0  52
4000 3 1 2 1.0  52
4000 3 1 3 1.0  52
4000 3 1 4 1.0  52
4000 3 2 1 1.0  3
4000 3 2 2 1.0  52
4000 3 2 3 1.0  52
4000 3 2 4 1.0  52
4000 3 3 1 1.0  -1
4000 3 3 2 1.0  52
4000 3 3 3 1.0  52
4000 3 3 4 1.0  52
4000 3 4 1 1.0  52
4000 3 4 2 1.0  52
4000 3 4 3 1.0  52
4000 3 4 4 1.0  4
4000 3 5 1 1.0  52
4000 3 5 2 1.0  52
4000 3 5 3 1.0  52
4000 3 5 4 1.0  4
4000 3 6 1 1.0  -1
4000 3 6 2 1.0  52
4000 3 6 3 1.0  52
4000 3 6 4 1.0  52
4000 3 7 1 1.0  52
4000 3 7 2 1.0  52
4000 3 7 3 1.0  52
4000 3 7 4 1.0  3
4000 3 8 1 1.0  52
4000 3 8 2 1.0  52
4000 3 8 3 1.0  36
4000 3 8 4 1.0  52
4000 3 9 1 1.0  52
4000 3 9 2 1.0  52
4000 3 9 3 1.0  52
4000 3 9 4 1.0  52
4000 3 10 1 1.0  52
4000 3 10 2 1.0  -1
4000 3 10 3 1.0  52
4000 3 10 4 1.0  52
4000 3 11 1 1.0  52
4000 3 11 2 1.0  36
4000 3 11 3 1.0  52
4000 3 11 4 1.0  52
4000 3 12 1 1.0  52
4000 3 12 2 1.0  52
4000 3 12 3 1.0  52
4000 3 12 4 1.0  52
4000 3 13 1 1.0  52
4000 3 13 2 1.0  6
4000 3 13 3 1.0  52
4000 3 13 4 1.0  52
4000 3 14 1 1.0  52
4000 3 14 2 1.0  4
4000 3 14 3 1.0  52
4000 3 14 4 1.0  52
4000 3 15 1 1.0  52
4000 3 15 2 1.0  52
4000 3 15 3 1.0  52
4000 3 15 4 1.0  52
4000 3 16 1 1.0  52
4000 3 16 2 1.0  52
4000 3 16 3 1.0  52
4000 3 16 4 1.0  4
4000 3 17 1 1.0  52
4000 3 17 2 1.0  -1
4000 3 17 3 1.0  52
4000 3 17 4 1.0  52
4000 3 18 1 1.0  52
4000 3 18 2 1.0  52
4000 3 18 3 1.0  52
4000 3 18 4 1.0  52
4000 3 19 1 1.0  -1
4000 3 19 2 1.0  52
4000 3 19 3 1.0  4
4000 3 19 4 1.0  -1
4000 3 20 1 1.0  52
4000 3 20 2 1.0  52
4000 3 20 3 1.0  52
4000 3 20 4 1.0  52
4000 3 21 1 1.0  4
4000 3 21 2 1.0  52
4000 3 21 3 1.0  52
4000 3 21 4 1.0  52
4000 3 22 1 1.0  52
4000 3 22 2 1.0  52
4000 3 22 3 1.0  52
4000 3 22 4 1.0  -1
4000 3 23 1 1.0  -1
4000 3 23 2 1.0  52
4000 3 23 3 1.0  52
4000 3 23 4 1.0  52
4000 3 24 1 1.0  52
4000 3 24 2 1.0  52
4000 3 24 3 1.0  -1
4000 3 24 4 1.0  52
4000 3 25 1 1.0  52
4000 3 25 2 1.0  8
4000 3 25 3 1.0  52
4000 3 25 4 1.0  52
4500 3 1 1 1.0  52
4500 3 1 2 1.0  52
4500 3 1 3 1.0  52
4500 3 1 4 1.0  52
4500 3 2 1 1.0  3
4500 3 2 2 1.0  52
4500 3 2 3 1.0  52
4500 3 2 4 1.0  52
4500 3 3 1 1.0  52
4500 3 3 2 1.0  52
4500 3 3 3 1.0  52
4500 3 3 4 1.0  52
4500 3 4 1 1.0  52
4500 3 4 2 1.0  52
4500 3 4 3 1.0  52
4500 3 4 4 1.0  4
4500 3 5 1 1.0  52
4500 3 5 2 1.0  52
4500 3 5 3 1.0  52
4500 3 5 4 1.0  4
4500 3 6 1 1.0  36
4500 3 6 2 1.0  16
4500 3 6 3 1.0  52
4500 3 6 4 1.0  -1
4500 3 7 1 1.0  52
4500 3 7 2 1.0  52
4500 3 7 3 1.0  52
4500 3 7 4 1.0  3
4500 3 8 1 1.0  52
4500 3 8 2 1.0  52
4500 3 8 3 1.0  36
4500 3 8 4 1.0  52
4500 3 9 1 1.0  52
4500 3 9 2 1.0  52
4500 3 9 3 1.0  52
4500 3 9 4 1.0  52
4500 3 10 1 1.0  -1
4500 3 10 2 1.0  52
4500 3 10 3 1.0  52
4500 3 10 4 1.0  52
4500 3 11 1 1.0  52
4500 3 11 2 1.0  36
4500 3 11 3 1.0  52
4500 3 11 4 1.0  52
4500 3 12 1 1.0  52
4500 3 12 2 1.0  52
4500 3 12 3 1.0  52
4500 3 12 4 1.0  52
4500 3 13 1 1.0  52
4500 3 13 2 1.0  6
4500 3 13 3 1.0  52
4500 3 13 4 1.0  52
4500 3 14 1 1.0  52
4500 3 14 2 1.0  4
4500 3 14 3 1.0  52
4500 3 14 4 1.0  52
4500 3 15 1 1.0  52
4500 3 15 2 1.0  52
4500 3 15 3 1.0  52
4500 3 15 4 1.0  52
4500 3 16 1 1.0  52
4500 3 16 2 1.0  52
4500 3 16 3 1.0  52
4500 3 16 4 1.0  4
4500 3 17 1 1.0  52
4500 3 17 2 1.0  52
4500 3 17 3 1.0  52
4500 3 17 4 1.0  3
4500 3 18 1 1.0  52
4500 3 18 2 1.0  52
4500 3 18 3 1.0  52
4500 3 18 4 1.0  52
4500 3 19 1 1.0  52
4500 3 19 2 1.0  52
4500 3 19 3 1.0  52
4500 3 19 4 1.0  52
4500 3 20 1 1.0  52
4500 3 20 2 1.0  52
4500 3 20 3 1.0  52
4500 3 20 4 1.0  52
4500 3 21 1 1.0  4
4500 3 21 2 1.0  52
4500 3 21 3 1.0  52
4500 3 21 4 1.0  52
4500 3 22 1 1.0  52
4500 3 22 2 1.0  52
4500 3 22 3 1.0  52
4500 3 22 4 1.0  52
4500 3 23 1 1.0  52
4500 3 23 2 1.0  52
4500 3 23 3 1.0  52
4500 3 23 4 1.0  -1
4500 3 24 1 1.0  52
4500 3 24 2 1.0  52
4500 3 24 3 1.0  52
4500 3 24 4 1.0  36
4500 3 25 1 1.0  52
4500 3 25 2 1.0  8
4500 3 25 3 1.0  52
4500 3 25 4 1.0  52
5000 3 1 1 1.0  52
5000 3 1 2 1.0  52
5000 3 1 3 1.0  52
5000 3 1 4 1.0  52
5000 3 2 1 1.0  3
5000 3 2 2 1.0  52
5000 3 2 3 1.0  52
5000 3 2 4 1.0  52
5000 3 3 1 1.0  52
5000 3 3 2 1.0  52
5000 3 3 3 1.0  52
5000 3 3 4 1.0  52
5000 3 4 1 1.0  52
5000 3 4 2 1.0  52
5000 3 4 3 1.0  52
5000 3 4 4 1.0  4
5000 3 5 1 1.0  52
5000 3 5 2 1.0  52
5000 3 5 3 1.0  52
5000 3 5 4 1.0  4
5000 3 6 1 1.0  52
5000 3 6 2 1.0  52
5000 3 6 3 1.0  52
5000 3 6 4 1.0  52
5000 3 7 1 1.0  -1
5000 3 7 2 1.0  15
5000 3 7 3 1.0  52
5000 3 7 4 1.0  -1
5000 3 8 1 1.0  52
5000 3 8 2 1.0  52
5000 3 8 3 1.0  36
5000 3 8 4 1.0  52
5000 3 9 1 1.0  52
5000 3 9 2 1.0  52
5000 3 9 3 1.0  52
5000 3 9 4 1.0  52
5000 3 10 1 1.0  52
5000 3 10 2 1.0  3
5000 3 10 3 1.0  52
5000 3 10 4 1.0  52
5000 3 11 1 1.0  52
5000 3 11 2 1.0  36
5000 3 11 3 1.0  52
5000 3 11 4 1.0  52
5000 3 12 1 1.0  52
5000 3 12 2 1.0  52
5000 3 12 3 1.0  52
5000 3 12 4 1.0  52
5000 3 13 1 1.0  52
5000 3 13 2 1.0  6
5000 3 13 3 1.0  52
5000 3 13 4 1.0  52
5000 3 14 1 1.0  52
5000 3 14 2 1.0  4
5000 3 14 3 1.0  52
5000 3 14 4 1.0  52
5000 3 15 1 1.0  52
5000 3 15 2 1.0  52
5000 3 15 3 1.0  52
5000 3 15 4 1.0  52
5000 3 16 1 1.0  52
5000 3 16 2 1.0  52
5000 3 16 3 1.0  52
5000 3 16 4 1.0  4
5000 3 17 1 1.0  52
5000 3 17 2 1.0  52
5000 3 17 3 1.0  52
5000 3 17 4 1.0  3
5000 3 18 1 1.0  52
5000 3 18 2 1.0  52
5000 3 18 3 1.0  52
5000 3 18 4 1.0  52
5000 3 19 1 1.0  52
5000 3 19 2 1.0  52
5000 3 19 3 1.0  52
5000 3 19 4 1.0  52
5000 3 20 1 1.0  52
5000 3 20 2 1.0  52
5000 3 20 3 1.0  52
5000 3 20 4 1.0  52
5000 3 21 1 1.0  4
5000 3 21 2 1.0  52
5000 3 21 3 1.0  52
5000 3 21 4 1.0  52
5000 3 22 1 1.0  52
5000 3 22 2 1.0  52
5000 3 22 3 1.0  52
5000 3 22 4 1.0  52
5000 3 23 1 1.0  52
5000 3 23 2 1.0  52
5000 3 23 3 1.0  52
5000 3 23 4 1.0  52
5000 3 24 1 1.0  52
5000 3 24 2 1.0  52
5000 3 24 3 1.0  52
5000 3 24 4 1.0  36
5000 3 25 1 1.0  52
5000 3 25 2 1.0  8
5000 3 25 3 1.0  52
5000 3 25 4 1.0  52
500 4 1 1 1.0  -1
500 4 1 2 1.0  18
500 4 1 3 1.0  23
500 4 1 4 1.0  260
500 4 2 1 1.0  260
500 4 2 2 1.0  -1
500 4 2 3 1.0  2
500 4 2 4 1.0  23
500 4 3 1 1.0  -1
500 4 3 2 1.0  8
500 4 3 3 1.0  -1
500 4 3 4 1.0  260
500 4 4 1 1.0  23
500 4 4 2 1.0  -1
500 4 4 3 1.0  260
500 4 4 4 1.0  -1
500 4 5 1 1.0  32
500 4 5 2 1.0  -1
500 4 5 3 1.0  -1
500 4 5 4 1.0  260
500 4 6 1 1.0  24
500 4 6 2 1.0  -1
500 4 6 3 1.0  260
500 4 6 4 1.0  -1
500 4 7 1 1.0  18
500 4 7 2 1.0  23
500 4 7 3 1.0  260
500 4 7 4 1.0  5
500 4 8 1 1.0  -1
500 4 8 2 1.0  260
500 4 8 3 1.0  24
500 4 8 4 1.0  -1
500 4 9 1 1.0  -1
500 4 9 2 1.0  32
500 4 9 3 1.0  -1
500 4 9 4 1.0  260
500 4 10 1 1.0  260
500 4 10 2 1.0  36
500 4 10 3 1.0  -1
500 4 10 4 1.0  24
500 4 11 1 1.0  36
500 4 11 2 1.0  4
500 4 11 3 1.0  -1
500 4 11 4 1.0  260
500 4 12 1 1.0  24
500 4 12 2 1.0  27
500 4 12 3 1.0  260
500 4 12 4 1.0  -1
500 4 13 1 1.0  260
500 4 13 2 1.0  23
500 4 13 3 1.0  -1
500 4 13 4 1.0  -1
500 4 14 1 1.0  27
500 4 14 2 1.0  -1
500 4 14 3 1.0  -1
500 4 14 4 1.0  27
500 4 15 1 1.0  23
500 4 15 2 1.0  23
500 4 15 3 1.0  260
500 4 15 4 1.0  -1
500 4 16 1 1.0  -1
500 4 16 2 1.0  -1
500 4 16 3 1.0  260
500 4 16 4 1.0  2
500 4 17 1 1.0  24
500 4 17 2 1.0  260
500 4 17 3 1.0  -1
500 4 17 4 1.0  2
500 4 18 1 1.0  260
500 4 18 2 1.0  23
500 4 18 3 1.0  -1
500 4 18 4 1.0  23
500 4 19 1 1.0  23
500 4 19 2 1.0  -1
500 4 19 3 1.0  -1
500 4 19 4 1.0  260
500 4 20 1 1.0  23
500 4 20 2 1.0  -1
500 4 20 3 1.0  22
500 4 20 4 1.0  260
500 4 21 1 1.0  -1
500 4 21 2 1.0  24
500 4 21 3 1.0  260
500 4 21 4 1.0  12
500 4 22 1 1.0  24
500 4 22 2 1.0  260
500 4 22 3 1.0  -1
500 4 22 4 1.0  24
500 4 23 1 1.0  23
500 4 23 2 1.0  260
500 4 23 3 1.0  -1
500 4 23 4 1.0  -1
500 4 24 1 1.0  260
500 4 24 2 1.0  5
500 4 24 3 1.0  -1
500 4 24 4 1.0  27
500 4 25 1 1.0  260
500 4 25 2 1.0  -1
500 4 25 3 1.0  -1
500 4 25 4 1.0  5
1000 4 1 1 1.0  23
1000 4 1 2 1.0  260
1000 4 1 3 1.0  260
1000 4 1 4 1.0  -1
1000 4 2 1 1.0  260
1000 4 2 2 1.0  -1
1000 4 2 3 1.0  -1
1000 4 2 4 1.0  260
1000 4 3 1 1.0  -1
1000 4 3 2 1.0  260
1000 4 3 3 1.0  260
1000 4 3 4 1.0  5
1000 4 4 1 1.0  260
1000 4 4 2 1.0  5
1000 4 4 3 1.0  83
1000 4 4 4 1.0  260
1000 4 5 1 1.0  -1
1000 4 5 2 1.0  260
1000 4 5 3 1.0  260
1000 4 5 4 1.0  -1
1000 4 6 1 1.0  27
1000 4 6 2 1.0  -1
1000 4 6 3 1.0  260
1000 4 6 4 1.0  260
1000 4 7 1 1.0  17
1000 4 7 2 1.0  260
1000 4 7 3 1.0  260
1000 4 7 4 1.0  -1
1000 4 8 1 1.0  260
1000 4 8 2 1.0  -1
1000 4 8 3 1.0  260
1000 4 8 4 1.0  -1
1000 4 9 1 1.0  -1
1000 4 9 2 1.0  260
1000 4 9 3 1.0  5
1000 4 9 4 1.0  260
1000 4 10 1 1.0  260
1000 4 10 2 1.0  -1
1000 4 10 3 1.0  260
1000 4 10 4 1.0  -1
1000 4 11 1 1.0  5
1000 4 11 2 1.0  260
1000 4 11 3 1.0  -1
1000 4 11 4 1.0  260
1000 4 12 1 1.0  2
1000 4 12 2 1.0  260
1000 4 12 3 1.0  260
1000 4 12 4 1.0  -1
1000 4 13 1 1.0  -1
1000 4 13 2 1.0  260
1000 4 13 3 1.0  27
1000 4 13 4 1.0  260
1000 4 14 1 1.0  8
1000 4 14 2 1.0  260
1000 4 14 3 1.0  -1
1000 4 14 4 1.0  260
1000 4 15 1 1.0  -1
1000 4 15 2 1.0  -1
1000 4 15 3 1.0  260
1000 4 15 4 1.0  260
1000 4 16 1 1.0  260
1000 4 16 2 1.0  27
1000 4 16 3 1.0  -1
1000 4 16 4 1.0  260
1000 4 17 1 1.0  83
1000 4 17 2 1.0  8
1000 4 17 3 1.0  -1
1000 4 17 4 1.0  -1
1000 4 18 1 1.0  8
1000 4 18 2 1.0  260
1000 4 18 3 1.0  -1
1000 4 18 4 1.0  260
1000 4 19 1 1.0  260
1000 4 19 2 1.0  24
1000 4 19 3 1.0  260
1000 4 19 4 1.0  -1
1000 4 20 1 1.0  -1
1000 4 20 2 1.0  260
1000 4 20 3 1.0  260
1000 4 20 4 1.0  -1
1000 4 21 1 1.0  -1
1000 4 21 2 1.0  260
1000 4 21 3 1.0  260
1000 4 21 4 1.0  -1
1000 4 22 1 1.0  260
1000 4 22 2 1.0  -1
1000 4 22 3 1.0  260
1000 4 22 4 1.0  -1
1000 4 23 1 1.0  260
1000 4 23 2 1.0  260
1000 4 23 3 1.0  -1
1000 4 23 4 1.0  260
1000 4 24 1 1.0  -1
1000 4 24 2 1.0  260
1000 4 24 3 1.0  260
1000 4 24 4 1.0  -1
1000 4 25 1 1.0  -1
1000 4 25 2 1.0  -1
1000 4 25 3 1.0  260
1000 4 25 4 1.0  260
1500 4 1 1 1.0  260
1500 4 1 2 1.0  260
1500 4 1 3 1.0  -1
1500 4 1 4 1.0  260
1500 4 2 1 1.0  260
1500 4 2 2 1.0  260
1500 4 2 3 1.0  24
1500 4 2 4 1.0  260
1500 4 3 1 1.0  -1
1500 4 3 2 1.0  260
1500 4 3 3 1.0  260
1500 4 3 4 1.0  260
1500 4 4 1 1.0  260
1500 4 4 2 1.0  5
1500 4 4 3 1.0  83
1500 4 4 4 1.0  260
1500 4 5 1 1.0  29
1500 4 5 2 1.0  260
1500 4 5 3 1.0  -1
1500 4 5 4 1.0  260
1500 4 6 1 1.0  27
1500 4 6 2 1.0  -1
1500 4 6 3 1.0  260
1500 4 6 4 1.0  260
1500 4 7 1 1.0  260
1500 4 7 2 1.0  260
1500 4 7 3 1.0  29
1500 4 7 4 1.0  24
1500 4 8 1 1.0  260
1500 4 8 2 1.0  29
1500 4 8 3 1.0  52
1500 4 8 4 1.0  260
1500 4 9 1 1.0  8
1500 4 9 2 1.0  178
1500 4 9 3 1.0  260
1500 4 9 4 1.0  260
1500 4 10 1 1.0  260
1500 4 10 2 1.0  83
1500 4 10 3 1.0  -1
1500 4 10 4 1.0  260
1500 4 11 1 1.0  -1
1500 4 11 2 1.0  260
1500 4 11 3 1.0  260
1500 4 11 4 1.0  28
1500 4 12 1 1.0  28
1500 4 12 2 1.0  260
1500 4 12 3 1.0  -1
1500 4 12 4 1.0  260
1500 4 13 1 1.0  -1
1500 4 13 2 1.0  260
1500 4 13 3 1.0  27
1500 4 13 4 1.0  260
1500 4 14 1 1.0  -1
1500 4 14 2 1.0  260
1500 4 14 3 1.0  260
1500 4 14 4 1.0  260
1500 4 15 1 1.0  -1
1500 4 15 2 1.0  260
1500 4 15 3 1.0  260
1500 4 15 4 1.0  260
1500 4 16 1 1.0  -1
1500 4 16 2 1.0  24
1500 4 16 3 1.0  -1
1500 4 16 4 1.0  -1
1500 4 17 1 1.0  29
1500 4 17 2 1.0  -1
1500 4 17 3 1.0  260
1500 4 17 4 1.0  260
1500 4 18 1 1.0  260
1500 4 18 2 1.0  52
1500 4 18 3 1.0  -1
1500 4 18 4 1.0  260
1500 4 19 1 1.0  260
1500 4 19 2 1.0  24
1500 4 19 3 1.0  23
1500 4 19 4 1.0  260
1500 4 20 1 1.0  -1
1500 4 20 2 1.0  260
1500 4 20 3 1.0  260
1500 4 20 4 1.0  260
1500 4 21 1 1.0  260
1500 4 21 2 1.0  260
1500 4 21 3 1.0  260
1500 4 21 4 1.0  23
1500 4 22 1 1.0  260
1500 4 22 2 1.0  260
1500 4 22 3 1.0  -1
1500 4 22 4 1.0  260
1500 4 23 1 1.0  260
1500 4 23 2 1.0  260
1500 4 23 3 1.0  -1
1500 4 23 4 1.0  260
1500 4 24 1 1.0  260
1500 4 24 2 1.0  260
1500 4 24 3 1.0  -1
1500 4 24 4 1.0  260
1500 4 25 1 1.0  28
1500 4 25 2 1.0  260
1500 4 25 3 1.0  -1
1500 4 25 4 1.0  260
2000 4 1 1 1.0  260
2000 4 1 2 1.0  260
2000 4 1 3 1.0  -1
2000 4 1 4 1.0  260
2000 4 2 1 1.0  260
2000 4 2 2 1.0  260
2000 4 2 3 1.0  24
2000 4 2 4 1.0  260
2000 4 3 1 1.0  -1
2000 4 3 2 1.0  260
2000 4 3 3 1.0  260
2000 4 3 4 1.0  260
2000 4 4 1 1.0  260
2000 4 4 2 1.0  5
2000 4 4 3 1.0  83
2000 4 4 4 1.0  260
2000 4 5 1 1.0  260
2000 4 5 2 1.0  260
2000 4 5 3 1.0  -1
2000 4 5 4 1.0  260
2000 4 6 1 1.0  -1
2000 4 6 2 1.0  260
2000 4 6 3 1.0  260
2000 4 6 4 1.0  260
2000 4 7 1 1.0  -1
2000 4 7 2 1.0  260
2000 4 7 3 1.0  260
2000 4 7 4 1.0  260
2000 4 8 1 1.0  260
2000 4 8 2 1.0  -1
2000 4 8 3 1.0  260
2000 4 8 4 1.0  260
2000 4 9 1 1.0  8
2000 4 9 2 1.0  178
2000 4 9 3 1.0  260
2000 4 9 4 1.0  260
2000 4 10 1 1.0  260
2000 4 10 2 1.0  260
2000 4 10 3 1.0  5
2000 4 10 4 1.0  -1
2000 4 11 1 1.0  260
2000 4 11 2 1.0  -1
2000 4 11 3 1.0  260
2000 4 11 4 1.0  260
2000 4 12 1 1.0  -1
2000 4 12 2 1.0  260
2000 4 12 3 1.0  83
2000 4 12 4 1.0  260
2000 4 13 1 1.0  -1
2000 4 13 2 1.0  178
2000 4 13 3 1.0  260
2000 4 13 4 1.0  260
2000 4 14 1 1.0  -1
2000 4 14 2 1.0  260
2000 4 14 3 1.0  260
2000 4 14 4 1.0  260
2000 4 15 1 1.0  -1
2000 4 15 2 1.0  260
2000 4 15 3 1.0  260
2000 4 15 4 1.0  260
2000 4 16 1 1.0  260
2000 4 16 2 1.0  -1
2000 4 16 3 1.0  260
2000 4 16 4 1.0  260
2000 4 17 1 1.0  260
2000 4 17 2 1.0  24
2000 4 17 3 1.0  260
2000 4 17 4 1.0  260
2000 4 18 1 1.0  260
2000 4 18 2 1.0  260
2000 4 18 3 1.0  -1
2000 4 18 4 1.0  260
2000 4 19 1 1.0  260
2000 4 19 2 1.0  8
2000 4 19 3 1.0  260
2000 4 19 4 1.0  260
2000 4 20 1 1.0  -1
2000 4 20 2 1.0  260
2000 4 20 3 1.0  260
2000 4 20 4 1.0  260
2000 4 21 1 1.0  260
2000 4 21 2 1.0  260
2000 4 21 3 1.0  260
2000 4 21 4 1.0  23
2000 4 22 1 1.0  260
2000 4 22 2 1.0  260
2000 4 22 3 1.0  -1
2000 4 22 4 1.0  260
2000 4 23 1 1.0  260
2000 4 23 2 1.0  260
2000 4 23 3 1.0  -1
2000 4 23 4 1.0  260
2000 4 24 1 1.0  260
2000 4 24 2 1.0  260
2000 4 24 3 1.0  -1
2000 4 24 4 1.0  260
2000 4 25 1 1.0  -1
2000 4 25 2 1.0  260
2000 4 25 3 1.0  260
2000 4 25 4 1.0  260
2500 4 1 1 1.0  260
2500 4 1 2 1.0  260
2500 4 1 3 1.0  260
2500 4 1 4 1.0  260
2500 4 2 1 1.0  260
2500 4 2 2 1.0  260
2500 4 2 3 1.0  24
2500 4 2 4 1.0  260
2500 4 3 1 1.0  -1
2500 4 3 2 1.0  260
2500 4 3 3 1.0  260
2500 4 3 4 1.0  260
2500 4 4 1 1.0  260
2500 4 4 2 1.0  178
2500 4 4 3 1.0  260
2500 4 4 4 1.0  260
2500 4 5 1 1.0  260
2500 4 5 2 1.0  260
2500 4 5 3 1.0  -1
2500 4 5 4 1.0  260
2500 4 6 1 1.0  -1
2500 4 6 2 1.0  260
2500 4 6 3 1.0  260
2500 4 6 4 1.0  260
2500 4 7 1 1.0  260
2500 4 7 2 1.0  260
2500 4 7 3 1.0  -1
2500 4 7 4 1.0  260
2500 4 8 1 1.0  260
2500 4 8 2 1.0  -1
2500 4 8 3 1.0  260
2500 4 8 4 1.0  260
2500 4 9 1 1.0  260
2500 4 9 2 1.0  260
2500 4 9 3 1.0  260
2500 4 9 4 1.0  260
2500 4 10 1 1.0  260
2500 4 10 2 1.0  260
2500 4 10 3 1.0  -1
2500 4 10 4 1.0  260
2500 4 11 1 1.0  260
2500 4 11 2 1.0  -1
2500 4 11 3 1.0  260
2500 4 11 4 1.0  260
2500 4 12 1 1.0  260
2500 4 12 2 1.0  260
2500 4 12 3 1.0  178
2500 4 12 4 1.0  260
2500 4 13 1 1.0  178
2500 4 13 2 1.0  260
2500 4 13 3 1.0  178
2500 4 13 4 1.0  260
2500 4 14 1 1.0  260
2500 4 14 2 1.0  -1
2500 4 14 3 1.0  260
2500 4 14 4 1.0  260
2500 4 15 1 1.0  -1
2500 4 15 2 1.0  260
2500 4 15 3 1.0  260
2500 4 15 4 1.0  260
2500 4 16 1 1.0  260
2500 4 16 2 1.0  -1
2500 4 16 3 1.0  260
2500 4 16 4 1.0  260
2500 4 17 1 1.0  260
2500 4 17 2 1.0  24
2500 4 17 3 1.0  260
2500 4 17 4 1.0  260
2500 4 18 1 1.0  260
2500 4 18 2 1.0  260
2500 4 18 3 1.0  260
2500 4 18 4 1.0  -1
2500 4 19 1 1.0  260
2500 4 19 2 1.0  8
2500 4 19 3 1.0  260
2500 4 19 4 1.0  260
2500 4 20 1 1.0  -1
2500 4 20 2 1.0  260
2500 4 20 3 1.0  260
2500 4 20 4 1.0  260
2500 4 21 1 1.0  260
2500 4 21 2 1.0  260
2500 4 21 3 1.0  260
2500 4 21 4 1.0  23
2500 4 22 1 1.0  260
2500 4 22 2 1.0  -1
2500 4 22 3 1.0  -1
2500 4 22 4 1.0  260
2500 4 23 1 1.0  260
2500 4 23 2 1.0  260
2500 4 23 3 1.0  -1
2500 4 23 4 1.0  260
2500 4 24 1 1.0  260
2500 4 24 2 1.0  260
2500 4 24 3 1.0  -1
2500 4 24 4 1.0  260
2500 4 25 1 1.0  260
2500 4 25 2 1.0  260
2500 4 25 3 1.0  260
2500 4 25 4 1.0  -1
3000 4 1 1 1.0  260
3000 4 1 2 1.0  260
3000 4 1 3 1.0  260
3000 4 1 4 1.0  260
3000 4 2 1 1.0  260
3000 4 2 2 1.0  260
3000 4 2 3 1.0  24
3000 4 2 4 1.0  260
3000 4 3 1 1.0  260
3000 4 3 2 1.0  260
3000 4 3 3 1.0  260
3000 4 3 4 1.0  260
3000 4 4 1 1.0  260
3000 4 4 2 1.0  178
3000 4 4 3 1.0  260
3000 4 4 4 1.0  260
3000 4 5 1 1.0  -1
3000 4 5 2 1.0  -1
3000 4 5 3 1.0  28
3000 4 5 4 1.0  260
3000 4 6 1 1.0  260
3000 4 6 2 1.0  260
3000 4 6 3 1.0  260
3000 4 6 4 1.0  29
3000 4 7 1 1.0  260
3000 4 7 2 1.0  -1
3000 4 7 3 1.0  260
3000 4 7 4 1.0  260
3000 4 8 1 1.0  260
3000 4 8 2 1.0  -1
3000 4 8 3 1.0  260
3000 4 8 4 1.0  260
3000 4 9 1 1.0  260
3000 4 9 2 1.0  260
3000 4 9 3 1.0  260
3000 4 9 4 1.0  260
3000 4 10 1 1.0  260
3000 4 10 2 1.0  260
3000 4 10 3 1.0  -1
3000 4 10 4 1.0  260
3000 4 11 1 1.0  8
3000 4 11 2 1.0  260
3000 4 11 3 1.0  260
3000 4 11 4 1.0  260
3000 4 12 1 1.0  260
3000 4 12 2 1.0  260
3000 4 12 3 1.0  178
3000 4 12 4 1.0  260
3000 4 13 1 1.0  178
3000 4 13 2 1.0  260
3000 4 13 3 1.0  178
3000 4 13 4 1.0  260
3000 4 14 1 1.0  260
3000 4 14 2 1.0  260
3000 4 14 3 1.0  260
3000 4 14 4 1.0  260
3000 4 15 1 1.0  260
3000 4 15 2 1.0  260
3000 4 15 3 1.0  260
3000 4 15 4 1.0  29
3000 4 16 1 1.0  260
3000 4 16 2 1.0  260
3000 4 16 3 1.0  260
3000 4 16 4 1.0  260
3000 4 17 1 1.0  260
3000 4 17 2 1.0  24
3000 4 17 3 1.0  260
3000 4 17 4 1.0  260
3000 4 18 1 1.0  260
3000 4 18 2 1.0  260
3000 4 18 3 1.0  260
3000 4 18 4 1.0  260
3000 4 19 1 1.0  260
3000 4 19 2 1.0  8
3000 4 19 3 1.0  260
3000 4 19 4 1.0  260
3000 4 20 1 1.0  260
3000 4 20 2 1.0  260
3000 4 20 3 1.0  260
3000 4 20 4 1.0  -1
3000 4 21 1 1.0  260
3000 4 21 2 1.0  260
3000 4 21 3 1.0  260
3000 4 21 4 1.0  23
3000 4 22 1 1.0  260
3000 4 22 2 1.0  5
3000 4 22 3 1.0  260
3000 4 22 4 1.0  260
3000 4 23 1 1.0  260
3000 4 23 2 1.0  260
3000 4 23 3 1.0  260
3000 4 23 4 1.0  260
3000 4 24 1 1.0  260
3000 4 24 2 1.0  260
3000 4 24 3 1.0  -1
3000 4 24 4 1.0  260
3000 4 25 1 1.0  260
3000 4 25 2 1.0  260
3000 4 25 3 1.0  38
3000 4 25 4 1.0  260
3500 4 1 1 1.0  260
3500 4 1 2 1.0  260
3500 4 1 3 1.0  260
3500 4 1 4 1.0  260
3500 4 2 1 1.0  260
3500 4 2 2 1.0  260
3500 4 2 3 1.0  24
3500 4 2 4 1.0  260
3500 4 3 1 1.0  260
3500 4 3 2 1.0  260
3500 4 3 3 1.0  260
3500 4 3 4 1.0  260
3500 4 4 1 1.0  260
3500 4 4 2 1.0  178
3500 4 4 3 1.0  260
3500 4 4 4 1.0  260
3500 4 5 1 1.0  260
3500 4 5 2 1.0  260
3500 4 5 3 1.0  260
3500 4 5 4 1.0  260
3500 4 6 1 1.0  260
3500 4 6 2 1.0  260
3500 4 6 3 1.0  260
3500 4 6 4 1.0  29
3500 4 7 1 1.0  260
3500 4 7 2 1.0  260
3500 4 7 3 1.0  260
3500 4 7 4 1.0  23
3500 4 8 1 1.0  260
3500 4 8 2 1.0  260
3500 4 8 3 1.0  28
3500 4 8 4 1.0  260
3500 4 9 1 1.0  260
3500 4 9 2 1.0  260
3500 4 9 3 1.0  260
3500 4 9 4 1.0  260
3500 4 10 1 1.0  260
3500 4 10 2 1.0  260
3500 4 10 3 1.0  260
3500 4 10 4 1.0  23
3500 4 11 1 1.0  -1
3500 4 11 2 1.0  -1
3500 4 11 3 1.0  5
3500 4 11 4 1.0  -1
3500 4 12 1 1.0  260
3500 4 12 2 1.0  260
3500 4 12 3 1.0  178
3500 4 12 4 1.0  260
3500 4 13 1 1.0  178
3500 4 13 2 1.0  260
3500 4 13 3 1.0  178
3500 4 13 4 1.0  260
3500 4 14 1 1.0  260
3500 4 14 2 1.0  260
3500 4 14 3 1.0  260
3500 4 14 4 1.0  260
3500 4 15 1 1.0  260
3500 4 15 2 1.0  260
3500 4 15 3 1.0  260
3500 4 15 4 1.0  29
3500 4 16 1 1.0  260
3500 4 16 2 1.0  260
3500 4 16 3 1.0  260
3500 4 16 4 1.0  260
3500 4 17 1 1.0  260
3500 4 17 2 1.0  24
3500 4 17 3 1.0  260
3500 4 17 4 1.0  260
3500 4 18 1 1.0  260
3500 4 18 2 1.0  260
3500 4 18 3 1.0  260
3500 4 18 4 1.0  260
3500 4 19 1 1.0  260
3500 4 19 2 1.0  38
3500 4 19 3 1.0  260
3500 4 19 4 1.0  260
3500 4 20 1 1.0  260
3500 4 20 2 1.0  260
3500 4 20 3 1.0  24
3500 4 20 4 1.0  260
3500 4 21 1 1.0  260
3500 4 21 2 1.0  260
3500 4 21 3 1.0  260
3500 4 21 4 1.0  23
3500 4 22 1 1.0  24
3500 4 22 2 1.0  260
3500 4 22 3 1.0  260
3500 4 22 4 1.0  260
3500 4 23 1 1.0  260
3500 4 23 2 1.0  260
3500 4 23 3 1.0  260
3500 4 23 4 1.0  260
3500 4 24 1 1.0  260
3500 4 24 2 1.0  24
3500 4 24 3 1.0  260
3500 4 24 4 1.0  260
3500 4 25 1 1.0  260
3500 4 25 2 1.0  260
3500 4 25 3 1.0  38
3500 4 25 4 1.0  260
4000 4 1 1 1.0  260
4000 4 1 2 1.0  260
4000 4 1 3 1.0  260
4000 4 1 4 1.0  260
4000 4 2 1 1.0  260
4000 4 2 2 1.0  28
4000 4 2 3 1.0  260
4000 4 2 4 1.0  260
4000 4 3 1 1.0  260
4000 4 3 2 1.0  260
4000 4 3 3 1.0  260
4000 4 3 4 1.0  260
4000 4 4 1 1.0  260
4000 4 4 2 1.0  178
4000 4 4 3 1.0  260
4000 4 4 4 1.0  260
4000 4 5 1 1.0  260
4000 4 5 2 1.0  260
4000 4 5 3 1.0  260
4000 4 5 4 1.0  260
4000 4 6 1 1.0  260
4000 4 6 2 1.0  260
4000 4 6 3 1.0  260
4000 4 6 4 1.0  29
4000 4 7 1 1.0  260
4000 4 7 2 1.0  83
4000 4 7 3 1.0  260
4000 4 7 4 1.0  260
4000 4 8 1 1.0  260
4000 4 8 2 1.0  260
4000 4 8 3 1.0  28
4000 4 8 4 1.0  260
4000 4 9 1 1.0  260
4000 4 9 2 1.0  260
4000 4 9 3 1.0  260
4000 4 9 4 1.0  260
4000 4 10 1 1.0  83
4000 4 10 2 1.0  260
4000 4 10 3 1.0  260
4000 4 10 4 1.0  260
4000 4 11 1 1.0  260
4000 4 11 2 1.0  24
4000 4 11 3 1.0  260
4000 4 11 4 1.0  260
4000 4 12 1 1.0  260
4000 4 12 2 1.0  260
4000 4 12 3 1.0  178
4000 4 12 4 1.0  260
4000 4 13 1 1.0  178
4000 4 13 2 1.0  260
4000 4 13 3 1.0  178
4000 4 13 4 1.0  260
4000 4 14 1 1.0  260
4000 4 14 2 1.0  260
4000 4 14 3 1.0  260
4000 4 14 4 1.0  260
4000 4 15 1 1.0  260
4000 4 15 2 1.0  260
4000 4 15 3 1.0  260
4000 4 15 4 1.0  29
4000 4 16 1 1.0  260
4000 4 16 2 1.0  260
4000 4 16 3 1.0  260
4000 4 16 4 1.0  260
4000 4 17 1 1.0  -1
4000 4 17 2 1.0  8
4000 4 17 3 1.0  -1
4000 4 17 4 1.0  -1
4000 4 18 1 1.0  260
4000 4 18 2 1.0  260
4000 4 18 3 1.0  260
4000 4 18 4 1.0  260
4000 4 19 1 1.0  260
4000 4 19 2 1.0  38
4000 4 19 3 1.0  260
4000 4 19 4 1.0  260
4000 4 20 1 1.0  260
4000 4 20 2 1.0  260
4000 4 20 3 1.0  24
4000 4 20 4 1.0  260
4000 4 21 1 1.0  260
4000 4 21 2 1.0  260
4000 4 21 3 1.0  260
4000 4 21 4 1.0  260
4000 4 22 1 1.0  24
4000 4 22 2 1.0  260
4000 4 22 3 1.0  260
4000 4 22 4 1.0  260
4000 4 23 1 1.0  260
4000 4 23 2 1.0  260
4000 4 23 3 1.0  260
4000 4 23 4 1.0  260
4000 4 24 1 1.0  260
4000 4 24 2 1.0  24
4000 4 24 3 1.0  260
4000 4 24 4 1.0  260
4000 4 25 1 1.0  260
4000 4 25 2 1.0  260
4000 4 25 3 1.0  38
4000 4 25 4 1.0  260
4500 4 1 1 1.0  260
4500 4 1 2 1.0  260
4500 4 1 3 1.0  260
4500 4 1 4 1.0  260
4500 4 2 1 1.0  260
4500 4 2 2 1.0  28
4500 4 2 3 1.0  260
4500 4 2 4 1.0  260
4500 4 3 1 1.0  260
4500 4 3 2 1.0  260
4500 4 3 3 1.0  260
4500 4 3 4 1.0  260
4500 4 4 1 1.0  260
4500 4 4 2 1.0  178
4500 4 4 3 1.0  260
4500 4 4 4 1.0  260
4500 4 5 1 1.0  260
4500 4 5 2 1.0  260
4500 4 5 3 1.0  260
4500 4 5 4 1.0  260
4500 4 6 1 1.0  260
4500 4 6 2 1.0  260
4500 4 6 3 1.0  260
4500 4 6 4 1.0  29
4500 4 7 1 1.0  260
4500 4 7 2 1.0  83
4500 4 7 3 1.0  260
4500 4 7 4 1.0  260
4500 4 8 1 1.0  28
4500 4 8 2 1.0  -1
4500 4 8 3 1.0  -1
4500 4 8 4 1.0  178
4500 4 9 1 1.0  260
4500 4 9 2 1.0  260
4500 4 9 3 1.0  260
4500 4 9 4 1.0  260
4500 4 10 1 1.0  83
4500 4 10 2 1.0  260
4500 4 10 3 1.0  260
4500 4 10 4 1.0  260
4500 4 11 1 1.0  260
4500 4 11 2 1.0  29
4500 4 11 3 1.0  260
4500 4 11 4 1.0  260
4500 4 12 1 1.0  260
4500 4 12 2 1.0  260
4500 4 12 3 1.0  178
4500 4 12 4 1.0  260
4500 4 13 1 1.0  178
4500 4 13 2 1.0  260
4500 4 13 3 1.0  178
4500 4 13 4 1.0  260
4500 4 14 1 1.0  260
4500 4 14 2 1.0  260
4500 4 14 3 1.0  260
4500 4 14 4 1.0  260
4500 4 15 1 1.0  260
4500 4 15 2 1.0  260
4500 4 15 3 1.0  260
4500 4 15 4 1.0  29
4500 4 16 1 1.0  260
4500 4 16 2 1.0  260
4500 4 16 3 1.0  260
4500 4 16 4 1.0  260
4500 4 17 1 1.0  260
4500 4 17 2 1.0  260
4500 4 17 3 1.0  178
4500 4 17 4 1.0  260
4500 4 18 1 1.0  260
4500 4 18 2 1.0  260
4500 4 18 3 1.0  260
4500 4 18 4 1.0  260
4500 4 19 1 1.0  260
4500 4 19 2 1.0  38
4500 4 19 3 1.0  260
4500 4 19 4 1.0  260
4500 4 20 1 1.0  260
4500 4 20 2 1.0  260
4500 4 20 3 1.0  260
4500 4 20 4 1.0  260
4500 4 21 1 1.0  260
4500 4 21 2 1.0  260
4500 4 21 3 1.0  260
4500 4 21 4 1.0  260
4500 4 22 1 1.0  260
4500 4 22 2 1.0  260
4500 4 22 3 1.0  260
4500 4 22 4 1.0  38
4500 4 23 1 1.0  260
4500 4 23 2 1.0  260
4500 4 23 3 1.0  260
4500 4 23 4 1.0  260
4500 4 24 1 1.0  260
4500 4 24 2 1.0  28
4500 4 24 3 1.0  260
4500 4 24 4 1.0  260
4500 4 25 1 1.0  260
4500 4 25 2 1.0  260
4500 4 25 3 1.0  38
4500 4 25 4 1.0  260
5000 4 1 1 1.0  260
5000 4 1 2 1.0  260
5000 4 1 3 1.0  260
5000 4 1 4 1.0  260
5000 4 2 1 1.0  260
5000 4 2 2 1.0  28
5000 4 2 3 1.0  260
5000 4 2 4 1.0  260
5000 4 3 1 1.0  260
5000 4 3 2 1.0  260
5000 4 3 3 1.0  260
5000 4 3 4 1.0  260
5000 4 4 1 1.0  260
5000 4 4 2 1.0  178
5000 4 4 3 1.0  260
5000 4 4 4 1.0  260
5000 4 5 1 1.0  260
5000 4 5 2 1.0  260
5000 4 5 3 1.0  260
5000 4 5 4 1.0  260
5000 4 6 1 1.0  260
5000 4 6 2 1.0  260
5000 4 6 3 1.0  260
5000 4 6 4 1.0  29
5000 4 7 1 1.0  260
5000 4 7 2 1.0  83
5000 4 7 3 1.0  260
5000 4 7 4 1.0  260
5000 4 8 1 1.0  260
5000 4 8 2 1.0  260
5000 4 8 3 1.0  260
5000 4 8 4 1.0  260
5000 4 9 1 1.0  260
5000 4 9 2 1.0  260
5000 4 9 3 1.0  260
5000 4 9 4 1.0  260
5000 4 10 1 1.0  83
5000 4 10 2 1.0  260
5000 4 10 3 1.0  260
5000 4 10 4 1.0  260
5000 4 11 1 1.0  260
5000 4 11 2 1.0  29
5000 4 11 3 1.0  260
5000 4 11 4 1.0  260
5000 4 12 1 1.0  260
5000 4 12 2 1.0  260
5000 4 12 3 1.0  178
5000 4 12 4 1.0  260
5000 4 13 1 1.0  178
5000 4 13 2 1.0  260
5000 4 13 3 1.0  178
5000 4 13 4 1.0  260
5000 4 14 1 1.0  260
5000 4 14 2 1.0  260
5000 4 14 3 1.0  260
5000 4 14 4 1.0  260
5000 4 15 1 1.0  260
5000 4 15 2 1.0  260
5000 4 15 3 1.0  260
5000 4 15 4 1.0  29
5000 4 16 1 1.0  260
5000 4 16 2 1.0  260
5000 4 16 3 1.0  260
5000 4 16 4 1.0  260
5000 4 17 1 1.0  260
5000 4 17 2 1.0  260
5000 4 17 3 1.0  178
5000 4 17 4 1.0  260
5000 4 18 1 1.0  260
5000 4 18 2 1.0  260
5000 4 18 3 1.0  260
5000 4 18 4 1.0  260
5000 4 19 1 1.0  260
5000 4 19 2 1.0  38
5000 4 19 3 1.0  260
5000 4 19 4 1.0  260
5000 4 20 1 1.0  260
5000 4 20 2 1.0  260
5000 4 20 3 1.0  260
5000 4 20 4 1.0  260
5000 4 21 1 1.0  260
5000 4 21 2 1.0  260
5000 4 21 3 1.0  260
5000 4 21 4 1.0  260
5000 4 22 1 1.0  260
5000 4 22 2 1.0  260
5000 4 22 3 1.0  260
5000 4 22 4 1.0  38
5000 4 23 1 1.0  260
5000 4 23 2 1.0  260
5000 4 23 3 1.0  260
5000 4 23 4 1.0  260
5000 4 24 1 1.0  260
5000 4 24 2 1.0  28
5000 4 24 3 1.0  8
5000 4 24 4 1.0  29
5000 4 25 1 1.0  260
5000 4 25 2 1.0  260
5000 4 25 3 1.0  38
5000 4 25 4 1.0  260
