500 11 1 1 1.0  8
500 11 1 2 1.0  9
500 11 1 3 1.0  9
500 11 1 4 1.0  14
500 11 2 1 1.0  14
500 11 2 2 1.0  14
500 11 2 3 1.0  9
500 11 2 4 1.0  14
500 11 3 1 1.0  9
500 11 3 2 1.0  11
500 11 3 3 1.0  17
500 11 3 4 1.0  14
500 11 4 1 1.0  12
500 11 4 2 1.0  28
500 11 4 3 1.0  -1
500 11 4 4 1.0  9
500 11 5 1 1.0  -1
500 11 5 2 1.0  9
500 11 5 3 1.0  -1
500 11 5 4 1.0  28
500 11 6 1 1.0  17
500 11 6 2 1.0  -1
500 11 6 3 1.0  14
500 11 6 4 1.0  14
500 11 7 1 1.0  9
500 11 7 2 1.0  14
500 11 7 3 1.0  9
500 11 7 4 1.0  14
500 11 8 1 1.0  -1
500 11 8 2 1.0  12
500 11 8 3 1.0  56
500 11 8 4 1.0  -1
500 11 9 1 1.0  14
500 11 9 2 1.0  17
500 11 9 3 1.0  14
500 11 9 4 1.0  9
500 11 10 1 1.0  -1
500 11 10 2 1.0  -1
500 11 10 3 1.0  23
500 11 10 4 1.0  37
500 11 11 1 1.0  56
500 11 11 2 1.0  -1
500 11 11 3 1.0  -1
500 11 11 4 1.0  12
500 11 12 1 1.0  21
500 11 12 2 1.0  8
500 11 12 3 1.0  12
500 11 12 4 1.0  -1
500 11 13 1 1.0  56
500 11 13 2 1.0  12
500 11 13 3 1.0  -1
500 11 13 4 1.0  9
500 11 14 1 1.0  -1
500 11 14 2 1.0  56
500 11 14 3 1.0  -1
500 11 14 4 1.0  -1
500 11 15 1 1.0  9
500 11 15 2 1.0  14
500 11 15 3 1.0  12
500 11 15 4 1.0  8
500 11 16 1 1.0  14
500 11 16 2 1.0  -1
500 11 16 3 1.0  17
500 11 16 4 1.0  17
500 11 17 1 1.0  8
500 11 17 2 1.0  -1
500 11 17 3 1.0  -1
500 11 17 4 1.0  56
500 11 18 1 1.0  28
500 11 18 2 1.0  -1
500 11 18 3 1.0  56
500 11 18 4 1.0  -1
500 11 19 1 1.0  13
500 11 19 2 1.0  -1
500 11 19 3 1.0  28
500 11 19 4 1.0  28
500 11 20 1 1.0  -1
500 11 20 2 1.0  -1
500 11 20 3 1.0  56
500 11 20 4 1.0  -1
500 11 21 1 1.0  17
500 11 21 2 1.0  9
500 11 21 3 1.0  -1
500 11 21 4 1.0  14
500 11 22 1 1.0  14
500 11 22 2 1.0  12
500 11 22 3 1.0  9
500 11 22 4 1.0  8
500 11 23 1 1.0  10
500 11 23 2 1.0  14
500 11 23 3 1.0  17
500 11 23 4 1.0  -1
500 11 24 1 1.0  -1
500 11 24 2 1.0  -1
500 11 24 3 1.0  56
500 11 24 4 1.0  -1
500 11 25 1 1.0  14
500 11 25 2 1.0  14
500 11 25 3 1.0  9
500 11 25 4 1.0  9
1000 11 1 1 1.0  -1
1000 11 1 2 1.0  37
1000 11 1 3 1.0  36
1000 11 1 4 1.0  56
1000 11 2 1 1.0  56
1000 11 2 2 1.0  56
1000 11 2 3 1.0  -1
1000 11 2 4 1.0  56
1000 11 3 1 1.0  -1
1000 11 3 2 1.0  56
1000 11 3 3 1.0  -1
1000 11 3 4 1.0  -1
1000 11 4 1 1.0  56
1000 11 4 2 1.0  36
1000 11 4 3 1.0  12
1000 11 4 4 1.0  18
1000 11 5 1 1.0  56
1000 11 5 2 1.0  3
1000 11 5 3 1.0  56
1000 11 5 4 1.0  56
1000 11 6 1 1.0  -1
1000 11 6 2 1.0  17
1000 11 6 3 1.0  56
1000 11 6 4 1.0  56
1000 11 7 1 1.0  56
1000 11 7 2 1.0  56
1000 11 7 3 1.0  3
1000 11 7 4 1.0  56
1000 11 8 1 1.0  18
1000 11 8 2 1.0  56
1000 11 8 3 1.0  -1
1000 11 8 4 1.0  56
1000 11 9 1 1.0  56
1000 11 9 2 1.0  56
1000 11 9 3 1.0  -1
1000 11 9 4 1.0  18
1000 11 10 1 1.0  56
1000 11 10 2 1.0  56
1000 11 10 3 1.0  28
1000 11 10 4 1.0  -1
1000 11 11 1 1.0  -1
1000 11 11 2 1.0  56
1000 11 11 3 1.0  37
1000 11 11 4 1.0  56
1000 11 12 1 1.0  3
1000 11 12 2 1.0  4
1000 11 12 3 1.0  56
1000 11 12 4 1.0  56
1000 11 13 1 1.0  56
1000 11 13 2 1.0  12
1000 11 13 3 1.0  -1
1000 11 13 4 1.0  56
1000 11 14 1 1.0  56
1000 11 14 2 1.0  56
1000 11 14 3 1.0  3
1000 11 14 4 1.0  56
1000 11 15 1 1.0  56
1000 11 15 2 1.0  3
1000 11 15 3 1.0  28
1000 11 15 4 1.0  56
1000 11 16 1 1.0  37
1000 11 16 2 1.0  28
1000 11 16 3 1.0  56
1000 11 16 4 1.0  -1
1000 11 17 1 1.0  56
1000 11 17 2 1.0  37
1000 11 17 3 1.0  56
1000 11 17 4 1.0  3
1000 11 18 1 1.0  6
1000 11 18 2 1.0  -1
1000 11 18 3 1.0  56
1000 11 18 4 1.0  56
1000 11 19 1 1.0  56
1000 11 19 2 1.0  28
1000 11 19 3 1.0  56
1000 11 19 4 1.0  37
1000 11 20 1 1.0  56
1000 11 20 2 1.0  3
1000 11 20 3 1.0  56
1000 11 20 4 1.0  56
1000 11 21 1 1.0  56
1000 11 21 2 1.0  56
1000 11 21 3 1.0  -1
1000 11 21 4 1.0  37
1000 11 22 1 1.0  56
1000 11 22 2 1.0  56
1000 11 22 3 1.0  -1
1000 11 22 4 1.0  17
1000 11 23 1 1.0  13
1000 11 23 2 1.0  -1
1000 11 23 3 1.0  56
1000 11 23 4 1.0  56
1000 11 24 1 1.0  12
1000 11 24 2 1.0  56
1000 11 24 3 1.0  3
1000 11 24 4 1.0  56
1000 11 25 1 1.0  28
1000 11 25 2 1.0  56
1000 11 25 3 1.0  56
1000 11 25 4 1.0  3
1500 11 1 1 1.0  -1
1500 11 1 2 1.0  134
1500 11 1 3 1.0  -1
1500 11 1 4 1.0  134
1500 11 2 1 1.0  56
1500 11 2 2 1.0  56
1500 11 2 3 1.0  -1
1500 11 2 4 1.0  56
1500 11 3 1 1.0  134
1500 11 3 2 1.0  -1
1500 11 3 3 1.0  134
1500 11 3 4 1.0  -1
1500 11 4 1 1.0  56
1500 11 4 2 1.0  56
1500 11 4 3 1.0  56
1500 11 4 4 1.0  -1
1500 11 5 1 1.0  56
1500 11 5 2 1.0  3
1500 11 5 3 1.0  56
1500 11 5 4 1.0  56
1500 11 6 1 1.0  -1
1500 11 6 2 1.0  37
1500 11 6 3 1.0  -1
1500 11 6 4 1.0  134
1500 11 7 1 1.0  56
1500 11 7 2 1.0  56
1500 11 7 3 1.0  3
1500 11 7 4 1.0  56
1500 11 8 1 1.0  134
1500 11 8 2 1.0  -1
1500 11 8 3 1.0  134
1500 11 8 4 1.0  -1
1500 11 9 1 1.0  -1
1500 11 9 2 1.0  134
1500 11 9 3 1.0  134
1500 11 9 4 1.0  -1
1500 11 10 1 1.0  134
1500 11 10 2 1.0  56
1500 11 10 3 1.0  -1
1500 11 10 4 1.0  28
1500 11 11 1 1.0  37
1500 11 11 2 1.0  134
1500 11 11 3 1.0  -1
1500 11 11 4 1.0  56
1500 11 12 1 1.0  -1
1500 11 12 2 1.0  134
1500 11 12 3 1.0  -1
1500 11 12 4 1.0  134
1500 11 13 1 1.0  -1
1500 11 13 2 1.0  134
1500 11 13 3 1.0  -1
1500 11 13 4 1.0  134
1500 11 14 1 1.0  56
1500 11 14 2 1.0  56
1500 11 14 3 1.0  3
1500 11 14 4 1.0  56
1500 11 15 1 1.0  37
1500 11 15 2 1.0  -1
1500 11 15 3 1.0  -1
1500 11 15 4 1.0  134
1500 11 16 1 1.0  134
1500 11 16 2 1.0  -1
1500 11 16 3 1.0  134
1500 11 16 4 1.0  -1
1500 11 17 1 1.0  -1
1500 11 17 2 1.0  37
1500 11 17 3 1.0  134
1500 11 17 4 1.0  -1
1500 11 18 1 1.0  -1
1500 11 18 2 1.0  56
1500 11 18 3 1.0  -1
1500 11 18 4 1.0  134
1500 11 19 1 1.0  56
1500 11 19 2 1.0  28
1500 11 19 3 1.0  56
1500 11 19 4 1.0  37
1500 11 20 1 1.0  56
1500 11 20 2 1.0  3
1500 11 20 3 1.0  56
1500 11 20 4 1.0  56
1500 11 21 1 1.0  134
1500 11 21 2 1.0  134
1500 11 21 3 1.0  -1
1500 11 21 4 1.0  -1
1500 11 22 1 1.0  4
1500 11 22 2 1.0  7
1500 11 22 3 1.0  -1
1500 11 22 4 1.0  -1
1500 11 23 1 1.0  -1
1500 11 23 2 1.0  134
1500 11 23 3 1.0  -1
1500 11 23 4 1.0  134
1500 11 24 1 1.0  -1
1500 11 24 2 1.0  37
1500 11 24 3 1.0  -1
1500 11 24 4 1.0  134
1500 11 25 1 1.0  -1
1500 11 25 2 1.0  134
1500 11 25 3 1.0  -1
1500 11 25 4 1.0  134
2000 11 1 1 1.0  12
2000 11 1 2 1.0  134
2000 11 1 3 1.0  134
2000 11 1 4 1.0  134
2000 11 2 1 1.0  134
2000 11 2 2 1.0  12
2000 11 2 3 1.0  -1
2000 11 2 4 1.0  134
2000 11 3 1 1.0  9
2000 11 3 2 1.0  134
2000 11 3 3 1.0  -1
2000 11 3 4 1.0  134
2000 11 4 1 1.0  134
2000 11 4 2 1.0  -1
2000 11 4 3 1.0  134
2000 11 4 4 1.0  12
2000 11 5 1 1.0  -1
2000 11 5 2 1.0  12
2000 11 5 3 1.0  134
2000 11 5 4 1.0  134
2000 11 6 1 1.0  12
2000 11 6 2 1.0  -1
2000 11 6 3 1.0  134
2000 11 6 4 1.0  134
2000 11 7 1 1.0  4
2000 11 7 2 1.0  134
2000 11 7 3 1.0  134
2000 11 7 4 1.0  134
2000 11 8 1 1.0  12
2000 11 8 2 1.0  12
2000 11 8 3 1.0  134
2000 11 8 4 1.0  134
2000 11 9 1 1.0  134
2000 11 9 2 1.0  -1
2000 11 9 3 1.0  134
2000 11 9 4 1.0  12
2000 11 10 1 1.0  -1
2000 11 10 2 1.0  134
2000 11 10 3 1.0  12
2000 11 10 4 1.0  134
2000 11 11 1 1.0  134
2000 11 11 2 1.0  134
2000 11 11 3 1.0  -1
2000 11 11 4 1.0  134
2000 11 12 1 1.0  134
2000 11 12 2 1.0  3
2000 11 12 3 1.0  -1
2000 11 12 4 1.0  134
2000 11 13 1 1.0  134
2000 11 13 2 1.0  -1
2000 11 13 3 1.0  134
2000 11 13 4 1.0  4
2000 11 14 1 1.0  134
2000 11 14 2 1.0  12
2000 11 14 3 1.0  134
2000 11 14 4 1.0  12
2000 11 15 1 1.0  134
2000 11 15 2 1.0  134
2000 11 15 3 1.0  -1
2000 11 15 4 1.0  12
2000 11 16 1 1.0  134
2000 11 16 2 1.0  12
2000 11 16 3 1.0  -1
2000 11 16 4 1.0  134
2000 11 17 1 1.0  17
2000 11 17 2 1.0  12
2000 11 17 3 1.0  134
2000 11 17 4 1.0  134
2000 11 18 1 1.0  12
2000 11 18 2 1.0  134
2000 11 18 3 1.0  134
2000 11 18 4 1.0  12
2000 11 19 1 1.0  -1
2000 11 19 2 1.0  3
2000 11 19 3 1.0  134
2000 11 19 4 1.0  134
2000 11 20 1 1.0  -1
2000 11 20 2 1.0  8
2000 11 20 3 1.0  134
2000 11 20 4 1.0  134
2000 11 21 1 1.0  12
2000 11 21 2 1.0  -1
2000 11 21 3 1.0  -1
2000 11 21 4 1.0  -1
2000 11 22 1 1.0  134
2000 11 22 2 1.0  7
2000 11 22 3 1.0  134
2000 11 22 4 1.0  -1
2000 11 23 1 1.0  -1
2000 11 23 2 1.0  37
2000 11 23 3 1.0  134
2000 11 23 4 1.0  134
2000 11 24 1 1.0  -1
2000 11 24 2 1.0  17
2000 11 24 3 1.0  134
2000 11 24 4 1.0  134
2000 11 25 1 1.0  134
2000 11 25 2 1.0  134
2000 11 25 3 1.0  -1
2000 11 25 4 1.0  36
2500 11 1 1 1.0  12
2500 11 1 2 1.0  134
2500 11 1 3 1.0  134
2500 11 1 4 1.0  134
2500 11 2 1 1.0  134
2500 11 2 2 1.0  12
2500 11 2 3 1.0  134
2500 11 2 4 1.0  37
2500 11 3 1 1.0  134
2500 11 3 2 1.0  134
2500 11 3 3 1.0  134
2500 11 3 4 1.0  37
2500 11 4 1 1.0  37
2500 11 4 2 1.0  134
2500 11 4 3 1.0  134
2500 11 4 4 1.0  -1
2500 11 5 1 1.0  134
2500 11 5 2 1.0  134
2500 11 5 3 1.0  134
2500 11 5 4 1.0  -1
2500 11 6 1 1.0  36
2500 11 6 2 1.0  3
2500 11 6 3 1.0  134
2500 11 6 4 1.0  134
2500 11 7 1 1.0  4
2500 11 7 2 1.0  134
2500 11 7 3 1.0  134
2500 11 7 4 1.0  134
2500 11 8 1 1.0  134
2500 11 8 2 1.0  134
2500 11 8 3 1.0  -1
2500 11 8 4 1.0  37
2500 11 9 1 1.0  134
2500 11 9 2 1.0  -1
2500 11 9 3 1.0  134
2500 11 9 4 1.0  37
2500 11 10 1 1.0  134
2500 11 10 2 1.0  134
2500 11 10 3 1.0  37
2500 11 10 4 1.0  134
2500 11 11 1 1.0  134
2500 11 11 2 1.0  134
2500 11 11 3 1.0  -1
2500 11 11 4 1.0  134
2500 11 12 1 1.0  134
2500 11 12 2 1.0  -1
2500 11 12 3 1.0  134
2500 11 12 4 1.0  134
2500 11 13 1 1.0  134
2500 11 13 2 1.0  37
2500 11 13 3 1.0  -1
2500 11 13 4 1.0  134
2500 11 14 1 1.0  134
2500 11 14 2 1.0  -1
2500 11 14 3 1.0  134
2500 11 14 4 1.0  134
2500 11 15 1 1.0  134
2500 11 15 2 1.0  134
2500 11 15 3 1.0  -1
2500 11 15 4 1.0  134
2500 11 16 1 1.0  134
2500 11 16 2 1.0  134
2500 11 16 3 1.0  3
2500 11 16 4 1.0  134
2500 11 17 1 1.0  -1
2500 11 17 2 1.0  134
2500 11 17 3 1.0  134
2500 11 17 4 1.0  -1
2500 11 18 1 1.0  134
2500 11 18 2 1.0  -1
2500 11 18 3 1.0  134
2500 11 18 4 1.0  134
2500 11 19 1 1.0  -1
2500 11 19 2 1.0  134
2500 11 19 3 1.0  134
2500 11 19 4 1.0  134
2500 11 20 1 1.0  37
2500 11 20 2 1.0  -1
2500 11 20 3 1.0  134
2500 11 20 4 1.0  134
2500 11 21 1 1.0  -1
2500 11 21 2 1.0  134
2500 11 21 3 1.0  134
2500 11 21 4 1.0  37
2500 11 22 1 1.0  -1
2500 11 22 2 1.0  37
2500 11 22 3 1.0  134
2500 11 22 4 1.0  134
2500 11 23 1 1.0  -1
2500 11 23 2 1.0  37
2500 11 23 3 1.0  134
2500 11 23 4 1.0  134
2500 11 24 1 1.0  -1
2500 11 24 2 1.0  134
2500 11 24 3 1.0  134
2500 11 24 4 1.0  134
2500 11 25 1 1.0  134
2500 11 25 2 1.0  134
2500 11 25 3 1.0  -1
2500 11 25 4 1.0  36
3000 11 1 1 1.0  12
3000 11 1 2 1.0  134
3000 11 1 3 1.0  134
3000 11 1 4 1.0  134
3000 11 2 1 1.0  37
3000 11 2 2 1.0  4
3000 11 2 3 1.0  134
3000 11 2 4 1.0  4
3000 11 3 1 1.0  134
3000 11 3 2 1.0  134
3000 11 3 3 1.0  134
3000 11 3 4 1.0  37
3000 11 4 1 1.0  134
3000 11 4 2 1.0  134
3000 11 4 3 1.0  134
3000 11 4 4 1.0  -1
3000 11 5 1 1.0  134
3000 11 5 2 1.0  134
3000 11 5 3 1.0  134
3000 11 5 4 1.0  -1
3000 11 6 1 1.0  134
3000 11 6 2 1.0  -1
3000 11 6 3 1.0  134
3000 11 6 4 1.0  134
3000 11 7 1 1.0  4
3000 11 7 2 1.0  134
3000 11 7 3 1.0  134
3000 11 7 4 1.0  134
3000 11 8 1 1.0  134
3000 11 8 2 1.0  134
3000 11 8 3 1.0  134
3000 11 8 4 1.0  -1
3000 11 9 1 1.0  37
3000 11 9 2 1.0  134
3000 11 9 3 1.0  134
3000 11 9 4 1.0  134
3000 11 10 1 1.0  134
3000 11 10 2 1.0  134
3000 11 10 3 1.0  37
3000 11 10 4 1.0  134
3000 11 11 1 1.0  134
3000 11 11 2 1.0  134
3000 11 11 3 1.0  -1
3000 11 11 4 1.0  134
3000 11 12 1 1.0  134
3000 11 12 2 1.0  -1
3000 11 12 3 1.0  134
3000 11 12 4 1.0  134
3000 11 13 1 1.0  -1
3000 11 13 2 1.0  134
3000 11 13 3 1.0  134
3000 11 13 4 1.0  134
3000 11 14 1 1.0  134
3000 11 14 2 1.0  -1
3000 11 14 3 1.0  134
3000 11 14 4 1.0  134
3000 11 15 1 1.0  134
3000 11 15 2 1.0  134
3000 11 15 3 1.0  -1
3000 11 15 4 1.0  134
3000 11 16 1 1.0  134
3000 11 16 2 1.0  134
3000 11 16 3 1.0  3
3000 11 16 4 1.0  134
3000 11 17 1 1.0  37
3000 11 17 2 1.0  134
3000 11 17 3 1.0  134
3000 11 17 4 1.0  56
3000 11 18 1 1.0  134
3000 11 18 2 1.0  -1
3000 11 18 3 1.0  134
3000 11 18 4 1.0  134
3000 11 19 1 1.0  -1
3000 11 19 2 1.0  134
3000 11 19 3 1.0  134
3000 11 19 4 1.0  134
3000 11 20 1 1.0  134
3000 11 20 2 1.0  134
3000 11 20 3 1.0  134
3000 11 20 4 1.0  -1
3000 11 21 1 1.0  134
3000 11 21 2 1.0  134
3000 11 21 3 1.0  134
3000 11 21 4 1.0  37
3000 11 22 1 1.0  134
3000 11 22 2 1.0  134
3000 11 22 3 1.0  134
3000 11 22 4 1.0  -1
3000 11 23 1 1.0  134
3000 11 23 2 1.0  134
3000 11 23 3 1.0  -1
3000 11 23 4 1.0  134
3000 11 24 1 1.0  -1
3000 11 24 2 1.0  134
3000 11 24 3 1.0  134
3000 11 24 4 1.0  134
3000 11 25 1 1.0  134
3000 11 25 2 1.0  37
3000 11 25 3 1.0  134
3000 11 25 4 1.0  37
3500 11 1 1 1.0  12
3500 11 1 2 1.0  134
3500 11 1 3 1.0  134
3500 11 1 4 1.0  134
3500 11 2 1 1.0  134
3500 11 2 2 1.0  3
3500 11 2 3 1.0  134
3500 11 2 4 1.0  134
3500 11 3 1 1.0  134
3500 11 3 2 1.0  134
3500 11 3 3 1.0  134
3500 11 3 4 1.0  37
3500 11 4 1 1.0  134
3500 11 4 2 1.0  134
3500 11 4 3 1.0  134
3500 11 4 4 1.0  -1
3500 11 5 1 1.0  134
3500 11 5 2 1.0  134
3500 11 5 3 1.0  134
3500 11 5 4 1.0  134
3500 11 6 1 1.0  134
3500 11 6 2 1.0  3
3500 11 6 3 1.0  134
3500 11 6 4 1.0  134
3500 11 7 1 1.0  4
3500 11 7 2 1.0  134
3500 11 7 3 1.0  134
3500 11 7 4 1.0  134
3500 11 8 1 1.0  134
3500 11 8 2 1.0  134
3500 11 8 3 1.0  134
3500 11 8 4 1.0  17
3500 11 9 1 1.0  37
3500 11 9 2 1.0  134
3500 11 9 3 1.0  134
3500 11 9 4 1.0  134
3500 11 10 1 1.0  134
3500 11 10 2 1.0  134
3500 11 10 3 1.0  37
3500 11 10 4 1.0  134
3500 11 11 1 1.0  134
3500 11 11 2 1.0  -1
3500 11 11 3 1.0  134
3500 11 11 4 1.0  134
3500 11 12 1 1.0  134
3500 11 12 2 1.0  134
3500 11 12 3 1.0  134
3500 11 12 4 1.0  8
3500 11 13 1 1.0  -1
3500 11 13 2 1.0  134
3500 11 13 3 1.0  134
3500 11 13 4 1.0  134
3500 11 14 1 1.0  134
3500 11 14 2 1.0  4
3500 11 14 3 1.0  134
3500 11 14 4 1.0  134
3500 11 15 1 1.0  134
3500 11 15 2 1.0  134
3500 11 15 3 1.0  -1
3500 11 15 4 1.0  134
3500 11 16 1 1.0  134
3500 11 16 2 1.0  134
3500 11 16 3 1.0  3
3500 11 16 4 1.0  134
3500 11 17 1 1.0  134
3500 11 17 2 1.0  134
3500 11 17 3 1.0  134
3500 11 17 4 1.0  13
3500 11 18 1 1.0  134
3500 11 18 2 1.0  12
3500 11 18 3 1.0  4
3500 11 18 4 1.0  134
3500 11 19 1 1.0  -1
3500 11 19 2 1.0  134
3500 11 19 3 1.0  134
3500 11 19 4 1.0  134
3500 11 20 1 1.0  134
3500 11 20 2 1.0  134
3500 11 20 3 1.0  134
3500 11 20 4 1.0  -1
3500 11 21 1 1.0  134
3500 11 21 2 1.0  134
3500 11 21 3 1.0  134
3500 11 21 4 1.0  37
3500 11 22 1 1.0  -1
3500 11 22 2 1.0  134
3500 11 22 3 1.0  134
3500 11 22 4 1.0  134
3500 11 23 1 1.0  134
3500 11 23 2 1.0  3
3500 11 23 3 1.0  134
3500 11 23 4 1.0  134
3500 11 24 1 1.0  37
3500 11 24 2 1.0  134
3500 11 24 3 1.0  134
3500 11 24 4 1.0  134
3500 11 25 1 1.0  134
3500 11 25 2 1.0  -1
3500 11 25 3 1.0  134
3500 11 25 4 1.0  134
4000 11 1 1 1.0  12
4000 11 1 2 1.0  134
4000 11 1 3 1.0  134
4000 11 1 4 1.0  134
4000 11 2 1 1.0  134
4000 11 2 2 1.0  3
4000 11 2 3 1.0  134
4000 11 2 4 1.0  134
4000 11 3 1 1.0  134
4000 11 3 2 1.0  134
4000 11 3 3 1.0  134
4000 11 3 4 1.0  37
4000 11 4 1 1.0  13
4000 11 4 2 1.0  134
4000 11 4 3 1.0  134
4000 11 4 4 1.0  134
4000 11 5 1 1.0  134
4000 11 5 2 1.0  134
4000 11 5 3 1.0  134
4000 11 5 4 1.0  134
4000 11 6 1 1.0  134
4000 11 6 2 1.0  3
4000 11 6 3 1.0  134
4000 11 6 4 1.0  134
4000 11 7 1 1.0  4
4000 11 7 2 1.0  134
4000 11 7 3 1.0  134
4000 11 7 4 1.0  134
4000 11 8 1 1.0  134
4000 11 8 2 1.0  134
4000 11 8 3 1.0  134
4000 11 8 4 1.0  17
4000 11 9 1 1.0  37
4000 11 9 2 1.0  134
4000 11 9 3 1.0  134
4000 11 9 4 1.0  134
4000 11 10 1 1.0  134
4000 11 10 2 1.0  134
4000 11 10 3 1.0  37
4000 11 10 4 1.0  134
4000 11 11 1 1.0  134
4000 11 11 2 1.0  134
4000 11 11 3 1.0  -1
4000 11 11 4 1.0  134
4000 11 12 1 1.0  134
4000 11 12 2 1.0  134
4000 11 12 3 1.0  134
4000 11 12 4 1.0  8
4000 11 13 1 1.0  134
4000 11 13 2 1.0  134
4000 11 13 3 1.0  134
4000 11 13 4 1.0  8
4000 11 14 1 1.0  134
4000 11 14 2 1.0  4
4000 11 14 3 1.0  134
4000 11 14 4 1.0  134
4000 11 15 1 1.0  134
4000 11 15 2 1.0  -1
4000 11 15 3 1.0  134
4000 11 15 4 1.0  -1
4000 11 16 1 1.0  134
4000 11 16 2 1.0  134
4000 11 16 3 1.0  3
4000 11 16 4 1.0  134
4000 11 17 1 1.0  134
4000 11 17 2 1.0  134
4000 11 17 3 1.0  134
4000 11 17 4 1.0  13
4000 11 18 1 1.0  -1
4000 11 18 2 1.0  134
4000 11 18 3 1.0  134
4000 11 18 4 1.0  134
4000 11 19 1 1.0  134
4000 11 19 2 1.0  134
4000 11 19 3 1.0  -1
4000 11 19 4 1.0  134
4000 11 20 1 1.0  134
4000 11 20 2 1.0  134
4000 11 20 3 1.0  -1
4000 11 20 4 1.0  134
4000 11 21 1 1.0  134
4000 11 21 2 1.0  134
4000 11 21 3 1.0  134
4000 11 21 4 1.0  37
4000 11 22 1 1.0  134
4000 11 22 2 1.0  -1
4000 11 22 3 1.0  134
4000 11 22 4 1.0  134
4000 11 23 1 1.0  134
4000 11 23 2 1.0  3
4000 11 23 3 1.0  134
4000 11 23 4 1.0  134
4000 11 24 1 1.0  37
4000 11 24 2 1.0  134
4000 11 24 3 1.0  134
4000 11 24 4 1.0  134
4000 11 25 1 1.0  134
4000 11 25 2 1.0  -1
4000 11 25 3 1.0  134
4000 11 25 4 1.0  134
4500 11 1 1 1.0  12
4500 11 1 2 1.0  134
4500 11 1 3 1.0  134
4500 11 1 4 1.0  134
4500 11 2 1 1.0  134
4500 11 2 2 1.0  3
4500 11 2 3 1.0  134
4500 11 2 4 1.0  134
4500 11 3 1 1.0  134
4500 11 3 2 1.0  134
4500 11 3 3 1.0  134
4500 11 3 4 1.0  37
4500 11 4 1 1.0  13
4500 11 4 2 1.0  134
4500 11 4 3 1.0  134
4500 11 4 4 1.0  134
4500 11 5 1 1.0  134
4500 11 5 2 1.0  134
4500 11 5 3 1.0  134
4500 11 5 4 1.0  134
4500 11 6 1 1.0  134
4500 11 6 2 1.0  3
4500 11 6 3 1.0  134
4500 11 6 4 1.0  134
4500 11 7 1 1.0  4
4500 11 7 2 1.0  134
4500 11 7 3 1.0  134
4500 11 7 4 1.0  134
4500 11 8 1 1.0  134
4500 11 8 2 1.0  134
4500 11 8 3 1.0  134
4500 11 8 4 1.0  17
4500 11 9 1 1.0  37
4500 11 9 2 1.0  134
4500 11 9 3 1.0  134
4500 11 9 4 1.0  134
4500 11 10 1 1.0  134
4500 11 10 2 1.0  134
4500 11 10 3 1.0  37
4500 11 10 4 1.0  134
4500 11 11 1 1.0  134
4500 11 11 2 1.0  3
4500 11 11 3 1.0  134
4500 11 11 4 1.0  134
4500 11 12 1 1.0  134
4500 11 12 2 1.0  134
4500 11 12 3 1.0  134
4500 11 12 4 1.0  8
4500 11 13 1 1.0  134
4500 11 13 2 1.0  134
4500 11 13 3 1.0  134
4500 11 13 4 1.0  8
4500 11 14 1 1.0  134
4500 11 14 2 1.0  4
4500 11 14 3 1.0  134
4500 11 14 4 1.0  134
4500 11 15 1 1.0  134
4500 11 15 2 1.0  17
4500 11 15 3 1.0  134
4500 11 15 4 1.0  134
4500 11 16 1 1.0  134
4500 11 16 2 1.0  134
4500 11 16 3 1.0  3
4500 11 16 4 1.0  134
4500 11 17 1 1.0  134
4500 11 17 2 1.0  134
4500 11 17 3 1.0  134
4500 11 17 4 1.0  13
4500 11 18 1 1.0  -1
4500 11 18 2 1.0  8
4500 11 18 3 1.0  17
4500 11 18 4 1.0  134
4500 11 19 1 1.0  134
4500 11 19 2 1.0  134
4500 11 19 3 1.0  134
4500 11 19 4 1.0  -1
4500 11 20 1 1.0  134
4500 11 20 2 1.0  134
4500 11 20 3 1.0  134
4500 11 20 4 1.0  8
4500 11 21 1 1.0  134
4500 11 21 2 1.0  134
4500 11 21 3 1.0  134
4500 11 21 4 1.0  37
4500 11 22 1 1.0  134
4500 11 22 2 1.0  134
4500 11 22 3 1.0  134
4500 11 22 4 1.0  134
4500 11 23 1 1.0  134
4500 11 23 2 1.0  3
4500 11 23 3 1.0  134
4500 11 23 4 1.0  134
4500 11 24 1 1.0  37
4500 11 24 2 1.0  134
4500 11 24 3 1.0  134
4500 11 24 4 1.0  134
4500 11 25 1 1.0  134
4500 11 25 2 1.0  134
4500 11 25 3 1.0  3
4500 11 25 4 1.0  134
5000 11 1 1 1.0  12
5000 11 1 2 1.0  134
5000 11 1 3 1.0  134
5000 11 1 4 1.0  134
5000 11 2 1 1.0  134
5000 11 2 2 1.0  8
5000 11 2 3 1.0  134
5000 11 2 4 1.0  134
5000 11 3 1 1.0  134
5000 11 3 2 1.0  134
5000 11 3 3 1.0  134
5000 11 3 4 1.0  37
5000 11 4 1 1.0  13
5000 11 4 2 1.0  134
5000 11 4 3 1.0  134
5000 11 4 4 1.0  134
5000 11 5 1 1.0  134
5000 11 5 2 1.0  134
5000 11 5 3 1.0  134
5000 11 5 4 1.0  134
5000 11 6 1 1.0  134
5000 11 6 2 1.0  -1
5000 11 6 3 1.0  134
5000 11 6 4 1.0  17
5000 11 7 1 1.0  4
5000 11 7 2 1.0  134
5000 11 7 3 1.0  134
5000 11 7 4 1.0  134
5000 11 8 1 1.0  134
5000 11 8 2 1.0  134
5000 11 8 3 1.0  134
5000 11 8 4 1.0  17
5000 11 9 1 1.0  37
5000 11 9 2 1.0  134
5000 11 9 3 1.0  134
5000 11 9 4 1.0  134
5000 11 10 1 1.0  134
5000 11 10 2 1.0  134
5000 11 10 3 1.0  37
5000 11 10 4 1.0  134
5000 11 11 1 1.0  134
5000 11 11 2 1.0  134
5000 11 11 3 1.0  134
5000 11 11 4 1.0  13
5000 11 12 1 1.0  134
5000 11 12 2 1.0  134
5000 11 12 3 1.0  134
5000 11 12 4 1.0  8
5000 11 13 1 1.0  134
5000 11 13 2 1.0  134
5000 11 13 3 1.0  134
5000 11 13 4 1.0  8
5000 11 14 1 1.0  134
5000 11 14 2 1.0  4
5000 11 14 3 1.0  134
5000 11 14 4 1.0  134
5000 11 15 1 1.0  134
5000 11 15 2 1.0  17
5000 11 15 3 1.0  134
5000 11 15 4 1.0  134
5000 11 16 1 1.0  134
5000 11 16 2 1.0  134
5000 11 16 3 1.0  37
5000 11 16 4 1.0  134
5000 11 17 1 1.0  134
5000 11 17 2 1.0  134
5000 11 17 3 1.0  134
5000 11 17 4 1.0  13
5000 11 18 1 1.0  134
5000 11 18 2 1.0  134
5000 11 18 3 1.0  4
5000 11 18 4 1.0  134
5000 11 19 1 1.0  17
5000 11 19 2 1.0  134
5000 11 19 3 1.0  134
5000 11 19 4 1.0  134
5000 11 20 1 1.0  134
5000 11 20 2 1.0  134
5000 11 20 3 1.0  134
5000 11 20 4 1.0  8
5000 11 21 1 1.0  134
5000 11 21 2 1.0  134
5000 11 21 3 1.0  134
5000 11 21 4 1.0  37
5000 11 22 1 1.0  134
5000 11 22 2 1.0  134
5000 11 22 3 1.0  134
5000 11 22 4 1.0  134
5000 11 23 1 1.0  134
5000 11 23 2 1.0  134
5000 11 23 3 1.0  134
5000 11 23 4 1.0  134
5000 11 24 1 1.0  37
5000 11 24 2 1.0  134
5000 11 24 3 1.0  134
5000 11 24 4 1.0  134
5000 11 25 1 1.0  17
5000 11 25 2 1.0  134
5000 11 25 3 1.0  134
5000 11 25 4 1.0  134
500 12 1 1 1.0  11
500 12 1 2 1.0  24
500 12 1 3 1.0  24
500 12 1 4 1.0  24
500 12 2 1 1.0  12
500 12 2 2 1.0  -1
500 12 2 3 1.0  24
500 12 2 4 1.0  24
500 12 3 1 1.0  -1
500 12 3 2 1.0  24
500 12 3 3 1.0  5
500 12 3 4 1.0  24
500 12 4 1 1.0  24
500 12 4 2 1.0  24
500 12 4 3 1.0  6
500 12 4 4 1.0  -1
500 12 5 1 1.0  24
500 12 5 2 1.0  -1
500 12 5 3 1.0  -1
500 12 5 4 1.0  24
500 12 6 1 1.0  -1
500 12 6 2 1.0  24
500 12 6 3 1.0  24
500 12 6 4 1.0  8
500 12 7 1 1.0  -1
500 12 7 2 1.0  24
500 12 7 3 1.0  10
500 12 7 4 1.0  6
500 12 8 1 1.0  24
500 12 8 2 1.0  6
500 12 8 3 1.0  -1
500 12 8 4 1.0  24
500 12 9 1 1.0  24
500 12 9 2 1.0  24
500 12 9 3 1.0  -1
500 12 9 4 1.0  -1
500 12 10 1 1.0  24
500 12 10 2 1.0  5
500 12 10 3 1.0  24
500 12 10 4 1.0  12
500 12 11 1 1.0  24
500 12 11 2 1.0  24
500 12 11 3 1.0  6
500 12 11 4 1.0  24
500 12 12 1 1.0  9
500 12 12 2 1.0  24
500 12 12 3 1.0  24
500 12 12 4 1.0  10
500 12 13 1 1.0  24
500 12 13 2 1.0  9
500 12 13 3 1.0  -1
500 12 13 4 1.0  10
500 12 14 1 1.0  24
500 12 14 2 1.0  9
500 12 14 3 1.0  12
500 12 14 4 1.0  8
500 12 15 1 1.0  12
500 12 15 2 1.0  5
500 12 15 3 1.0  12
500 12 15 4 1.0  22
500 12 16 1 1.0  6
500 12 16 2 1.0  24
500 12 16 3 1.0  6
500 12 16 4 1.0  24
500 12 17 1 1.0  24
500 12 17 2 1.0  24
500 12 17 3 1.0  -1
500 12 17 4 1.0  -1
500 12 18 1 1.0  6
500 12 18 2 1.0  24
500 12 18 3 1.0  -1
500 12 18 4 1.0  24
500 12 19 1 1.0  24
500 12 19 2 1.0  24
500 12 19 3 1.0  -1
500 12 19 4 1.0  -1
500 12 20 1 1.0  24
500 12 20 2 1.0  -1
500 12 20 3 1.0  -1
500 12 20 4 1.0  16
500 12 21 1 1.0  24
500 12 21 2 1.0  12
500 12 21 3 1.0  11
500 12 21 4 1.0  -1
500 12 22 1 1.0  22
500 12 22 2 1.0  10
500 12 22 3 1.0  -1
500 12 22 4 1.0  24
500 12 23 1 1.0  24
500 12 23 2 1.0  -1
500 12 23 3 1.0  24
500 12 23 4 1.0  24
500 12 24 1 1.0  12
500 12 24 2 1.0  24
500 12 24 3 1.0  -1
500 12 24 4 1.0  24
500 12 25 1 1.0  12
500 12 25 2 1.0  11
500 12 25 3 1.0  -1
500 12 25 4 1.0  24
1000 12 1 1 1.0  11
1000 12 1 2 1.0  24
1000 12 1 3 1.0  24
1000 12 1 4 1.0  24
1000 12 2 1 1.0  24
1000 12 2 2 1.0  -1
1000 12 2 3 1.0  24
1000 12 2 4 1.0  24
1000 12 3 1 1.0  24
1000 12 3 2 1.0  -1
1000 12 3 3 1.0  24
1000 12 3 4 1.0  24
1000 12 4 1 1.0  24
1000 12 4 2 1.0  12
1000 12 4 3 1.0  24
1000 12 4 4 1.0  24
1000 12 5 1 1.0  -1
1000 12 5 2 1.0  24
1000 12 5 3 1.0  24
1000 12 5 4 1.0  24
1000 12 6 1 1.0  11
1000 12 6 2 1.0  24
1000 12 6 3 1.0  24
1000 12 6 4 1.0  10
1000 12 7 1 1.0  24
1000 12 7 2 1.0  24
1000 12 7 3 1.0  9
1000 12 7 4 1.0  11
1000 12 8 1 1.0  24
1000 12 8 2 1.0  10
1000 12 8 3 1.0  12
1000 12 8 4 1.0  24
1000 12 9 1 1.0  24
1000 12 9 2 1.0  24
1000 12 9 3 1.0  24
1000 12 9 4 1.0  6
1000 12 10 1 1.0  -1
1000 12 10 2 1.0  24
1000 12 10 3 1.0  24
1000 12 10 4 1.0  24
1000 12 11 1 1.0  24
1000 12 11 2 1.0  24
1000 12 11 3 1.0  6
1000 12 11 4 1.0  24
1000 12 12 1 1.0  24
1000 12 12 2 1.0  -1
1000 12 12 3 1.0  6
1000 12 12 4 1.0  -1
1000 12 13 1 1.0  24
1000 12 13 2 1.0  24
1000 12 13 3 1.0  24
1000 12 13 4 1.0  24
1000 12 14 1 1.0  24
1000 12 14 2 1.0  24
1000 12 14 3 1.0  24
1000 12 14 4 1.0  6
1000 12 15 1 1.0  24
1000 12 15 2 1.0  -1
1000 12 15 3 1.0  24
1000 12 15 4 1.0  24
1000 12 16 1 1.0  3
1000 12 16 2 1.0  24
1000 12 16 3 1.0  24
1000 12 16 4 1.0  24
1000 12 17 1 1.0  24
1000 12 17 2 1.0  10
1000 12 17 3 1.0  24
1000 12 17 4 1.0  24
1000 12 18 1 1.0  24
1000 12 18 2 1.0  6
1000 12 18 3 1.0  24
1000 12 18 4 1.0  24
1000 12 19 1 1.0  24
1000 12 19 2 1.0  -1
1000 12 19 3 1.0  24
1000 12 19 4 1.0  24
1000 12 20 1 1.0  24
1000 12 20 2 1.0  24
1000 12 20 3 1.0  24
1000 12 20 4 1.0  9
1000 12 21 1 1.0  -1
1000 12 21 2 1.0  24
1000 12 21 3 1.0  24
1000 12 21 4 1.0  24
1000 12 22 1 1.0  -1
1000 12 22 2 1.0  24
1000 12 22 3 1.0  24
1000 12 22 4 1.0  24
1000 12 23 1 1.0  24
1000 12 23 2 1.0  -1
1000 12 23 3 1.0  24
1000 12 23 4 1.0  24
1000 12 24 1 1.0  24
1000 12 24 2 1.0  24
1000 12 24 3 1.0  24
1000 12 24 4 1.0  3
1000 12 25 1 1.0  24
1000 12 25 2 1.0  24
1000 12 25 3 1.0  24
1000 12 25 4 1.0  24
1500 12 1 1 1.0  11
1500 12 1 2 1.0  24
1500 12 1 3 1.0  24
1500 12 1 4 1.0  24
1500 12 2 1 1.0  6
1500 12 2 2 1.0  24
1500 12 2 3 1.0  24
1500 12 2 4 1.0  24
1500 12 3 1 1.0  24
1500 12 3 2 1.0  24
1500 12 3 3 1.0  24
1500 12 3 4 1.0  24
1500 12 4 1 1.0  24
1500 12 4 2 1.0  12
1500 12 4 3 1.0  24
1500 12 4 4 1.0  24
1500 12 5 1 1.0  24
1500 12 5 2 1.0  24
1500 12 5 3 1.0  24
1500 12 5 4 1.0  24
1500 12 6 1 1.0  24
1500 12 6 2 1.0  12
1500 12 6 3 1.0  24
1500 12 6 4 1.0  24
1500 12 7 1 1.0  6
1500 12 7 2 1.0  24
1500 12 7 3 1.0  24
1500 12 7 4 1.0  24
1500 12 8 1 1.0  24
1500 12 8 2 1.0  24
1500 12 8 3 1.0  24
1500 12 8 4 1.0  10
1500 12 9 1 1.0  24
1500 12 9 2 1.0  24
1500 12 9 3 1.0  24
1500 12 9 4 1.0  24
1500 12 10 1 1.0  6
1500 12 10 2 1.0  24
1500 12 10 3 1.0  24
1500 12 10 4 1.0  24
1500 12 11 1 1.0  24
1500 12 11 2 1.0  24
1500 12 11 3 1.0  24
1500 12 11 4 1.0  24
1500 12 12 1 1.0  24
1500 12 12 2 1.0  10
1500 12 12 3 1.0  24
1500 12 12 4 1.0  24
1500 12 13 1 1.0  24
1500 12 13 2 1.0  24
1500 12 13 3 1.0  24
1500 12 13 4 1.0  24
1500 12 14 1 1.0  24
1500 12 14 2 1.0  24
1500 12 14 3 1.0  24
1500 12 14 4 1.0  24
1500 12 15 1 1.0  24
1500 12 15 2 1.0  24
1500 12 15 3 1.0  12
1500 12 15 4 1.0  24
1500 12 16 1 1.0  24
1500 12 16 2 1.0  6
1500 12 16 3 1.0  24
1500 12 16 4 1.0  24
1500 12 17 1 1.0  24
1500 12 17 2 1.0  10
1500 12 17 3 1.0  24
1500 12 17 4 1.0  24
1500 12 18 1 1.0  6
1500 12 18 2 1.0  24
1500 12 18 3 1.0  24
1500 12 18 4 1.0  24
1500 12 19 1 1.0  24
1500 12 19 2 1.0  24
1500 12 19 3 1.0  24
1500 12 19 4 1.0  6
1500 12 20 1 1.0  24
1500 12 20 2 1.0  24
1500 12 20 3 1.0  24
1500 12 20 4 1.0  9
1500 12 21 1 1.0  24
1500 12 21 2 1.0  24
1500 12 21 3 1.0  24
1500 12 21 4 1.0  24
1500 12 22 1 1.0  24
1500 12 22 2 1.0  24
1500 12 22 3 1.0  24
1500 12 22 4 1.0  24
1500 12 23 1 1.0  24
1500 12 23 2 1.0  24
1500 12 23 3 1.0  24
1500 12 23 4 1.0  24
1500 12 24 1 1.0  -1
1500 12 24 2 1.0  10
1500 12 24 3 1.0  -1
1500 12 24 4 1.0  -1
1500 12 25 1 1.0  24
1500 12 25 2 1.0  24
1500 12 25 3 1.0  24
1500 12 25 4 1.0  24
2000 12 1 1 1.0  11
2000 12 1 2 1.0  24
2000 12 1 3 1.0  24
2000 12 1 4 1.0  24
2000 12 2 1 1.0  24
2000 12 2 2 1.0  24
2000 12 2 3 1.0  12
2000 12 2 4 1.0  24
2000 12 3 1 1.0  24
2000 12 3 2 1.0  24
2000 12 3 3 1.0  24
2000 12 3 4 1.0  24
2000 12 4 1 1.0  24
2000 12 4 2 1.0  12
2000 12 4 3 1.0  24
2000 12 4 4 1.0  24
2000 12 5 1 1.0  24
2000 12 5 2 1.0  24
2000 12 5 3 1.0  24
2000 12 5 4 1.0  24
2000 12 6 1 1.0  24
2000 12 6 2 1.0  12
2000 12 6 3 1.0  24
2000 12 6 4 1.0  24
2000 12 7 1 1.0  24
2000 12 7 2 1.0  24
2000 12 7 3 1.0  24
2000 12 7 4 1.0  24
2000 12 8 1 1.0  -1
2000 12 8 2 1.0  -1
2000 12 8 3 1.0  24
2000 12 8 4 1.0  -1
2000 12 9 1 1.0  24
2000 12 9 2 1.0  24
2000 12 9 3 1.0  24
2000 12 9 4 1.0  24
2000 12 10 1 1.0  24
2000 12 10 2 1.0  24
2000 12 10 3 1.0  24
2000 12 10 4 1.0  24
2000 12 11 1 1.0  24
2000 12 11 2 1.0  24
2000 12 11 3 1.0  24
2000 12 11 4 1.0  24
2000 12 12 1 1.0  24
2000 12 12 2 1.0  10
2000 12 12 3 1.0  24
2000 12 12 4 1.0  24
2000 12 13 1 1.0  24
2000 12 13 2 1.0  24
2000 12 13 3 1.0  24
2000 12 13 4 1.0  24
2000 12 14 1 1.0  24
2000 12 14 2 1.0  24
2000 12 14 3 1.0  24
2000 12 14 4 1.0  24
2000 12 15 1 1.0  24
2000 12 15 2 1.0  24
2000 12 15 3 1.0  12
2000 12 15 4 1.0  24
2000 12 16 1 1.0  24
2000 12 16 2 1.0  24
2000 12 16 3 1.0  24
2000 12 16 4 1.0  24
2000 12 17 1 1.0  24
2000 12 17 2 1.0  24
2000 12 17 3 1.0  24
2000 12 17 4 1.0  24
2000 12 18 1 1.0  24
2000 12 18 2 1.0  24
2000 12 18 3 1.0  24
2000 12 18 4 1.0  24
2000 12 19 1 1.0  24
2000 12 19 2 1.0  24
2000 12 19 3 1.0  24
2000 12 19 4 1.0  24
2000 12 20 1 1.0  24
2000 12 20 2 1.0  24
2000 12 20 3 1.0  12
2000 12 20 4 1.0  24
2000 12 21 1 1.0  24
2000 12 21 2 1.0  24
2000 12 21 3 1.0  24
2000 12 21 4 1.0  24
2000 12 22 1 1.0  24
2000 12 22 2 1.0  24
2000 12 22 3 1.0  24
2000 12 22 4 1.0  24
2000 12 23 1 1.0  24
2000 12 23 2 1.0  24
2000 12 23 3 1.0  24
2000 12 23 4 1.0  24
2000 12 24 1 1.0  24
2000 12 24 2 1.0  24
2000 12 24 3 1.0  24
2000 12 24 4 1.0  24
2000 12 25 1 1.0  24
2000 12 25 2 1.0  24
2000 12 25 3 1.0  24
2000 12 25 4 1.0  24
2500 12 1 1 1.0  24
2500 12 1 2 1.0  24
2500 12 1 3 1.0  24
2500 12 1 4 1.0  24
2500 12 2 1 1.0  24
2500 12 2 2 1.0  24
2500 12 2 3 1.0  24
2500 12 2 4 1.0  24
2500 12 3 1 1.0  24
2500 12 3 2 1.0  24
2500 12 3 3 1.0  24
2500 12 3 4 1.0  24
2500 12 4 1 1.0  24
2500 12 4 2 1.0  24
2500 12 4 3 1.0  24
2500 12 4 4 1.0  24
2500 12 5 1 1.0  24
2500 12 5 2 1.0  24
2500 12 5 3 1.0  24
2500 12 5 4 1.0  24
2500 12 6 1 1.0  24
2500 12 6 2 1.0  24
2500 12 6 3 1.0  24
2500 12 6 4 1.0  24
2500 12 7 1 1.0  24
2500 12 7 2 1.0  24
2500 12 7 3 1.0  24
2500 12 7 4 1.0  24
2500 12 8 1 1.0  6
2500 12 8 2 1.0  -1
2500 12 8 3 1.0  -1
2500 12 8 4 1.0  -1
2500 12 9 1 1.0  24
2500 12 9 2 1.0  24
2500 12 9 3 1.0  24
2500 12 9 4 1.0  24
2500 12 10 1 1.0  24
2500 12 10 2 1.0  24
2500 12 10 3 1.0  24
2500 12 10 4 1.0  24
2500 12 11 1 1.0  24
2500 12 11 2 1.0  24
2500 12 11 3 1.0  24
2500 12 11 4 1.0  24
2500 12 12 1 1.0  24
2500 12 12 2 1.0  24
2500 12 12 3 1.0  24
2500 12 12 4 1.0  24
2500 12 13 1 1.0  24
2500 12 13 2 1.0  24
2500 12 13 3 1.0  24
2500 12 13 4 1.0  24
2500 12 14 1 1.0  24
2500 12 14 2 1.0  24
2500 12 14 3 1.0  24
2500 12 14 4 1.0  24
2500 12 15 1 1.0  24
2500 12 15 2 1.0  24
2500 12 15 3 1.0  24
2500 12 15 4 1.0  24
2500 12 16 1 1.0  24
2500 12 16 2 1.0  24
2500 12 16 3 1.0  24
2500 12 16 4 1.0  24
2500 12 17 1 1.0  24
2500 12 17 2 1.0  24
2500 12 17 3 1.0  24
2500 12 17 4 1.0  24
2500 12 18 1 1.0  24
2500 12 18 2 1.0  24
2500 12 18 3 1.0  24
2500 12 18 4 1.0  24
2500 12 19 1 1.0  24
2500 12 19 2 1.0  24
2500 12 19 3 1.0  24
2500 12 19 4 1.0  24
2500 12 20 1 1.0  24
2500 12 20 2 1.0  24
2500 12 20 3 1.0  24
2500 12 20 4 1.0  24
2500 12 21 1 1.0  24
2500 12 21 2 1.0  24
2500 12 21 3 1.0  24
2500 12 21 4 1.0  24
2500 12 22 1 1.0  24
2500 12 22 2 1.0  24
2500 12 22 3 1.0  24
2500 12 22 4 1.0  24
2500 12 23 1 1.0  24
2500 12 23 2 1.0  24
2500 12 23 3 1.0  24
2500 12 23 4 1.0  24
2500 12 24 1 1.0  24
2500 12 24 2 1.0  24
2500 12 24 3 1.0  24
2500 12 24 4 1.0  24
2500 12 25 1 1.0  24
2500 12 25 2 1.0  24
2500 12 25 3 1.0  24
2500 12 25 4 1.0  24
3000 12 1 1 1.0  24
3000 12 1 2 1.0  24
3000 12 1 3 1.0  24
3000 12 1 4 1.0  24
3000 12 2 1 1.0  24
3000 12 2 2 1.0  24
3000 12 2 3 1.0  24
3000 12 2 4 1.0  24
3000 12 3 1 1.0  24
3000 12 3 2 1.0  24
3000 12 3 3 1.0  24
3000 12 3 4 1.0  24
3000 12 4 1 1.0  24
3000 12 4 2 1.0  24
3000 12 4 3 1.0  24
3000 12 4 4 1.0  24
3000 12 5 1 1.0  24
3000 12 5 2 1.0  24
3000 12 5 3 1.0  24
3000 12 5 4 1.0  24
3000 12 6 1 1.0  24
3000 12 6 2 1.0  24
3000 12 6 3 1.0  24
3000 12 6 4 1.0  24
3000 12 7 1 1.0  24
3000 12 7 2 1.0  24
3000 12 7 3 1.0  24
3000 12 7 4 1.0  24
3000 12 8 1 1.0  24
3000 12 8 2 1.0  24
3000 12 8 3 1.0  24
3000 12 8 4 1.0  24
3000 12 9 1 1.0  24
3000 12 9 2 1.0  24
3000 12 9 3 1.0  24
3000 12 9 4 1.0  24
3000 12 10 1 1.0  24
3000 12 10 2 1.0  24
3000 12 10 3 1.0  24
3000 12 10 4 1.0  24
3000 12 11 1 1.0  24
3000 12 11 2 1.0  24
3000 12 11 3 1.0  24
3000 12 11 4 1.0  24
3000 12 12 1 1.0  24
3000 12 12 2 1.0  24
3000 12 12 3 1.0  24
3000 12 12 4 1.0  24
3000 12 13 1 1.0  24
3000 12 13 2 1.0  24
3000 12 13 3 1.0  24
3000 12 13 4 1.0  24
3000 12 14 1 1.0  24
3000 12 14 2 1.0  24
3000 12 14 3 1.0  24
3000 12 14 4 1.0  24
3000 12 15 1 1.0  24
3000 12 15 2 1.0  24
3000 12 15 3 1.0  24
3000 12 15 4 1.0  24
3000 12 16 1 1.0  24
3000 12 16 2 1.0  24
3000 12 16 3 1.0  24
3000 12 16 4 1.0  24
3000 12 17 1 1.0  24
3000 12 17 2 1.0  24
3000 12 17 3 1.0  24
3000 12 17 4 1.0  24
3000 12 18 1 1.0  24
3000 12 18 2 1.0  24
3000 12 18 3 1.0  24
3000 12 18 4 1.0  24
3000 12 19 1 1.0  24
3000 12 19 2 1.0  24
3000 12 19 3 1.0  24
3000 12 19 4 1.0  24
3000 12 20 1 1.0  24
3000 12 20 2 1.0  24
3000 12 20 3 1.0  24
3000 12 20 4 1.0  24
3000 12 21 1 1.0  24
3000 12 21 2 1.0  24
3000 12 21 3 1.0  24
3000 12 21 4 1.0  24
3000 12 22 1 1.0  24
3000 12 22 2 1.0  24
3000 12 22 3 1.0  24
3000 12 22 4 1.0  24
3000 12 23 1 1.0  24
3000 12 23 2 1.0  24
3000 12 23 3 1.0  24
3000 12 23 4 1.0  24
3000 12 24 1 1.0  -1
3000 12 24 2 1.0  24
3000 12 24 3 1.0  24
3000 12 24 4 1.0  -1
3000 12 25 1 1.0  24
3000 12 25 2 1.0  24
3000 12 25 3 1.0  24
3000 12 25 4 1.0  24
3500 12 1 1 1.0  24
3500 12 1 2 1.0  24
3500 12 1 3 1.0  24
3500 12 1 4 1.0  24
3500 12 2 1 1.0  24
3500 12 2 2 1.0  24
3500 12 2 3 1.0  24
3500 12 2 4 1.0  24
3500 12 3 1 1.0  24
3500 12 3 2 1.0  24
3500 12 3 3 1.0  24
3500 12 3 4 1.0  24
3500 12 4 1 1.0  24
3500 12 4 2 1.0  24
3500 12 4 3 1.0  24
3500 12 4 4 1.0  24
3500 12 5 1 1.0  24
3500 12 5 2 1.0  -1
3500 12 5 3 1.0  24
3500 12 5 4 1.0  24
3500 12 6 1 1.0  24
3500 12 6 2 1.0  24
3500 12 6 3 1.0  24
3500 12 6 4 1.0  24
3500 12 7 1 1.0  24
3500 12 7 2 1.0  24
3500 12 7 3 1.0  24
3500 12 7 4 1.0  24
3500 12 8 1 1.0  24
3500 12 8 2 1.0  24
3500 12 8 3 1.0  24
3500 12 8 4 1.0  24
3500 12 9 1 1.0  24
3500 12 9 2 1.0  24
3500 12 9 3 1.0  24
3500 12 9 4 1.0  24
3500 12 10 1 1.0  24
3500 12 10 2 1.0  24
3500 12 10 3 1.0  24
3500 12 10 4 1.0  24
3500 12 11 1 1.0  24
3500 12 11 2 1.0  24
3500 12 11 3 1.0  24
3500 12 11 4 1.0  24
3500 12 12 1 1.0  24
3500 12 12 2 1.0  24
3500 12 12 3 1.0  24
3500 12 12 4 1.0  24
3500 12 13 1 1.0  24
3500 12 13 2 1.0  24
3500 12 13 3 1.0  24
3500 12 13 4 1.0  24
3500 12 14 1 1.0  24
3500 12 14 2 1.0  24
3500 12 14 3 1.0  24
3500 12 14 4 1.0  24
3500 12 15 1 1.0  24
3500 12 15 2 1.0  24
3500 12 15 3 1.0  24
3500 12 15 4 1.0  24
3500 12 16 1 1.0  24
3500 12 16 2 1.0  24
3500 12 16 3 1.0  24
3500 12 16 4 1.0  24
3500 12 17 1 1.0  24
3500 12 17 2 1.0  24
3500 12 17 3 1.0  24
3500 12 17 4 1.0  24
3500 12 18 1 1.0  24
3500 12 18 2 1.0  24
3500 12 18 3 1.0  24
3500 12 18 4 1.0  24
3500 12 19 1 1.0  24
3500 12 19 2 1.0  24
3500 12 19 3 1.0  24
3500 12 19 4 1.0  24
3500 12 20 1 1.0  24
3500 12 20 2 1.0  24
3500 12 20 3 1.0  24
3500 12 20 4 1.0  24
3500 12 21 1 1.0  24
3500 12 21 2 1.0  24
3500 12 21 3 1.0  24
3500 12 21 4 1.0  24
3500 12 22 1 1.0  24
3500 12 22 2 1.0  24
3500 12 22 3 1.0  24
3500 12 22 4 1.0  24
3500 12 23 1 1.0  24
3500 12 23 2 1.0  24
3500 12 23 3 1.0  24
3500 12 23 4 1.0  24
3500 12 24 1 1.0  24
3500 12 24 2 1.0  24
3500 12 24 3 1.0  24
3500 12 24 4 1.0  24
3500 12 25 1 1.0  24
3500 12 25 2 1.0  24
3500 12 25 3 1.0  24
3500 12 25 4 1.0  24
4000 12 1 1 1.0  24
4000 12 1 2 1.0  24
4000 12 1 3 1.0  24
4000 12 1 4 1.0  24
4000 12 2 1 1.0  24
4000 12 2 2 1.0  24
4000 12 2 3 1.0  24
4000 12 2 4 1.0  24
4000 12 3 1 1.0  24
4000 12 3 2 1.0  24
4000 12 3 3 1.0  24
4000 12 3 4 1.0  24
4000 12 4 1 1.0  24
4000 12 4 2 1.0  24
4000 12 4 3 1.0  24
4000 12 4 4 1.0  24
4000 12 5 1 1.0  24
4000 12 5 2 1.0  24
4000 12 5 3 1.0  24
4000 12 5 4 1.0  24
4000 12 6 1 1.0  24
4000 12 6 2 1.0  24
4000 12 6 3 1.0  24
4000 12 6 4 1.0  24
4000 12 7 1 1.0  24
4000 12 7 2 1.0  24
4000 12 7 3 1.0  24
4000 12 7 4 1.0  24
4000 12 8 1 1.0  24
4000 12 8 2 1.0  24
4000 12 8 3 1.0  24
4000 12 8 4 1.0  24
4000 12 9 1 1.0  24
4000 12 9 2 1.0  24
4000 12 9 3 1.0  24
4000 12 9 4 1.0  24
4000 12 10 1 1.0  24
4000 12 10 2 1.0  24
4000 12 10 3 1.0  24
4000 12 10 4 1.0  24
4000 12 11 1 1.0  24
4000 12 11 2 1.0  24
4000 12 11 3 1.0  24
4000 12 11 4 1.0  24
4000 12 12 1 1.0  24
4000 12 12 2 1.0  24
4000 12 12 3 1.0  24
4000 12 12 4 1.0  24
4000 12 13 1 1.0  24
4000 12 13 2 1.0  24
4000 12 13 3 1.0  24
4000 12 13 4 1.0  24
4000 12 14 1 1.0  24
4000 12 14 2 1.0  24
4000 12 14 3 1.0  24
4000 12 14 4 1.0  24
4000 12 15 1 1.0  24
4000 12 15 2 1.0  24
4000 12 15 3 1.0  24
4000 12 15 4 1.0  24
4000 12 16 1 1.0  24
4000 12 16 2 1.0  24
4000 12 16 3 1.0  24
4000 12 16 4 1.0  24
4000 12 17 1 1.0  24
4000 12 17 2 1.0  24
4000 12 17 3 1.0  24
4000 12 17 4 1.0  24
4000 12 18 1 1.0  24
4000 12 18 2 1.0  24
4000 12 18 3 1.0  24
4000 12 18 4 1.0  24
4000 12 19 1 1.0  24
4000 12 19 2 1.0  24
4000 12 19 3 1.0  24
4000 12 19 4 1.0  24
4000 12 20 1 1.0  24
4000 12 20 2 1.0  24
4000 12 20 3 1.0  24
4000 12 20 4 1.0  24
4000 12 21 1 1.0  24
4000 12 21 2 1.0  24
4000 12 21 3 1.0  24
4000 12 21 4 1.0  24
4000 12 22 1 1.0  24
4000 12 22 2 1.0  24
4000 12 22 3 1.0  24
4000 12 22 4 1.0  24
4000 12 23 1 1.0  24
4000 12 23 2 1.0  24
4000 12 23 3 1.0  24
4000 12 23 4 1.0  24
4000 12 24 1 1.0  24
4000 12 24 2 1.0  24
4000 12 24 3 1.0  24
4000 12 24 4 1.0  24
4000 12 25 1 1.0  24
4000 12 25 2 1.0  -1
4000 12 25 3 1.0  -1
4000 12 25 4 1.0  24
4500 12 1 1 1.0  24
4500 12 1 2 1.0  24
4500 12 1 3 1.0  24
4500 12 1 4 1.0  24
4500 12 2 1 1.0  24
4500 12 2 2 1.0  24
4500 12 2 3 1.0  24
4500 12 2 4 1.0  24
4500 12 3 1 1.0  24
4500 12 3 2 1.0  24
4500 12 3 3 1.0  24
4500 12 3 4 1.0  24
4500 12 4 1 1.0  24
4500 12 4 2 1.0  24
4500 12 4 3 1.0  24
4500 12 4 4 1.0  24
4500 12 5 1 1.0  24
4500 12 5 2 1.0  24
4500 12 5 3 1.0  24
4500 12 5 4 1.0  24
4500 12 6 1 1.0  24
4500 12 6 2 1.0  24
4500 12 6 3 1.0  24
4500 12 6 4 1.0  24
4500 12 7 1 1.0  24
4500 12 7 2 1.0  24
4500 12 7 3 1.0  24
4500 12 7 4 1.0  24
4500 12 8 1 1.0  -1
4500 12 8 2 1.0  -1
4500 12 8 3 1.0  24
4500 12 8 4 1.0  -1
4500 12 9 1 1.0  24
4500 12 9 2 1.0  24
4500 12 9 3 1.0  24
4500 12 9 4 1.0  24
4500 12 10 1 1.0  24
4500 12 10 2 1.0  24
4500 12 10 3 1.0  24
4500 12 10 4 1.0  24
4500 12 11 1 1.0  24
4500 12 11 2 1.0  24
4500 12 11 3 1.0  24
4500 12 11 4 1.0  24
4500 12 12 1 1.0  24
4500 12 12 2 1.0  24
4500 12 12 3 1.0  24
4500 12 12 4 1.0  24
4500 12 13 1 1.0  24
4500 12 13 2 1.0  24
4500 12 13 3 1.0  24
4500 12 13 4 1.0  24
4500 12 14 1 1.0  24
4500 12 14 2 1.0  24
4500 12 14 3 1.0  24
4500 12 14 4 1.0  24
4500 12 15 1 1.0  24
4500 12 15 2 1.0  24
4500 12 15 3 1.0  24
4500 12 15 4 1.0  24
4500 12 16 1 1.0  24
4500 12 16 2 1.0  24
4500 12 16 3 1.0  24
4500 12 16 4 1.0  24
4500 12 17 1 1.0  24
4500 12 17 2 1.0  24
4500 12 17 3 1.0  24
4500 12 17 4 1.0  24
4500 12 18 1 1.0  24
4500 12 18 2 1.0  24
4500 12 18 3 1.0  24
4500 12 18 4 1.0  24
4500 12 19 1 1.0  24
4500 12 19 2 1.0  24
4500 12 19 3 1.0  24
4500 12 19 4 1.0  24
4500 12 20 1 1.0  24
4500 12 20 2 1.0  24
4500 12 20 3 1.0  24
4500 12 20 4 1.0  24
4500 12 21 1 1.0  24
4500 12 21 2 1.0  24
4500 12 21 3 1.0  24
4500 12 21 4 1.0  24
4500 12 22 1 1.0  24
4500 12 22 2 1.0  24
4500 12 22 3 1.0  24
4500 12 22 4 1.0  24
4500 12 23 1 1.0  24
4500 12 23 2 1.0  24
4500 12 23 3 1.0  24
4500 12 23 4 1.0  24
4500 12 24 1 1.0  24
4500 12 24 2 1.0  24
4500 12 24 3 1.0  24
4500 12 24 4 1.0  24
4500 12 25 1 1.0  24
4500 12 25 2 1.0  24
4500 12 25 3 1.0  24
4500 12 25 4 1.0  24
5000 12 1 1 1.0  24
5000 12 1 2 1.0  24
5000 12 1 3 1.0  24
5000 12 1 4 1.0  24
5000 12 2 1 1.0  24
5000 12 2 2 1.0  24
5000 12 2 3 1.0  24
5000 12 2 4 1.0  24
5000 12 3 1 1.0  24
5000 12 3 2 1.0  24
5000 12 3 3 1.0  24
5000 12 3 4 1.0  24
5000 12 4 1 1.0  24
5000 12 4 2 1.0  24
5000 12 4 3 1.0  24
5000 12 4 4 1.0  24
5000 12 5 1 1.0  24
5000 12 5 2 1.0  24
5000 12 5 3 1.0  24
5000 12 5 4 1.0  24
5000 12 6 1 1.0  24
5000 12 6 2 1.0  24
5000 12 6 3 1.0  24
5000 12 6 4 1.0  24
5000 12 7 1 1.0  24
5000 12 7 2 1.0  24
5000 12 7 3 1.0  24
5000 12 7 4 1.0  24
5000 12 8 1 1.0  24
5000 12 8 2 1.0  24
5000 12 8 3 1.0  24
5000 12 8 4 1.0  24
5000 12 9 1 1.0  24
5000 12 9 2 1.0  24
5000 12 9 3 1.0  24
5000 12 9 4 1.0  24
5000 12 10 1 1.0  24
5000 12 10 2 1.0  24
5000 12 10 3 1.0  24
5000 12 10 4 1.0  24
5000 12 11 1 1.0  24
5000 12 11 2 1.0  24
5000 12 11 3 1.0  24
5000 12 11 4 1.0  24
5000 12 12 1 1.0  24
5000 12 12 2 1.0  24
5000 12 12 3 1.0  24
5000 12 12 4 1.0  24
5000 12 13 1 1.0  24
5000 12 13 2 1.0  24
5000 12 13 3 1.0  24
5000 12 13 4 1.0  24
5000 12 14 1 1.0  24
5000 12 14 2 1.0  24
5000 12 14 3 1.0  24
5000 12 14 4 1.0  24
5000 12 15 1 1.0  24
5000 12 15 2 1.0  24
5000 12 15 3 1.0  24
5000 12 15 4 1.0  24
5000 12 16 1 1.0  24
5000 12 16 2 1.0  24
5000 12 16 3 1.0  24
5000 12 16 4 1.0  24
5000 12 17 1 1.0  24
5000 12 17 2 1.0  24
5000 12 17 3 1.0  24
5000 12 17 4 1.0  24
5000 12 18 1 1.0  24
5000 12 18 2 1.0  24
5000 12 18 3 1.0  24
5000 12 18 4 1.0  24
5000 12 19 1 1.0  24
5000 12 19 2 1.0  24
5000 12 19 3 1.0  24
5000 12 19 4 1.0  24
5000 12 20 1 1.0  24
5000 12 20 2 1.0  24
5000 12 20 3 1.0  24
5000 12 20 4 1.0  24
5000 12 21 1 1.0  24
5000 12 21 2 1.0  24
5000 12 21 3 1.0  24
5000 12 21 4 1.0  24
5000 12 22 1 1.0  24
5000 12 22 2 1.0  24
5000 12 22 3 1.0  24
5000 12 22 4 1.0  24
5000 12 23 1 1.0  24
5000 12 23 2 1.0  24
5000 12 23 3 1.0  24
5000 12 23 4 1.0  24
5000 12 24 1 1.0  24
5000 12 24 2 1.0  24
5000 12 24 3 1.0  24
5000 12 24 4 1.0  24
5000 12 25 1 1.0  10
5000 12 25 2 1.0  24
5000 12 25 3 1.0  24
5000 12 25 4 1.0  -1
